##FastQC	0.11.7
>>Basic Statistics	pass
#Measure	Value
Filename	SRR615177_1_val_1.fq.gz
File type	Conventional base calls
Encoding	Sanger / Illumina 1.9
Total Sequences	38154157
Sequences flagged as poor quality	0
Sequence length	20-76
%GC	53
>>END_MODULE
>>Per base sequence quality	pass
#Base	Mean	Median	Lower Quartile	Upper Quartile	10th Percentile	90th Percentile
1	30.39047315342336	31.0	30.0	34.0	27.0	34.0
2	30.241111709007225	31.0	30.0	34.0	26.0	34.0
3	30.454552383374633	31.0	30.0	34.0	26.0	34.0
4	34.53124871819341	37.0	35.0	37.0	30.0	37.0
5	34.57267809638672	37.0	35.0	37.0	30.0	37.0
6	34.56699965877899	37.0	35.0	37.0	30.0	37.0
7	34.508719115455754	37.0	35.0	37.0	30.0	37.0
8	34.4278071980466	37.0	35.0	37.0	30.0	37.0
9	36.02127356659983	39.0	35.0	39.0	30.0	39.0
10-11	36.14646900729585	38.5	35.0	39.0	30.5	39.0
12-13	36.00917576294505	38.5	35.0	39.0	30.0	39.0
14-15	36.94060478128242	39.0	36.0	41.0	30.0	41.0
16-17	36.990462887176356	39.0	36.0	41.0	30.0	41.0
18-19	37.126856137851505	39.0	36.0	41.0	30.0	41.0
20-21	37.01951847438363	39.0	36.0	41.0	30.0	41.0
22-23	36.66300376035602	39.0	35.5	41.0	29.5	41.0
24-25	36.78928234354946	39.0	36.0	41.0	30.0	41.0
26-27	36.83513185069582	39.0	36.0	41.0	30.0	41.0
28-29	36.584324525361865	39.0	35.0	40.0	29.5	41.0
30-31	36.74428634158093	39.0	35.0	41.0	30.0	41.0
32-33	36.42248349567454	39.0	35.0	40.0	29.5	41.0
34-35	36.334609359253626	39.0	35.0	40.0	29.0	41.0
36-37	36.230731046698935	38.0	35.0	40.0	29.0	41.0
38-39	36.17899667413617	38.0	34.5	40.0	29.0	41.0
40-41	36.099608658104984	38.0	34.0	40.0	29.0	41.0
42-43	36.10594259605594	38.0	34.0	40.0	28.5	41.0
44-45	36.13885196835923	38.0	34.0	40.0	29.0	41.0
46-47	35.98263869798693	38.0	34.0	40.0	29.0	41.0
48-49	35.825208757952595	38.0	34.0	40.0	28.5	41.0
50-51	35.65353068951664	38.0	33.5	40.0	28.0	41.0
52-53	35.48458155407887	37.0	33.0	40.0	28.0	41.0
54-55	35.32584428628378	37.0	33.0	40.0	28.0	41.0
56-57	35.08547346071752	36.0	33.0	39.5	28.0	41.0
58-59	34.82031862412034	36.0	33.0	39.0	28.0	40.5
60-61	34.59601483062022	35.0	33.0	39.0	27.5	40.0
62-63	34.31687923416839	35.0	32.5	38.5	27.0	40.0
64-65	34.06583410914183	35.0	32.0	38.0	27.5	40.0
66-67	33.801742665819305	35.0	32.0	37.0	27.0	39.5
68-69	33.422148407975314	35.0	31.5	36.5	26.5	39.0
70-71	33.22729583334588	34.0	31.0	36.0	26.5	39.0
72-73	33.168790549333906	34.0	31.0	36.0	27.0	38.5
74-75	33.293772278808234	34.0	32.0	35.0	28.5	37.5
76	31.398711097233846	32.0	29.0	34.0	26.0	36.0
>>END_MODULE
>>Per sequence quality scores	pass
#Quality	Count
13	1.0
14	2.0
15	8.0
16	27.0
17	36.0
18	239.0
19	3979.0
20	47807.0
21	126194.0
22	224835.0
23	324524.0
24	427517.0
25	534864.0
26	654472.0
27	776928.0
28	905355.0
29	1002850.0
30	1167396.0
31	1382640.0
32	1645988.0
33	2021750.0
34	2573960.0
35	3372609.0
36	4548074.0
37	5734487.0
38	6413500.0
39	4199129.0
40	64986.0
>>END_MODULE
>>Per base sequence content	fail
#Base	G	A	T	C
1	28.64772832354384	11.979902427532844	18.12145419058743	41.250915058335885
2	26.272097390164046	18.347679159471927	29.531582909130123	25.8486405412339
3	29.936653736711328	19.800425142529424	23.492532280770455	26.7703888399888
4	31.289444266065562	26.07791152553257	17.791123721405683	24.84152048699618
5	31.873046534844175	27.907202298699442	18.97382245285549	21.245928713600893
6	26.20804578389108	30.884064311122444	18.366429969429703	24.541459935556773
7	22.69148960653613	16.887337505387283	35.83890121827938	24.5822716697972
8	23.902034080148788	20.423689243495303	24.813361664521803	30.860915011834106
9	24.05182830415479	19.87205236703986	26.95504545176208	29.121073877043273
10-11	28.07905884605387	27.14400434366162	18.831643937180054	25.945292873104453
12-13	25.886437987198136	21.503252760393504	24.975842010615754	27.63446724179261
14-15	26.36195862351198	23.445799392310608	24.34818237884226	25.84405960533515
16-17	26.823384615158812	22.884268250082926	23.720071652535214	26.572275482223052
18-19	26.27067958167893	23.731024388745176	23.348253647899206	26.650042381676688
20-21	26.802390755981314	23.258231778917093	23.486044897548677	26.453332567552913
22-23	26.476258763836935	23.493955010704163	23.697282548590227	26.33250367686868
24-25	26.66475929782313	23.390928189132225	23.362930824091467	26.581381688953176
26-27	26.54263657830392	23.438914932743124	23.521685937027254	26.496762551925702
28-29	26.489174102278273	23.344478882211032	23.628334356606647	26.538012658904048
30-31	26.32169363907807	23.29971603683065	23.70017211350444	26.67841821058684
32-33	26.725610121579102	23.45013713072269	23.748150293683643	26.07610245401456
34-35	26.496737159091023	23.642289572911555	23.407954534441544	26.45301873355588
36-37	26.535798677016302	23.191336991046676	23.71948088139578	26.553383450541247
38-39	26.24573369007819	23.323562614351697	23.65468935146974	26.776014344100375
40-41	26.54113099753822	23.551993869794664	23.337599892908393	26.56927523975872
42-43	26.28926325818968	23.44014395607241	23.760250450811732	26.51034233492617
44-45	26.172127693514657	23.6362373031398	23.71911907459441	26.47251592875113
46-47	26.709777668967583	23.49694228106472	23.334297017492684	26.458983032475018
48-49	26.551996372349784	23.795202127384922	23.49548196556	26.157319534705298
50-51	26.163276311354345	23.554760602794474	23.556138335360476	26.725824750490705
52-53	26.602056024677395	23.420091484436504	23.469411829079363	26.50844066180674
54-55	26.56645537150723	23.33560875700916	23.60533434913326	26.492601522350352
56-57	26.29173346043378	23.267642238155954	23.74638453318084	26.694239768229426
58-59	26.46185781123311	23.36190855437908	23.276471388032466	26.89976224635534
60-61	26.82928566036541	23.474869962604618	23.38614033361815	26.30970404341182
62-63	26.14194273038629	23.483718260194586	23.92870406814178	26.445634941277348
64-65	26.381008341129565	23.380316142646414	23.806705698650944	26.431969817573076
66-67	25.95593351967249	23.687691392617996	23.676411135739478	26.679963951970038
68-69	26.326204120146286	23.455931718487673	23.54526167062537	26.672602490740672
70-71	26.105157373700404	23.829996795712532	23.556167449988372	26.50867838059869
72-73	25.97876745013498	23.799001559707673	23.528300561664686	26.693930428492656
74-75	26.862967768231044	20.295660621654175	25.085998625243413	27.755372984871375
76	27.858408828573555	0.0	33.987294780295905	38.15429639113055
>>END_MODULE
>>Per sequence GC content	pass
#GC Content	Count
0	4651.0
1	3891.0
2	2545.5
3	1914.0
4	1933.0
5	2130.5
6	2463.5
7	2859.0
8	3255.5
9	3767.5
10	4413.5
11	5145.5
12	5808.5
13	6409.0
14	7241.0
15	8496.5
16	10087.5
17	11762.0
18	14736.0
19	20289.0
20	27715.5
21	34835.0
22	46798.0
23	65939.5
24	85466.0
25	101743.5
26	129315.0
27	168754.0
28	205870.5
29	235233.0
30	272893.5
31	324204.0
32	369295.5
33	402567.5
34	447844.0
35	508757.5
36	566180.5
37	612854.5
38	667021.0
39	732928.0
40	792922.5
41	886879.5
42	963988.5
43	1013028.5
44	1108891.0
45	1208880.0
46	1282770.0
47	1373596.5
48	1491218.0
49	1609327.5
50	1727452.0
51	1882470.5
52	1986269.0
53	1985209.0
54	1949423.0
55	1959902.5
56	2038353.5
57	2039405.5
58	1990372.5
59	1921758.0
60	1828481.0
61	1681569.5
62	1554372.0
63	1538513.5
64	1450223.0
65	1297264.5
66	1157152.5
67	1057944.0
68	946900.5
69	813625.5
70	681349.5
71	570194.5
72	491907.5
73	373640.0
74	278694.5
75	241624.5
76	209839.5
77	164327.0
78	123069.0
79	100408.5
80	89515.0
81	75219.5
82	58092.0
83	44651.0
84	33770.0
85	25546.5
86	19934.0
87	16374.5
88	13826.0
89	11494.5
90	10457.0
91	10073.5
92	9873.5
93	8266.0
94	5750.0
95	3575.5
96	1965.5
97	1563.5
98	1150.0
99	731.5
100	709.0
>>END_MODULE
>>Per base N content	pass
#Base	N-Count
1	1.6491702332723537
2	0.7380191888396328
3	0.7395052654419806
4	0.004998144763098815
5	0.013841217878303537
6	0.0071997397295398245
7	0.010806161960281287
8	0.0067174855940336994
9	0.01462750179488961
10-11	0.01251895042524462
12-13	0.0111442640444133
14-15	7.613849258941824E-4
16-17	7.600744526998723E-5
18-19	0.02084962852147408
20-21	8.169131924045746E-4
22-23	0.0018773804474139426
24-25	0.03681473905607768
26-27	0.004474444031162381
28-29	0.003486548244882745
30-31	0.004718746438439111
32-33	0.0027650051197900824
34-35	0.0023967362253968275
36-37	0.002123804017778653
38-39	9.961231157557251E-4
40-41	0.001009242799579539
42-43	0.0010032248255303908
44-45	0.0014876412873021459
46-47	0.0011924117538471498
48-49	0.0017549476876829832
50-51	8.560862335938368E-4
52-53	0.0014359843696349261
54-55	0.0013870052821853918
56-57	0.0021197534253694266
58-59	9.756852223277772E-4
60-61	7.205468730363773E-4
62-63	3.9565523303217946E-4
64-65	5.743429186763165E-5
66-67	7.057371463701456E-4
68-69	1.1909469856124635E-4
70-71	1.717272932951796E-4
72-73	2.047658424658135E-4
74-75	0.0
76	0.0
>>END_MODULE
>>Sequence Length Distribution	warn
#Length	Count
20-21	94489.0
22-23	99355.0
24-25	109502.0
26-27	99015.0
28-29	88559.0
30-31	113978.0
32-33	114105.0
34-35	115705.0
36-37	132448.0
38-39	147088.0
40-41	124241.0
42-43	147161.0
44-45	130208.0
46-47	133365.0
48-49	142692.0
50-51	144199.0
52-53	163018.0
54-55	175646.0
56-57	207866.0
58-59	226141.0
60-61	240843.0
62-63	293656.0
64-65	375597.0
66-67	415000.0
68-69	487611.0
70-71	661821.0
72-73	1463124.0
74-75	1.0235522E7
76-77	2.1272202E7
>>END_MODULE
>>Sequence Duplication Levels	pass
#Total Deduplicated Percentage	78.89183099731987
#Duplication Level	Percentage of deduplicated	Percentage of total
1	88.81107547579383	70.06468357126546
2	7.27408788799857	11.477322246392694
3	1.8393418252665854	4.353271332757
4	0.7648784476246179	2.4137064489397493
5	0.3883333627828548	1.5318165013642941
6	0.2303758890069917	1.0904865420838146
7	0.1499320552761925	0.8279890056151141
8	0.0939591821241261	0.5930089533426364
9	0.07083935730797512	0.5029781944229577
>10	0.3538388090769513	4.8899209318161585
>50	0.017873817974380105	0.9557856930957429
>100	0.00523956642282958	0.6356062222412565
>500	1.131029286372063E-4	0.06047709411139399
>1k	5.561675406547031E-5	0.11192796887609908
>5k	2.383014055978679E-5	0.1556830833497412
>10k+	3.1773520746382385E-5	0.33533621032596717
>>END_MODULE
>>Overrepresented sequences	pass
>>END_MODULE
>>Adapter Content	pass
#Position	Illumina Universal Adapter	Illumina Small RNA 3' Adapter	Illumina Small RNA 5' Adapter	Nextera Transposase Sequence	SOLID Small RNA Adapter
1	3.145135666344299E-5	2.620946388620249E-6	0.0	5.241892777240498E-6	7.862839165860747E-6
2	3.145135666344299E-5	1.5725678331721495E-5	0.0	1.5725678331721495E-5	7.862839165860747E-6
3	3.145135666344299E-5	1.8346624720341745E-5	0.0	2.3588517497582243E-5	7.862839165860747E-6
4	3.145135666344299E-5	2.3588517497582243E-5	0.0	2.620946388620249E-5	1.0483785554480996E-5
5	3.145135666344299E-5	2.620946388620249E-5	0.0	2.620946388620249E-5	1.0483785554480996E-5
6	3.145135666344299E-5	2.620946388620249E-5	0.0	2.620946388620249E-5	1.0483785554480996E-5
7	3.145135666344299E-5	3.669324944068349E-5	0.0	2.620946388620249E-5	1.0483785554480996E-5
8	3.145135666344299E-5	3.931419582930374E-5	0.0	2.620946388620249E-5	1.0483785554480996E-5
9	3.669324944068349E-5	4.1935142217923985E-5	0.0	3.4072303052063236E-5	1.0483785554480996E-5
10	3.669324944068349E-5	4.9797981383784734E-5	0.0	3.4072303052063236E-5	1.0483785554480996E-5
11	3.669324944068349E-5	4.9797981383784734E-5	0.0	3.4072303052063236E-5	1.0483785554480996E-5
12	3.669324944068349E-5	5.503987416102523E-5	0.0	3.669324944068349E-5	1.0483785554480996E-5
13	3.669324944068349E-5	5.766082054964548E-5	0.0	3.931419582930374E-5	1.0483785554480996E-5
14	3.669324944068349E-5	6.290271332688598E-5	2.620946388620249E-6	3.931419582930374E-5	1.0483785554480996E-5
15	3.669324944068349E-5	6.552365971550623E-5	2.620946388620249E-6	4.717703499516449E-5	1.0483785554480996E-5
16	3.669324944068349E-5	7.076555249274673E-5	2.620946388620249E-6	4.717703499516449E-5	1.5725678331721495E-5
17	3.931419582930374E-5	7.600744526998723E-5	2.620946388620249E-6	5.241892777240498E-5	1.8346624720341745E-5
18	3.931419582930374E-5	7.600744526998723E-5	2.620946388620249E-6	5.241892777240498E-5	1.8346624720341745E-5
19	4.455608860654423E-5	7.600744526998723E-5	2.620946388620249E-6	6.814460610412647E-5	2.3588517497582243E-5
20	4.455608860654423E-5	7.862839165860748E-5	2.620946388620249E-6	7.076555249274673E-5	2.3588517497582243E-5
21	4.455608860654423E-5	8.387028443584797E-5	2.620946388620249E-6	7.076555249274673E-5	2.3588517497582243E-5
22	4.455608860654423E-5	8.387028443584797E-5	2.620946388620249E-6	7.338649888136698E-5	2.3588517497582243E-5
23	4.455608860654423E-5	9.173312360170873E-5	2.620946388620249E-6	7.338649888136698E-5	2.3588517497582243E-5
24	4.455608860654423E-5	9.435406999032897E-5	2.620946388620249E-6	8.124933804722772E-5	2.3588517497582243E-5
25	4.455608860654423E-5	9.435406999032897E-5	2.620946388620249E-6	8.124933804722772E-5	2.3588517497582243E-5
26	4.455608860654423E-5	9.435406999032897E-5	2.620946388620249E-6	8.387028443584797E-5	2.3588517497582243E-5
27	4.455608860654423E-5	9.435406999032897E-5	2.620946388620249E-6	8.387028443584797E-5	2.883041027482274E-5
28	4.455608860654423E-5	9.435406999032897E-5	2.620946388620249E-6	8.387028443584797E-5	3.145135666344299E-5
29	4.717703499516449E-5	1.0221690915618972E-4	2.620946388620249E-6	8.387028443584797E-5	3.145135666344299E-5
30	4.717703499516449E-5	1.0483785554480996E-4	2.620946388620249E-6	8.649123082446822E-5	3.145135666344299E-5
31	4.717703499516449E-5	1.0745880193343021E-4	2.620946388620249E-6	8.911217721308847E-5	3.145135666344299E-5
32	4.9797981383784734E-5	1.1007974832205046E-4	2.620946388620249E-6	9.697501637894922E-5	3.145135666344299E-5
33	5.241892777240498E-5	1.1270069471067072E-4	5.241892777240498E-6	9.697501637894922E-5	3.145135666344299E-5
34	5.241892777240498E-5	1.1532164109929097E-4	5.241892777240498E-6	9.697501637894922E-5	3.145135666344299E-5
35	5.241892777240498E-5	1.2056353387653146E-4	5.241892777240498E-6	9.697501637894922E-5	3.145135666344299E-5
36	5.241892777240498E-5	1.2056353387653146E-4	5.241892777240498E-6	9.697501637894922E-5	3.669324944068349E-5
37	5.241892777240498E-5	1.231844802651517E-4	5.241892777240498E-6	9.959596276756947E-5	3.669324944068349E-5
38	5.241892777240498E-5	1.2580542665377196E-4	5.241892777240498E-6	9.959596276756947E-5	3.669324944068349E-5
39	5.241892777240498E-5	1.2580542665377196E-4	5.241892777240498E-6	9.959596276756947E-5	3.931419582930374E-5
40	5.241892777240498E-5	1.284263730423922E-4	5.241892777240498E-6	1.0745880193343021E-4	3.931419582930374E-5
41	5.241892777240498E-5	1.336682658196327E-4	5.241892777240498E-6	1.1532164109929097E-4	3.931419582930374E-5
42	5.241892777240498E-5	1.3628921220825295E-4	5.241892777240498E-6	1.231844802651517E-4	3.931419582930374E-5
43	5.241892777240498E-5	1.4153110498549347E-4	5.241892777240498E-6	1.231844802651517E-4	3.931419582930374E-5
44	5.241892777240498E-5	1.5201489053997446E-4	5.241892777240498E-6	1.231844802651517E-4	3.931419582930374E-5
45	5.241892777240498E-5	1.546358369285947E-4	5.241892777240498E-6	1.231844802651517E-4	3.931419582930374E-5
46	5.241892777240498E-5	1.598777297058352E-4	5.241892777240498E-6	1.231844802651517E-4	3.931419582930374E-5
47	5.241892777240498E-5	1.598777297058352E-4	7.862839165860747E-6	1.284263730423922E-4	3.931419582930374E-5
48	5.241892777240498E-5	1.598777297058352E-4	7.862839165860747E-6	1.336682658196327E-4	3.931419582930374E-5
49	5.241892777240498E-5	1.6249867609445545E-4	7.862839165860747E-6	1.3628921220825295E-4	3.931419582930374E-5
50	5.241892777240498E-5	1.651196224830757E-4	7.862839165860747E-6	1.3628921220825295E-4	3.931419582930374E-5
51	5.241892777240498E-5	1.6774056887169594E-4	7.862839165860747E-6	1.3628921220825295E-4	4.455608860654423E-5
52	5.241892777240498E-5	1.7298246164893644E-4	7.862839165860747E-6	1.3628921220825295E-4	4.455608860654423E-5
53	5.241892777240498E-5	1.808453008147972E-4	7.862839165860747E-6	1.3628921220825295E-4	4.455608860654423E-5
54	5.241892777240498E-5	1.8346624720341745E-4	7.862839165860747E-6	1.389101585968732E-4	4.455608860654423E-5
55	5.241892777240498E-5	1.860871935920377E-4	7.862839165860747E-6	1.389101585968732E-4	4.9797981383784734E-5
56	5.241892777240498E-5	1.965709791465187E-4	7.862839165860747E-6	1.4415205137411372E-4	4.9797981383784734E-5
57	5.241892777240498E-5	1.9919192553513894E-4	7.862839165860747E-6	1.4677299776273396E-4	5.241892777240498E-5
58	5.241892777240498E-5	1.9919192553513894E-4	7.862839165860747E-6	1.4677299776273396E-4	5.241892777240498E-5
59	5.241892777240498E-5	2.0181287192375918E-4	7.862839165860747E-6	1.4677299776273396E-4	5.503987416102523E-5
60	5.241892777240498E-5	2.0181287192375918E-4	7.862839165860747E-6	1.546358369285947E-4	5.503987416102523E-5
61	5.241892777240498E-5	2.0967571108961993E-4	7.862839165860747E-6	1.5725678331721495E-4	5.503987416102523E-5
62	5.241892777240498E-5	2.1753855025548067E-4	7.862839165860747E-6	1.5725678331721495E-4	5.503987416102523E-5
63	5.241892777240498E-5	2.1753855025548067E-4	7.862839165860747E-6	1.6249867609445545E-4	5.766082054964548E-5
64	5.241892777240498E-5	2.1753855025548067E-4	7.862839165860747E-6	1.6774056887169594E-4	6.028176693826573E-5
65	5.503987416102523E-5	2.227804430327212E-4	1.0483785554480996E-5	1.703615152603162E-4	6.290271332688598E-5
>>END_MODULE
