##FastQC	0.11.7
>>Basic Statistics	pass
#Measure	Value
Filename	SRR1079830_2_val_2.fq.gz
File type	Conventional base calls
Encoding	Sanger / Illumina 1.9
Total Sequences	26175796
Sequences flagged as poor quality	0
Sequence length	20-76
%GC	49
>>END_MODULE
>>Per base sequence quality	pass
#Base	Mean	Median	Lower Quartile	Upper Quartile	10th Percentile	90th Percentile
1	31.86456855027446	33.0	31.0	34.0	30.0	34.0
2	31.997075924644278	34.0	31.0	34.0	30.0	34.0
3	32.06607852536748	34.0	31.0	34.0	30.0	34.0
4	35.510142232159815	37.0	35.0	37.0	33.0	37.0
5	35.51300697789668	37.0	35.0	37.0	33.0	37.0
6	35.50940888292375	37.0	35.0	37.0	33.0	37.0
7	35.504159185837175	37.0	35.0	37.0	33.0	37.0
8	35.52065159737645	37.0	35.0	37.0	33.0	37.0
9	37.16001790356251	39.0	37.0	39.0	33.0	39.0
10-11	37.182501040274005	39.0	37.0	39.0	33.0	39.0
12-13	37.14147109413597	39.0	37.0	39.0	33.0	39.0
14-15	38.5105665363529	40.0	38.0	41.0	33.0	41.0
16-17	38.48718424837969	40.0	38.0	41.0	33.0	41.0
18-19	38.48242120316036	40.0	38.0	41.0	33.0	41.0
20-21	38.48038071235368	40.0	38.0	41.0	33.0	41.0
22-23	38.45330435927049	40.0	38.0	41.0	33.0	41.0
24-25	38.431810139424606	40.0	38.0	41.0	33.0	41.0
26-27	38.37183429951155	40.0	38.0	41.0	33.0	41.0
28-29	38.31538603991863	40.0	38.0	41.0	33.0	41.0
30-31	38.24932283540627	40.0	38.0	41.0	33.0	41.0
32-33	38.200489721693394	40.0	38.0	41.0	33.0	41.0
34-35	38.140353642021694	40.0	38.0	41.0	33.0	41.0
36-37	38.07385314992149	40.0	38.0	41.0	32.0	41.0
38-39	38.00898022497269	40.0	37.0	41.0	32.0	41.0
40-41	37.943414430467236	40.0	37.0	41.0	32.0	41.0
42-43	37.86508857381945	40.0	37.0	41.0	32.0	41.0
44-45	37.75800296194153	40.0	37.0	41.0	32.0	41.0
46-47	37.63840461635175	40.0	36.5	41.0	32.0	41.0
48-49	37.53770959107814	40.0	36.0	41.0	31.0	41.0
50-51	37.41389867346434	40.0	36.0	41.0	31.0	41.0
52-53	37.3020949316022	39.0	35.0	41.0	31.0	41.0
54-55	37.157565146152336	39.0	35.0	41.0	31.0	41.0
56-57	36.98454596292612	39.0	35.0	41.0	31.0	41.0
58-59	36.79887112967933	38.5	35.0	41.0	31.0	41.0
60-61	36.625816985686726	38.0	35.0	41.0	31.0	41.0
62-63	36.446635899969294	37.5	35.0	40.0	31.0	41.0
64-65	36.25873021455238	37.0	35.0	40.0	31.0	41.0
66-67	36.034027987136724	37.0	34.5	40.0	30.5	41.0
68-69	35.78982499973089	36.0	34.0	39.0	30.0	41.0
70-71	35.58388535237269	36.0	34.0	39.0	30.0	41.0
72-73	35.40376951648847	35.0	34.0	39.0	30.5	41.0
74-75	35.276139124018286	35.0	34.0	37.5	31.0	40.0
76	34.70801064696266	35.0	34.0	37.0	30.0	39.0
>>END_MODULE
>>Per sequence quality scores	pass
#Quality	Count
16	1.0
17	2.0
18	24.0
19	1413.0
20	19206.0
21	47447.0
22	83239.0
23	122797.0
24	164333.0
25	208214.0
26	253039.0
27	295427.0
28	342142.0
29	394059.0
30	459308.0
31	537005.0
32	644820.0
33	791037.0
34	1015592.0
35	1372412.0
36	2004229.0
37	3151157.0
38	4933428.0
39	7193747.0
40	2141718.0
>>END_MODULE
>>Per base sequence content	fail
#Base	G	A	T	C
1	25.55339076888495	12.835800240800394	16.206080640034376	45.40472835028028
2	22.695760646922686	20.785364098872986	34.971230689873316	21.54764456433101
3	27.35020564126176	23.083934404700948	24.291203727467394	25.274656226569892
4	26.871189176161487	30.28361048496867	18.887594689897632	23.957605648972212
5	27.736524796577356	31.504656215339534	20.673831548839686	20.084987439243427
6	21.862708720702244	33.16145339420659	21.473094068541137	23.50274381655003
7	19.667386605275443	16.012342175864582	40.00070145970479	24.319569759155186
8	21.009525214748763	20.766906685965914	27.17171645006272	31.051851649222602
9	21.380005216424504	20.580605544592387	29.723002663188336	28.316386575794773
10-11	25.72446395607042	29.512052522613658	20.349905359712462	24.41357816160346
12-13	23.222047115102455	23.48375396163887	27.537245432097674	25.756953491161006
14-15	23.710718715918137	24.88305170550145	26.498967775737707	24.9072618028427
16-17	24.65322293314641	25.040677633792264	25.369128275729068	24.936971157332263
18-19	24.489901797195692	25.542816807389677	25.055893447127385	24.911387948287242
20-21	24.373058592545092	25.50143132902054	25.38989207644492	24.735618001989444
22-23	24.45294072533353	25.598952015023247	25.455787364183212	24.492319895460017
24-25	24.37771362132698	25.629778697754187	25.424341796419665	24.568165884499173
26-27	24.26763973666011	25.6957163181094	25.479411780537525	24.55723216469296
28-29	24.43865530007768	25.444806289936995	25.444054602427297	24.672483807558027
30-31	24.184586625494642	25.622824565602297	25.48172350508004	24.71086530382302
32-33	24.206280487404072	25.677550296012203	25.53555138978107	24.580617826802655
34-35	24.552058350879182	25.585727216444422	25.273159887219048	24.589054545457344
36-37	24.37987342919536	25.543168358316265	25.371452769416564	24.70550544307181
38-39	24.308503202852414	25.635279286769936	25.50350496388286	24.552712546494792
40-41	24.367336905745447	25.581760927586927	25.52287609678046	24.528026069887165
42-43	24.134905447558445	25.533917203882005	25.692591509596745	24.638585838962808
44-45	24.245652913038096	25.581588208222744	25.626597404249303	24.54616147448986
46-47	24.39716719550895	25.577223987101732	25.438541285710258	24.587067531679065
48-49	24.27452631480621	25.533518396043608	25.585577135177477	24.606378153972706
50-51	24.17675079421267	25.686011269254074	25.59196692734004	24.545271009193222
52-53	24.315236314398092	25.629448785358257	25.47038376543825	24.5849311348054
54-55	24.207365450276864	25.579599952157245	25.60000440203487	24.613030195531028
56-57	24.207066463243454	25.617442055896817	25.660622807362405	24.514868673497325
58-59	24.323745453870004	25.589790711160816	25.518291089585205	24.56817274538398
60-61	24.13059240568665	25.684824493543758	25.670133765334658	24.51444933543494
62-63	24.040160150656465	25.712766293208045	25.816458371940175	24.430615184195318
64-65	24.225124742534813	25.631624294858184	25.688238542851384	24.45501241975562
66-67	24.20002627287045	25.608732064136973	25.644240898902883	24.547000764089695
68-69	24.147204467583126	25.72080372779706	25.68178077772491	24.4502110268949
70-71	24.217873685414823	25.597218272099493	25.72832228597027	24.45658575651542
72-73	24.085902412221174	25.519694573328128	25.889505819081233	24.504897195369466
74-75	24.26906721866385	22.1780211062221	27.48955209569045	26.0633595794236
76	25.317731987725438	0.0	37.67903673734605	37.0032312749285
>>END_MODULE
>>Per sequence GC content	pass
#GC Content	Count
0	731.0
1	712.0
2	790.0
3	898.5
4	937.0
5	1048.5
6	1277.0
7	1561.5
8	1837.5
9	2136.0
10	2527.0
11	3035.5
12	3474.0
13	4094.0
14	5278.0
15	7017.5
16	9085.5
17	11346.0
18	16079.5
19	24525.5
20	34687.0
21	43560.0
22	58703.5
23	85765.5
24	114678.0
25	137751.0
26	175200.0
27	232240.5
28	284831.5
29	322603.0
30	373199.5
31	442930.5
32	502524.5
33	540403.5
34	590872.0
35	660451.5
36	717378.5
37	754030.5
38	792725.0
39	845468.0
40	889784.5
41	932772.0
42	960412.5
43	972636.0
44	990279.0
45	997256.0
46	993068.0
47	1006232.5
48	1026706.0
49	1038296.0
50	1045075.0
51	1055233.5
52	1065354.5
53	1067816.5
54	1064230.5
55	1049112.5
56	1032393.0
57	1006972.0
58	983250.5
59	959254.5
60	919922.5
61	856863.5
62	804169.0
63	745425.5
64	656333.5
65	580540.0
66	505102.5
67	450626.5
68	401069.0
69	335002.5
70	270054.0
71	225662.5
72	194405.5
73	157690.5
74	126593.0
75	106395.0
76	92522.0
77	77341.5
78	62993.0
79	52090.0
80	44192.0
81	36085.0
82	29227.5
83	23571.0
84	18211.0
85	12068.0
86	8045.5
87	6065.0
88	4616.5
89	3205.5
90	2313.0
91	1725.5
92	1350.0
93	920.5
94	496.5
95	316.5
96	264.0
97	256.5
98	157.5
99	121.0
100	182.0
>>END_MODULE
>>Per base N content	pass
#Base	N-Count
1	0.06571337887871681
2	0.04509509472032866
3	0.04409799037247998
4	0.04270357241476057
5	0.046474231385360734
6	0.015430285291037567
7	0.006895683325160389
8	0.005245303714928096
9	0.002976031750858694
10-11	0.0024163544061850117
12-13	0.0027009684824866455
14-15	0.002930187872796686
16-17	0.001826114476136657
18-19	0.0012282338997446343
20-21	7.030738829584118E-4
22-23	5.124332854405791E-4
24-25	5.511560670743155E-4
26-27	3.620419025382432E-4
28-29	3.0872784549325707E-4
30-31	1.9389096040796502E-4
32-33	7.188209307124277E-4
34-35	3.656307551964694E-4
36-37	7.129680584721677E-5
38-39	1.447261585218033E-4
40-41	2.357784115063421E-4
42-43	4.297265468026409E-4
44-45	1.9583508793169952E-4
46-47	4.8560173377689103E-4
48-49	3.055286558439984E-4
50-51	3.1977820807445437E-4
52-53	2.891763179914094E-4
54-55	5.541676885969228E-4
56-57	1.4524413487990596E-4
58-59	1.5347887617099957E-4
60-61	1.9532356324869965E-4
62-63	9.696017196697799E-5
64-65	1.9853463176570786E-4
66-67	1.4350204503369218E-4
68-69	2.58310116793818E-4
70-71	3.6256070827281756E-5
72-73	2.4436995052771077E-5
74-75	0.0
76	0.0
>>END_MODULE
>>Sequence Length Distribution	warn
#Length	Count
20-21	20577.0
22-23	22370.0
24-25	24411.0
26-27	26564.0
28-29	28840.0
30-31	30260.0
32-33	31962.0
34-35	34111.0
36-37	36187.0
38-39	38751.0
40-41	40904.0
42-43	42562.0
44-45	45280.0
46-47	47628.0
48-49	49684.0
50-51	51983.0
52-53	55712.0
54-55	58227.0
56-57	62672.0
58-59	66873.0
60-61	72555.0
62-63	80534.0
64-65	93785.0
66-67	111296.0
68-69	136884.0
70-71	202333.0
72-73	855260.0
74-75	7882298.0
76-77	1.5925293E7
>>END_MODULE
>>Sequence Duplication Levels	pass
#Total Deduplicated Percentage	83.59963917650111
#Duplication Level	Percentage of deduplicated	Percentage of total
1	89.43206836881058	74.76488646440743
2	7.421857742433622	12.40929258573544
3	1.7390818595484963	4.3615984786995865
4	0.6171594516687795	2.0637722989550897
5	0.29232016332195865	1.221893008886581
6	0.15327313952614355	0.7688147495901068
7	0.08929122569271611	0.5225299974677015
8	0.05382275501607446	0.35996503190632323
9	0.03917245058766319	0.29473224613091653
>10	0.1493727082094793	2.1233887575593533
>50	0.00868430935193314	0.5023902957148791
>100	0.0037909630445334282	0.5497218990542999
>500	1.0486278775543967E-4	0.057014185892275394
>1k	0.0	0.0
>5k	0.0	0.0
>10k+	0.0	0.0
>>END_MODULE
>>Overrepresented sequences	pass
>>END_MODULE
>>Adapter Content	pass
#Position	Illumina Universal Adapter	Illumina Small RNA 3' Adapter	Illumina Small RNA 5' Adapter	Nextera Transposase Sequence	SOLID Small RNA Adapter
1	0.0	0.0	0.0	0.0	0.0
2	0.0	7.640646343668021E-6	0.0	2.292193903100406E-5	0.0
3	0.0	1.146096951550203E-5	0.0	2.292193903100406E-5	0.0
4	0.0	1.146096951550203E-5	0.0	2.292193903100406E-5	0.0
5	0.0	1.146096951550203E-5	0.0	2.292193903100406E-5	0.0
6	0.0	1.146096951550203E-5	0.0	2.292193903100406E-5	0.0
7	0.0	1.146096951550203E-5	0.0	2.292193903100406E-5	0.0
8	0.0	1.146096951550203E-5	0.0	2.674226220283807E-5	0.0
9	0.0	1.146096951550203E-5	0.0	3.438290854650609E-5	0.0
10	0.0	1.5281292687336042E-5	0.0	3.438290854650609E-5	0.0
11	0.0	2.674226220283807E-5	0.0	3.438290854650609E-5	0.0
12	0.0	3.438290854650609E-5	0.0	3.438290854650609E-5	0.0
13	0.0	3.438290854650609E-5	0.0	3.438290854650609E-5	0.0
14	0.0	3.438290854650609E-5	0.0	3.438290854650609E-5	0.0
15	0.0	3.438290854650609E-5	0.0	3.438290854650609E-5	0.0
16	0.0	3.8203231718340106E-5	0.0	3.438290854650609E-5	0.0
17	0.0	4.2023554890174113E-5	0.0	3.438290854650609E-5	0.0
18	0.0	4.2023554890174113E-5	0.0	3.438290854650609E-5	3.820323171834011E-6
19	0.0	4.2023554890174113E-5	0.0	4.2023554890174113E-5	3.820323171834011E-6
20	0.0	4.2023554890174113E-5	0.0	4.2023554890174113E-5	3.820323171834011E-6
21	0.0	4.2023554890174113E-5	0.0	4.9664201233842135E-5	3.820323171834011E-6
22	0.0	4.2023554890174113E-5	0.0	4.9664201233842135E-5	3.820323171834011E-6
23	0.0	5.348452440567614E-5	0.0	5.348452440567614E-5	3.820323171834011E-6
24	0.0	5.348452440567614E-5	0.0	5.348452440567614E-5	3.820323171834011E-6
25	0.0	5.348452440567614E-5	0.0	5.348452440567614E-5	3.820323171834011E-6
26	0.0	5.348452440567614E-5	0.0	5.348452440567614E-5	3.820323171834011E-6
27	0.0	5.348452440567614E-5	0.0	5.348452440567614E-5	3.820323171834011E-6
28	0.0	5.348452440567614E-5	0.0	5.348452440567614E-5	3.820323171834011E-6
29	0.0	5.7304847577510156E-5	0.0	5.7304847577510156E-5	3.820323171834011E-6
30	0.0	5.7304847577510156E-5	0.0	5.7304847577510156E-5	7.640646343668021E-6
31	0.0	6.494549392117818E-5	0.0	6.494549392117818E-5	7.640646343668021E-6
32	0.0	7.640646343668021E-5	0.0	6.876581709301218E-5	7.640646343668021E-6
33	0.0	8.022678660851422E-5	0.0	6.876581709301218E-5	7.640646343668021E-6
34	0.0	8.022678660851422E-5	0.0	6.876581709301218E-5	7.640646343668021E-6
35	0.0	1.0314872563951828E-4	0.0	6.876581709301218E-5	7.640646343668021E-6
36	0.0	1.1460969515502031E-4	0.0	7.258614026484619E-5	7.640646343668021E-6
37	0.0	1.3371131101419035E-4	0.0	7.640646343668021E-5	1.146096951550203E-5
38	0.0	1.3371131101419035E-4	0.0	9.550807929585026E-5	1.146096951550203E-5
39	0.0	1.413519573578584E-4	0.0	1.0314872563951828E-4	1.146096951550203E-5
40	0.0	1.413519573578584E-4	0.0	1.0314872563951828E-4	1.146096951550203E-5
41	0.0	1.489926037015264E-4	0.0	1.0696904881135228E-4	1.146096951550203E-5
42	0.0	1.5281292687336042E-4	0.0	1.0696904881135228E-4	1.146096951550203E-5
43	0.0	1.5663325004519442E-4	0.0	1.0696904881135228E-4	1.146096951550203E-5
44	0.0	1.6427389638886243E-4	0.0	1.1843001832685432E-4	1.146096951550203E-5
45	0.0	1.6427389638886243E-4	0.0	1.1843001832685432E-4	1.146096951550203E-5
46	0.0	1.6809421956069645E-4	0.0	1.2225034149868834E-4	1.146096951550203E-5
47	0.0	1.7191454273253047E-4	0.0	1.2607066467052233E-4	1.146096951550203E-5
48	0.0	1.7191454273253047E-4	0.0	1.2607066467052233E-4	1.146096951550203E-5
49	0.0	1.7573486590436447E-4	0.0	1.2989098784235635E-4	1.146096951550203E-5
50	0.0	1.7573486590436447E-4	0.0	1.2989098784235635E-4	1.146096951550203E-5
51	0.0	1.8337551224803248E-4	0.0	1.3371131101419035E-4	1.146096951550203E-5
52	0.0	1.9865680493536854E-4	0.0	1.3371131101419035E-4	1.146096951550203E-5
53	0.0	1.9865680493536854E-4	0.0	1.3753163418602437E-4	1.9101615859170053E-5
54	0.0	1.9865680493536854E-4	0.0	1.413519573578584E-4	2.674226220283807E-5
55	0.0	1.9865680493536854E-4	0.0	1.4517228052969238E-4	2.674226220283807E-5
56	0.0	1.9865680493536854E-4	0.0	1.5281292687336042E-4	2.674226220283807E-5
57	0.0	2.215787439663726E-4	0.0	1.5281292687336042E-4	2.674226220283807E-5
58	0.0	2.215787439663726E-4	3.820323171834011E-6	1.6045357321702844E-4	2.674226220283807E-5
59	0.0	2.215787439663726E-4	3.820323171834011E-6	1.6427389638886243E-4	2.674226220283807E-5
60	0.0	2.253990671382066E-4	3.820323171834011E-6	1.6427389638886243E-4	2.674226220283807E-5
61	0.0	2.3686003665370864E-4	3.820323171834011E-6	1.6809421956069645E-4	2.674226220283807E-5
62	0.0	2.4068035982554266E-4	3.820323171834011E-6	1.6809421956069645E-4	2.674226220283807E-5
63	0.0	2.5214132934104467E-4	3.820323171834011E-6	1.7191454273253047E-4	2.674226220283807E-5
64	0.0	2.597819756847127E-4	3.820323171834011E-6	1.7573486590436447E-4	2.674226220283807E-5
65	0.0	2.7506326837204874E-4	7.640646343668021E-6	1.795551890761985E-4	3.0562585374672085E-5
>>END_MODULE
