##FastQC	0.11.7
>>Basic Statistics	pass
#Measure	Value
Filename	SRR627462_1.fastq.gz
File type	Conventional base calls
Encoding	Sanger / Illumina 1.9
Total Sequences	36487822
Sequences flagged as poor quality	0
Sequence length	101
%GC	45
>>END_MODULE
>>Per base sequence quality	fail
#Base	Mean	Median	Lower Quartile	Upper Quartile	10th Percentile	90th Percentile
1	28.07566894510722	31.0	28.0	31.0	18.0	34.0
2	27.66335705101828	31.0	27.0	31.0	16.0	34.0
3	26.63861416557009	31.0	26.0	31.0	10.0	34.0
4	30.225384266564333	35.0	28.0	37.0	16.0	37.0
5	30.626265415348715	35.0	30.0	37.0	16.0	37.0
6	30.795440133423146	35.0	31.0	37.0	15.0	37.0
7	30.91875450938124	35.0	32.0	37.0	11.0	37.0
8	30.816826775793853	35.0	31.0	37.0	10.0	37.0
9	31.886691784453454	37.0	31.0	39.0	10.0	39.0
10-11	31.88172790910896	37.0	31.0	39.0	10.0	39.0
12-13	31.691384210326394	37.0	31.0	39.0	10.0	39.0
14-15	32.435007987048394	38.0	31.0	40.0	8.0	41.0
16-17	32.30676176012918	38.0	31.0	40.0	7.5	41.0
18-19	32.2116576730724	38.0	31.0	40.0	2.0	41.0
20-21	32.08162645334106	37.5	30.5	40.0	2.0	41.0
22-23	31.90161713406736	37.0	30.0	40.0	2.0	41.0
24-25	31.741318336293133	37.0	30.0	40.0	2.0	41.0
26-27	31.497473074715174	37.0	30.0	40.0	2.0	41.0
28-29	31.240334048987634	37.0	30.0	40.0	2.0	41.0
30-31	31.019798907153188	37.0	29.0	40.0	2.0	41.0
32-33	30.779369250924322	36.0	29.0	40.0	2.0	41.0
34-35	30.518887986791867	36.0	28.0	40.0	2.0	41.0
36-37	30.32905725367768	36.0	27.5	40.0	2.0	41.0
38-39	30.38164571730261	36.0	28.0	40.0	2.0	41.0
40-41	30.298270982027923	36.0	28.0	40.0	2.0	41.0
42-43	30.11240897031344	36.0	27.0	40.0	2.0	41.0
44-45	29.936284138855974	36.0	27.0	40.0	2.0	41.0
46-47	29.699875769510168	35.0	26.5	39.5	2.0	41.0
48-49	29.485612322927906	35.0	26.0	39.0	2.0	41.0
50-51	29.469967966298455	35.0	26.0	39.0	2.0	41.0
52-53	29.3038844850756	35.0	26.0	39.0	2.0	41.0
54-55	29.06460358198415	35.0	26.0	39.0	2.0	41.0
56-57	28.83708593239684	35.0	25.0	39.0	2.0	41.0
58-59	28.576969132331328	34.5	25.0	39.0	2.0	40.0
60-61	28.216342880098463	34.0	23.5	38.5	2.0	40.0
62-63	27.914765863525645	34.0	23.0	38.0	2.0	40.0
64-65	27.58656259340445	34.0	22.5	38.0	2.0	40.0
66-67	27.237556300291097	33.5	22.0	37.5	2.0	40.0
68-69	26.86821952540768	33.0	20.5	37.0	2.0	40.0
70-71	26.521565003249577	33.0	20.0	36.5	2.0	39.5
72-73	26.12629349320987	32.5	18.5	36.0	2.0	39.0
74-75	25.75268681424723	32.0	17.5	35.5	2.0	39.0
76-77	24.91927645064701	31.0	13.5	35.0	2.0	37.0
78-79	25.091070892091068	32.0	12.5	35.0	2.0	37.0
80-81	24.882565681777336	32.0	9.5	35.0	2.0	37.0
82-83	24.546328813487413	31.5	7.0	35.0	2.0	36.5
84-85	24.198268178352766	31.0	4.5	35.0	2.0	36.0
86-87	23.871879047754618	31.0	2.0	35.0	2.0	36.0
88-89	23.558793629830795	31.0	2.0	34.0	2.0	35.0
90-91	23.213471017809724	31.0	2.0	34.0	2.0	35.0
92-93	22.85084852420076	31.0	2.0	34.0	2.0	35.0
94-95	22.41407741465084	30.0	2.0	34.0	2.0	35.0
96-97	21.96390813625434	30.0	2.0	34.0	2.0	35.0
98-99	21.420424080121855	30.0	2.0	34.0	2.0	35.0
100-101	19.891410797279157	27.5	2.0	33.0	2.0	34.5
>>END_MODULE
>>Per sequence quality scores	pass
#Quality	Count
2	2553857.0
3	593812.0
4	320254.0
5	243877.0
6	229155.0
7	228395.0
8	238638.0
9	256170.0
10	270837.0
11	280293.0
12	287855.0
13	295716.0
14	303921.0
15	312541.0
16	319720.0
17	323645.0
18	326953.0
19	329635.0
20	337173.0
21	351253.0
22	381720.0
23	431229.0
24	501713.0
25	590466.0
26	695751.0
27	815342.0
28	946492.0
29	1099099.0
30	1274107.0
31	1477327.0
32	1724431.0
33	2037405.0
34	2438983.0
35	2941946.0
36	3486712.0
37	3849829.0
38	2867798.0
39	523439.0
40	333.0
>>END_MODULE
>>Per base sequence content	fail
#Base	G	A	T	C
1	37.418112244618214	14.07980862335361	16.252158908850454	32.24992022317771
2	23.3402922022741	20.232917845664087	37.80438651226587	18.622403439795946
3	24.940087486208217	23.92579523615786	26.664180379460678	24.469936898173245
4	26.110465332515588	32.72873437198212	23.775189784768394	17.385610510733898
5	26.02316417318697	32.979934971200066	23.60518903706249	17.39171181855047
6	20.220470382129292	36.61473087818697	24.094602653943642	19.070196085740097
7	16.88433694865218	18.850476278389344	42.613984938534614	21.651201834423865
8	20.45153713524482	22.838245245564277	29.951117717095794	26.759099902095112
9	22.62709856981075	21.83054433928153	29.731954932727618	25.8104021581801
10-11	23.89777289829409	33.817003520688345	21.407416415066578	20.877807165950983
12-13	21.625189896205626	26.09559999088435	29.252268672028887	23.026941440881135
14-15	22.19182143312638	27.3774846577855	28.582786826916106	21.84790708217201
16-17	22.81776102180323	27.34296904797302	27.50512769244707	22.334142237776685
18-19	22.929316434008125	27.810366717279095	26.993376770869222	22.266940077843557
20-21	22.764723443036335	27.808466170310748	26.972511863668412	22.4542985229845
22-23	22.924732650968334	28.690306394704933	26.569402478163628	21.815558476163105
24-25	22.98966018628778	28.969294648978806	26.47103804097226	21.570007123761155
26-27	22.915970491376964	28.473835211033204	26.565319989571623	22.044874308018205
28-29	22.980311093325778	28.292687753139866	26.643038246533497	22.08396290700086
30-31	22.671649106863857	28.516442171871027	26.611555278294507	22.200353442970606
32-33	23.01182878502128	28.276807557811008	26.624094123806767	22.08726953336095
34-35	23.043470306807105	28.560461949306852	26.537814648150782	21.858253095735257
36-37	22.868085428497327	28.04190909923819	26.683564079526445	22.40644139273804
38-39	22.96517539906927	28.049606354209804	26.645799611729387	22.339418634991542
40-41	23.24989896949917	28.301951585468693	26.54555905875626	21.902590386275875
42-43	22.826080268634	28.132277868545735	26.84461102866268	22.197030834157587
44-45	23.158782282662624	28.13483598124748	26.806657125921728	21.899724610168164
46-47	23.378932444205734	28.198678375866095	26.398377522016208	22.024011657911963
48-49	23.14221036926988	28.14153383596957	26.485808682850642	22.2304471119099
50-51	23.115984284746325	27.86630403029719	26.5434370634391	22.47427462151738
52-53	23.393899678956437	28.305793583842686	26.179507587031747	22.120799150169127
54-55	23.263318612793153	28.02764722721289	26.233089273016713	22.47594488697725
56-57	23.42259208710154	27.643987291078442	26.30318066444729	22.630239957372726
58-59	23.372607409784884	27.91913810301369	26.32363145928769	22.384623027913733
60-61	23.570493321725124	27.7100061178259	26.31785539643386	22.401645164015125
62-63	23.073572020409244	28.025826775659002	26.608387638056776	22.292213565874974
64-65	23.37592338647136	28.23858303167838	26.476879101387503	21.908614480462756
66-67	23.480383743801564	28.17821101655425	26.304097892524787	22.0373073471194
68-69	23.434035107923577	28.226821860303748	26.27377570907011	22.065367322702564
70-71	23.075974283960228	28.398211279976593	26.35814186526728	22.167672570795897
72-73	23.356868069370314	28.207153127829304	26.389891662615796	22.046087140184586
74-75	23.418557759220075	28.13294175075814	26.306631816409464	22.141868673612326
76-77	23.305372595780284	28.156898223496352	26.565873111016717	21.971856069706647
78-79	23.172018557425776	28.127349473074613	26.8675190218027	21.833112947696907
80-81	23.060138712272803	28.167256322341274	26.633660529322643	22.138944436063284
82-83	23.159804102135702	28.05807156427772	26.602238480352657	22.179885853233923
84-85	23.16828707184477	28.06082625391441	26.56395795406672	22.2069287201741
86-87	22.939747824526354	28.403225422736355	26.496259269601296	22.160767483135988
88-89	23.118032794523547	28.266706938190655	26.44196700265707	22.173293264628725
90-91	23.2053093667232	27.953353328530493	26.663282699626784	22.178054605119524
92-93	23.16534226655127	27.76910246971436	26.78820189042571	22.277353373308664
94-95	23.516328520927573	27.799664862377078	26.44860663332849	22.23539998336686
96-97	23.08765189766661	28.14095672078294	26.484141914643907	22.287249466906548
98-99	23.407395787037704	27.584014279461094	26.618902836210218	22.389687097290984
100-101	23.45446317975775	27.710643189319384	26.398950938902775	22.43594269202009
>>END_MODULE
>>Per sequence GC content	pass
#GC Content	Count
0	5140.0
1	3257.5
2	1188.0
3	989.0
4	978.0
5	973.0
6	959.5
7	980.0
8	1042.0
9	1084.5
10	1141.5
11	1325.5
12	1592.5
13	1885.5
14	2491.0
15	3548.5
16	5215.0
17	7777.5
18	11877.0
19	18413.0
20	27940.5
21	41592.0
22	61676.5
23	88787.0
24	123694.5
25	166877.0
26	219717.5
27	281850.0
28	350509.5
29	424017.0
30	499448.0
31	580194.5
32	665826.0
33	758752.0
34	843339.5
35	906227.5
36	975722.0
37	1050776.0
38	1096491.5
39	1119357.0
40	1145151.5
41	1166946.5
42	1183565.5
43	1211237.5
44	1290895.5
45	1363699.5
46	1386615.0
47	1393453.5
48	1367238.5
49	1299721.0
50	1209513.5
51	1162719.0
52	1146669.0
53	1089935.5
54	1006461.0
55	940035.5
56	904837.0
57	837985.0
58	763987.5
59	711924.0
60	632087.5
61	555723.5
62	479153.5
63	405271.5
64	340940.5
65	271010.0
66	206269.0
67	154199.5
68	113206.5
69	80726.5
70	56220.0
71	40155.0
72	32082.0
73	28332.5
74	25054.0
75	20377.0
76	16556.0
77	14885.5
78	13471.0
79	11321.5
80	9109.0
81	7559.0
82	6345.5
83	5606.5
84	4748.5
85	3851.5
86	3168.5
87	2728.5
88	2549.5
89	2279.0
90	1857.5
91	1447.0
92	1122.5
93	916.0
94	730.0
95	588.0
96	478.0
97	374.0
98	286.0
99	197.0
100	122.0
>>END_MODULE
>>Per base N content	pass
#Base	N-Count
1	0.0303169643833496
2	0.08689474532078127
3	0.01382104966418659
4	0.00588963627371346
5	0.016827532210609886
6	0.0047741956206648895
7	0.004379543399438859
8	0.0010112963168917015
9	0.0011318844955996552
10-11	9.729273509391709E-4
12-13	0.0030517031134387794
14-15	0.002276101873112624
16-17	0.0011113296924107994
18-19	0.0011195516136863419
20-21	0.0024652060624500965
22-23	9.880008732776652E-4
24-25	0.004050666548417168
26-27	0.007558686292648544
28-29	0.0022719909124748524
30-31	0.00204862871782262
32-33	6.029408935397678E-4
34-35	0.003109256562367576
36-37	5.070184786584411E-4
38-39	0.0017581208327534595
40-41	2.151402733766899E-4
42-43	0.0019335218199650283
44-45	0.0012456210732446568
46-47	0.0018375994050837015
48-49	9.181145424355557E-4
50-51	5.89237691413864E-4
52-53	0.0015402399189515888
54-55	7.043445892714562E-4
56-57	0.0010496652828442322
58-59	9.66075749876219E-4
60-61	0.0027516029868814864
62-63	0.006026668294972498
64-65	0.005895117554563821
66-67	0.004395987241989944
68-69	0.0023158411592777445
70-71	4.56316630792597E-4
72-73	0.002281583153962985
74-75	0.0018334884444459305
76-77	0.004549463105800067
78-79	0.007982115238338973
80-81	0.001555313441290083
82-83	0.004006816301614276
84-85	0.0027721577900703415
86-87	0.006670718794889977
88-89	0.005911561397114906
90-91	0.0029050788506916085
92-93	0.00132921060621267
94-95	0.001160661220064053
96-97	0.0015114631944871907
98-99	4.6727919249332014E-4
100-101	9.26336463711098E-4
>>END_MODULE
>>Sequence Length Distribution	pass
#Length	Count
101	3.6487822E7
>>END_MODULE
>>Sequence Duplication Levels	pass
#Total Deduplicated Percentage	90.44861047251683
#Duplication Level	Percentage of deduplicated	Percentage of total
1	95.21400686646027	86.11974618592009
2	3.4878444578034213	6.309413695051767
3	0.6134365857454891	1.6645346038105326
4	0.22173813877492177	0.8022362616381512
5	0.12203506849028259	0.5518951186932242
6	0.07167857815985719	0.38899366771228655
7	0.04914463730384405	0.31115449094159575
8	0.03554974002697019	0.25723396704789336
9	0.0260654261372358	0.21218234179382994
>10	0.1478852635480226	2.427914658901037
>50	0.008031338764899993	0.48823141183328056
>100	0.0024993547864909683	0.3669857813724551
>500	5.731189644950861E-5	0.032503299574115393
>1k	2.7232101963654238E-5	0.06697451570975563
>5k	0.0	0.0
>10k+	0.0	0.0
>>END_MODULE
>>Overrepresented sequences	pass
>>END_MODULE
>>Adapter Content	pass
#Position	Illumina Universal Adapter	Illumina Small RNA 3' Adapter	Illumina Small RNA 5' Adapter	Nextera Transposase Sequence	SOLID Small RNA Adapter
1	5.4812808503615265E-6	1.3703202125903816E-5	0.0	2.7406404251807633E-6	0.0
2	1.0962561700723053E-5	2.1925123401446106E-5	0.0	2.466576382662687E-5	5.4812808503615265E-6
3	3.0147044676988394E-5	2.1925123401446106E-5	0.0	3.2887685102169154E-5	8.221921275542288E-6
4	5.481280850361526E-5	2.1925123401446106E-5	0.0	4.1109606377711446E-5	1.0962561700723053E-5
5	5.481280850361526E-5	2.1925123401446106E-5	0.0	4.1109606377711446E-5	1.0962561700723053E-5
6	5.481280850361526E-5	2.1925123401446106E-5	0.0	4.659088722807297E-5	1.0962561700723053E-5
7	5.481280850361526E-5	2.1925123401446106E-5	0.0	5.20721680784345E-5	1.0962561700723053E-5
8	7.673793190506136E-5	2.1925123401446106E-5	0.0	7.125665105469984E-5	1.0962561700723053E-5
9	8.221921275542289E-5	2.466576382662687E-5	0.0	8.770049360578442E-5	1.3703202125903816E-5
10-11	1.3429138083385738E-4	2.466576382662687E-5	5.4812808503615265E-6	8.770049360578442E-5	1.781416276367496E-5
12-13	1.6580874572343616E-4	2.466576382662687E-5	5.4812808503615265E-6	1.04144336156869E-4	2.329544361403649E-5
14-15	2.37065396778136E-4	3.2887685102169154E-5	5.4812808503615265E-6	1.1373657764500167E-4	2.466576382662687E-5
16-17	3.069517276202455E-4	3.8368965952530686E-5	5.4812808503615265E-6	1.2195849892054396E-4	2.466576382662687E-5
18-19	3.69986457399403E-4	4.1109606377711446E-5	5.4812808503615265E-6	1.4388362232199006E-4	2.466576382662687E-5
20-21	4.3850246802892205E-4	5.070184786584412E-5	5.4812808503615265E-6	1.5895714466048426E-4	2.603608403921725E-5
22-23	4.892043158947662E-4	6.029408935397679E-5	5.4812808503615265E-6	1.7403066699897844E-4	3.0147044676988394E-5
24-25	5.522390456739238E-4	6.851601062951907E-5	5.4812808503615265E-6	1.945854701878342E-4	3.0147044676988394E-5
26-27	6.084221743901295E-4	7.39972914798806E-5	5.4812808503615265E-6	2.137699531640995E-4	3.2887685102169154E-5
28-29	7.1804779139736E-4	8.495985318060365E-5	5.4812808503615265E-6	2.3569507656554564E-4	3.2887685102169154E-5
30-31	7.728605999009752E-4	9.044113403096518E-5	5.4812808503615265E-6	2.4802795847885905E-4	3.2887685102169154E-5
32-33	8.523391722312173E-4	9.044113403096518E-5	5.4812808503615265E-6	2.589905201795821E-4	3.2887685102169154E-5
34-35	9.441506264747728E-4	9.044113403096518E-5	5.4812808503615265E-6	2.699530818803052E-4	3.69986457399403E-5
36-37	0.0010291104796553764	9.592241488132672E-5	5.4812808503615265E-6	2.7817500315584746E-4	3.836896595253068E-5
38-39	0.0011291438551744744	1.0140369573168823E-4	5.4812808503615265E-6	2.891375648565705E-4	3.836896595253068E-5
40-41	0.00122095530941803	1.0140369573168823E-4	5.4812808503615265E-6	3.0558140740765506E-4	3.836896595253068E-5
42-43	0.0013031745221734527	1.0140369573168823E-4	5.4812808503615265E-6	3.261362105965108E-4	4.659088722807297E-5
44-45	0.0013949859764170085	1.0277401594427861E-4	5.4812808503615265E-6	3.453206935727761E-4	4.659088722807297E-5
46-47	0.001540239918951589	1.109959372198209E-4	5.4812808503615265E-6	3.562832552734992E-4	4.659088722807297E-5
48-49	0.001706048664675025	1.1236625743241129E-4	5.4812808503615265E-6	3.6724581697422225E-4	4.659088722807297E-5
50-51	0.0018978934944376784	1.1647721807018243E-4	5.4812808503615265E-6	3.713567776119934E-4	4.933152765325374E-5
52-53	0.0021171447284521394	1.192178584953632E-4	8.221921275542288E-6	3.850599797378972E-4	5.481280850361526E-5
54-55	0.0023925790911828062	1.260694595583151E-4	8.221921275542288E-6	4.015038222889818E-4	5.892376914138641E-5
56-57	0.002678976015614196	1.3018042019608624E-4	8.221921275542288E-6	4.16577344627476E-4	6.029408935397679E-5
58-59	0.0030051122262107063	1.3155074040867662E-4	8.221921275542288E-6	4.289102265407894E-4	6.029408935397679E-5
60-61	0.003458688216578123	1.3155074040867662E-4	8.221921275542288E-6	4.4124310845410287E-4	6.029408935397679E-5
62-63	0.0039725582962995155	1.3429138083385738E-4	8.221921275542288E-6	4.604275914303682E-4	6.303472977915755E-5
64-65	0.004623460397279948	1.3703202125903816E-4	8.221921275542288E-6	4.7824175419404317E-4	6.577537020433831E-5
66-67	0.005403172598243874	1.3977266168421892E-4	1.0962561700723053E-5	4.905746361073566E-4	6.577537020433831E-5
68-69	0.0063363606630179245	1.411429818968093E-4	1.0962561700723053E-5	5.124997595088027E-4	6.577537020433831E-5
70-71	0.007645016466041739	1.4525394253458044E-4	1.0962561700723053E-5	5.262029616347065E-4	6.577537020433831E-5
72-73	0.009588130527494899	1.479945829597612E-4	1.0962561700723053E-5	5.453874446109719E-4	6.988633084210945E-5
74-75	0.01228629102608536	1.5484618402271313E-4	1.0962561700723053E-5	5.549796860991045E-4	7.39972914798806E-5
76-77	0.016138261143676922	1.562165042353035E-4	1.0962561700723053E-5	5.700532084375987E-4	7.536761169247098E-5
78-79	0.021877162194005442	1.562165042353035E-4	1.0962561700723053E-5	5.837564105635025E-4	7.673793190506136E-5
80-81	0.03058417682480473	1.562165042353035E-4	1.0962561700723053E-5	5.933486520516352E-4	7.947857233024213E-5
82-83	0.04220860318820893	1.5758682444789388E-4	1.0962561700723053E-5	6.07051854177539E-4	8.221921275542289E-5
84-85	0.0589388426637249	1.5895714466048426E-4	1.0962561700723053E-5	6.234956967286236E-4	8.221921275542289E-5
86-87	0.08363612385524134	1.6443842551084578E-4	1.0962561700723053E-5	6.330879382167563E-4	8.221921275542289E-5
88-89	0.11472594883849192	1.699197063612073E-4	1.0962561700723053E-5	6.467911403426601E-4	8.221921275542289E-5
90	0.14259826196258027	1.8088226806193037E-4	1.3703202125903816E-5	6.632349828937447E-4	8.495985318060365E-5
>>END_MODULE
