##FastQC	0.11.7
>>Basic Statistics	pass
#Measure	Value
Filename	SRR656373_2_val_2.fq.gz
File type	Conventional base calls
Encoding	Sanger / Illumina 1.9
Total Sequences	35393957
Sequences flagged as poor quality	0
Sequence length	20-76
%GC	47
>>END_MODULE
>>Per base sequence quality	pass
#Base	Mean	Median	Lower Quartile	Upper Quartile	10th Percentile	90th Percentile
1	28.645487024804826	31.0	28.0	33.0	16.0	34.0
2	29.502473148170463	31.0	28.0	34.0	22.0	34.0
3	29.535487767021923	31.0	30.0	34.0	22.0	34.0
4	33.92585626975814	35.0	35.0	37.0	28.0	37.0
5	33.42215618897881	35.0	33.0	37.0	26.0	37.0
6	31.681735557287364	35.0	31.0	37.0	17.0	37.0
7	33.352783075370745	35.0	33.0	37.0	27.0	37.0
8	33.78368954338731	35.0	33.0	37.0	28.0	37.0
9	34.91672869467519	38.0	34.0	39.0	27.0	39.0
10-11	35.40263179672168	38.5	35.0	39.0	28.5	39.0
12-13	35.75331482433569	39.0	35.0	39.0	30.0	39.0
14-15	37.02431566213407	40.0	36.0	41.0	30.0	41.0
16-17	35.66256320252635	38.5	34.0	41.0	25.0	41.0
18-19	34.75488117929284	38.5	32.5	40.0	21.5	41.0
20-21	35.61075013231789	39.0	34.0	40.5	26.0	41.0
22-23	35.73199269378857	39.0	34.0	40.5	26.0	41.0
24-25	36.102103090801975	39.0	34.5	41.0	27.0	41.0
26-27	36.61764763640491	39.0	36.0	41.0	29.5	41.0
28-29	36.756148866435254	39.0	36.0	41.0	30.0	41.0
30-31	36.84609218407783	39.0	36.0	41.0	30.0	41.0
32-33	36.57762615540555	39.0	35.5	41.0	29.5	41.0
34-35	36.52804160715364	39.0	35.0	41.0	29.5	41.0
36-37	36.25103339802444	39.0	35.0	41.0	28.0	41.0
38-39	36.45366017222399	39.0	35.0	41.0	29.0	41.0
40-41	35.87083611348329	38.5	34.5	40.5	27.0	41.0
42-43	35.97411752220118	38.5	34.5	40.0	27.5	41.0
44-45	36.29294584995848	39.0	35.0	40.0	29.0	41.0
46-47	35.86074646338167	38.0	34.0	40.0	27.5	41.0
48-49	35.78609877023979	38.0	34.0	40.0	27.5	41.0
50-51	35.06105486515182	37.5	33.5	39.5	27.0	40.5
52-53	35.360251487904044	37.5	33.5	39.5	27.5	40.5
54-55	35.447041883077155	38.0	33.5	40.0	27.0	41.0
56-57	34.255996177200515	37.0	32.5	40.0	23.5	41.0
58-59	35.08758265647036	37.0	33.0	40.0	27.0	41.0
60-61	34.64171025623879	36.5	32.5	39.5	26.5	41.0
62-63	33.983589450413746	36.0	31.5	39.0	24.5	41.0
64-65	34.07738632281496	36.0	32.0	39.0	25.5	40.5
66-67	34.52898323549403	36.0	33.0	39.0	27.0	40.0
68-69	34.121816053201236	35.0	32.0	38.5	26.5	40.0
70-71	34.279363300332534	35.0	32.5	38.0	27.5	40.0
72-73	34.57759850122058	35.0	33.0	37.5	29.0	39.5
74-75	34.133000667664575	35.0	32.5	37.0	29.0	39.0
76	32.09078663671123	33.0	29.0	35.0	26.0	37.0
>>END_MODULE
>>Per sequence quality scores	pass
#Quality	Count
3	2.0
4	6.0
5	2.0
6	0.0
7	2.0
8	8.0
9	6.0
10	7.0
11	27.0
12	68.0
13	183.0
14	464.0
15	853.0
16	1460.0
17	2535.0
18	11346.0
19	52124.0
20	163104.0
21	241131.0
22	310222.0
23	381054.0
24	451317.0
25	525829.0
26	607068.0
27	698989.0
28	803356.0
29	928094.0
30	1087692.0
31	1294235.0
32	1567720.0
33	1945917.0
34	2471629.0
35	3184553.0
36	4141661.0
37	5183361.0
38	5600020.0
39	3655235.0
40	82677.0
>>END_MODULE
>>Per base sequence content	fail
#Base	G	A	T	C
1	21.950272368183267	14.60188827899633	22.079736142331683	41.36810321048872
2	21.66003487182874	24.358980858103454	31.610004074997512	22.370980195070292
3	25.981099938148805	26.797982895335064	25.370882901433873	21.85003426508226
4	28.825435377396513	28.547683889157067	19.848241690266875	22.778639043179545
5	25.812470740926834	31.210172388989722	20.596876177456142	22.3804806926273
6	20.270664989530722	34.822376913716155	19.10909204446816	25.797866052284967
7	21.544932610429136	15.674016441495661	40.00516917556315	22.775881772512054
8	20.686389148208253	24.872451056485183	25.157290575489977	29.283869219816584
9	20.111602200257853	24.315267166289935	28.366997715865168	27.206132917587045
10-11	25.7613564227732	30.672315317585745	19.83738500261746	23.72894325702359
12-13	23.64620184755898	22.99753218764086	27.5840221804269	25.77224378437326
14-15	23.677321273249767	24.927382463632412	26.77265109598727	24.622645167130557
16-17	22.616709302525447	26.194474530662536	27.02039917205542	24.16841699475659
18-19	22.426509801208454	26.848242374214248	24.897674629712245	25.82757319486505
20-21	24.258824622973645	26.848846615891304	25.429632770445963	23.462695990689085
22-23	24.324973586474602	26.66922825393031	25.541634183019163	23.464163976575918
24-25	22.95307078908642	25.87236902090008	28.334690183734917	22.839870006278577
26-27	23.037489807309008	27.11318407160218	25.750838820056217	24.0984873010326
28-29	24.169932520641986	25.93361109943155	25.693167409964225	24.203288969962237
30-31	23.88537721052193	27.084679233496985	25.978826011198663	23.05111754478242
32-33	24.02839777336256	26.914718308026725	26.0242862415054	23.032597677105315
34-35	24.30948986654082	26.01486357989803	26.718162957961507	22.95748359559965
36-37	22.92989627370736	26.75458430981684	25.974649585418575	24.340869831057233
38-39	23.90419515444365	25.989846778565852	26.987109349815423	23.118848717175077
40-41	23.96962306464565	26.336530429004462	25.893188128570916	23.800658377778973
42-43	23.818940690798758	26.274918123286938	26.852913040202335	23.053228145711966
44-45	23.207673362115273	26.31675171263951	26.78858578966053	23.686989135584692
46-47	23.797178252758037	26.514994677790014	26.250805785946106	23.43702128350584
48-49	23.092912012414637	26.512381963048387	26.397513148333157	23.997192876203815
50-51	23.71076200046082	26.268373291523805	26.790923921257072	23.229940786758306
52-53	23.512833441285828	26.40600561671867	26.882498406872323	23.198662535123177
54-55	23.261138969634466	26.438783843816815	26.863478870266793	23.43659831628193
56-57	22.928501127188756	26.134520625639457	27.7259014223172	23.211076824854583
58-59	23.07875407850963	26.62266780594565	26.91438532758983	23.384192787954895
60-61	22.98183692370663	26.654147478786598	26.948050604148545	23.41596499335823
62-63	22.920005568180187	26.857902626210766	27.146955962895415	23.07513584271363
64-65	22.940024838133997	26.618561080556557	27.199552040208136	23.24186204110131
66-67	22.882056275853426	26.768467645596978	26.995172273553553	23.354303804996047
68-69	22.975134346960203	26.707841075547258	26.93128986072636	23.385734716766176
70-71	23.005026318381024	26.507081770759573	27.021820836391786	23.466071074467617
72-73	22.755176475634126	26.115033275943595	27.42529763834477	23.70449261007751
74-75	22.089064396143392	22.998906787411983	29.70649262997997	25.205536186464656
76	23.77106916457328	0.0	41.01587103295288	35.21305980247384
>>END_MODULE
>>Per sequence GC content	warn
#GC Content	Count
0	2680.0
1	2382.0
2	2116.0
3	2134.0
4	2188.5
5	2427.0
6	2830.5
7	3290.0
8	3786.5
9	4348.5
10	5029.0
11	5986.0
12	6912.0
13	8224.5
14	10353.5
15	13130.5
16	16648.5
17	20716.0
18	28306.5
19	40565.5
20	54955.5
21	69422.5
22	93398.5
23	132104.0
24	172387.5
25	207132.5
26	259697.5
27	336420.5
28	412752.5
29	474683.5
30	552623.0
31	655551.5
32	746923.0
33	813232.0
34	889323.0
35	983289.0
36	1060684.5
37	1116386.0
38	1179942.5
39	1272248.5
40	1364202.0
41	1441738.0
42	1493856.5
43	1533202.5
44	1576739.5
45	1602516.0
46	1622328.5
47	1654251.5
48	1706310.0
49	1745808.0
50	1792861.0
51	1845840.5
52	1810953.0
53	1737952.0
54	1665992.5
55	1568216.0
56	1470134.0
57	1368532.5
58	1258087.5
59	1146743.0
60	1047342.5
61	952166.0
62	878599.5
63	795533.5
64	690032.5
65	600674.0
66	505343.0
67	436759.0
68	379709.5
69	309463.0
70	245586.0
71	201197.0
72	168296.5
73	130331.0
74	98501.0
75	78861.5
76	64998.5
77	50790.0
78	38622.5
79	30356.5
80	24314.0
81	18483.0
82	14305.0
83	10908.5
84	8080.0
85	5811.5
86	4250.5
87	3382.5
88	2593.0
89	1805.5
90	1351.0
91	1062.0
92	885.0
93	603.5
94	312.0
95	215.5
96	178.0
97	170.5
98	94.5
99	18.0
100	17.0
>>END_MODULE
>>Per base N content	pass
#Base	N-Count
1	0.1928154006628872
2	0.2359329305847323
3	0.1671245744012177
4	0.17215650682968284
5	0.17206327057469162
6	0.09963565249288178
7	0.07519645232094281
8	0.05453190780561778
9	0.09223890959691226
10-11	0.088752438728453
12-13	0.11579801602855538
14-15	0.09325885771969493
16-17	0.06086067178077885
18-19	0.028985173938025632
20-21	0.030255027007621064
22-23	0.02077848700151352
24-25	0.008509605687642613
26-27	0.004540677849025591
28-29	0.004561027195450441
30-31	0.002560580588109384
32-33	0.004302490357158681
34-35	0.014726591050713453
36-37	0.02551473045753978
38-39	0.016544964833628557
40-41	0.010415656527563778
42-43	0.006892091511144859
44-45	0.03111670339694284
46-47	0.025501153881788807
48-49	0.007521003680979268
50-51	0.005615130135666369
52-53	0.0029940785258454825
54-55	0.006788422025516715
56-57	0.016000834301188614
58-59	0.006313077949197235
60-61	0.005649490403441732
62-63	0.004562085434507368
64-65	0.0036770912667969083
66-67	5.954635931143022E-4
68-69	9.605257760634929E-4
70-71	3.6378990966777426E-4
72-73	2.1288214903638316E-4
74-75	0.0
76	0.0
>>END_MODULE
>>Sequence Length Distribution	warn
#Length	Count
20-21	196886.0
22-23	76075.0
24-25	114383.0
26-27	74378.0
28-29	70542.0
30-31	113815.0
32-33	108537.0
34-35	109254.0
36-37	100683.0
38-39	122493.0
40-41	163422.0
42-43	130900.0
44-45	140087.0
46-47	103785.0
48-49	159306.0
50-51	125579.0
52-53	159205.0
54-55	153905.0
56-57	173237.0
58-59	209782.0
60-61	199300.0
62-63	193379.0
64-65	235223.0
66-67	320943.0
68-69	367605.0
70-71	738491.0
72-73	2587734.0
74-75	1.091855E7
76-77	1.7226478E7
>>END_MODULE
>>Sequence Duplication Levels	pass
#Total Deduplicated Percentage	75.78488816141304
#Duplication Level	Percentage of deduplicated	Percentage of total
1	90.07700626018253	68.26475845342836
2	5.973997940981836	9.054775316676404
3	1.7218378776721013	3.91467872974395
4	0.7875022035777005	2.3872306570000936
5	0.4212588446038789	1.5962527212655515
6	0.2579973117792213	1.17313784514801
7	0.15532337347290512	0.8239815141248252
8	0.10996408377774887	0.666689263269516
9	0.08443489648099521	0.575900026805944
>10	0.36947826475582857	4.872747976350116
>50	0.022425295261693266	1.192281070524109
>100	0.01655488005225988	2.5362082533863104
>500	0.0015602180514299538	0.8107227076964086
>1k	5.046292857374151E-4	0.7177023638493447
>5k	1.1971560545641366E-4	0.6239444657684422
>10k+	3.420445870183247E-5	0.7889886349626828
>>END_MODULE
>>Overrepresented sequences	warn
#Sequence	Count	Percentage	Possible Source
CAAGCAGAAGACGGCATACG	74594	0.21075349105498434	No Hit
>>END_MODULE
>>Adapter Content	pass
#Position	Illumina Universal Adapter	Illumina Small RNA 3' Adapter	Illumina Small RNA 5' Adapter	Nextera Transposase Sequence	SOLID Small RNA Adapter
1	2.8253410603397637E-6	0.0	0.0	2.8253410603397637E-6	0.0
2	2.8253410603397637E-6	2.8253410603397635E-5	0.0	1.4126705301698818E-5	0.0
3	2.8253410603397637E-6	2.8253410603397635E-5	0.0	1.9777387422378345E-5	2.8253410603397637E-6
4	2.8253410603397637E-6	3.10787516637374E-5	0.0	3.10787516637374E-5	2.8253410603397637E-6
5	2.8253410603397637E-6	3.10787516637374E-5	0.0	3.10787516637374E-5	2.8253410603397637E-6
6	8.47602318101929E-6	3.10787516637374E-5	0.0	3.672943378441693E-5	2.8253410603397637E-6
7	1.1301364241359055E-5	4.238011590509645E-5	0.0	4.520545696543622E-5	5.650682120679527E-6
8	1.1301364241359055E-5	4.238011590509645E-5	0.0	5.650682120679527E-5	5.650682120679527E-6
9	1.1301364241359055E-5	4.520545696543622E-5	0.0	6.780818544815432E-5	8.47602318101929E-6
10	1.695204636203858E-5	4.803079802577598E-5	0.0	7.345886756883386E-5	8.47602318101929E-6
11	2.8253410603397635E-5	4.803079802577598E-5	0.0	7.345886756883386E-5	8.47602318101929E-6
12	2.8253410603397635E-5	5.085613908611575E-5	0.0	8.47602318101929E-5	8.47602318101929E-6
13	2.8253410603397635E-5	5.368148014645551E-5	0.0	1.017122781722315E-4	1.1301364241359055E-5
14	2.8253410603397635E-5	5.368148014645551E-5	0.0	1.017122781722315E-4	1.1301364241359055E-5
15	2.8253410603397635E-5	5.368148014645551E-5	0.0	1.2714034771528937E-4	1.1301364241359055E-5
16	2.8253410603397635E-5	5.368148014645551E-5	0.0	1.2996568877562912E-4	1.1301364241359055E-5
17	2.8253410603397635E-5	5.368148014645551E-5	0.0	1.327910298359689E-4	1.4126705301698818E-5
18	2.8253410603397635E-5	5.368148014645551E-5	0.0	1.3844171195664842E-4	1.695204636203858E-5
19	2.8253410603397635E-5	5.650682120679527E-5	0.0	1.5256841725834724E-4	1.695204636203858E-5
20	3.10787516637374E-5	5.933216226713504E-5	0.0	1.5821909937902676E-4	1.695204636203858E-5
21	3.10787516637374E-5	5.933216226713504E-5	0.0	1.7234580468072558E-4	1.9777387422378345E-5
22	3.10787516637374E-5	5.933216226713504E-5	0.0	1.779964868014051E-4	1.9777387422378345E-5
23	3.10787516637374E-5	6.21575033274748E-5	0.0	1.8929785104276417E-4	1.9777387422378345E-5
24	3.10787516637374E-5	6.21575033274748E-5	0.0	1.9777387422378344E-4	1.9777387422378345E-5
25	3.10787516637374E-5	6.21575033274748E-5	0.0	1.9777387422378344E-4	2.260272848271811E-5
26	3.10787516637374E-5	6.498284438781456E-5	0.0	2.0059921528412322E-4	2.260272848271811E-5
27	3.10787516637374E-5	6.780818544815432E-5	0.0	2.0624989740480274E-4	2.5428069543057874E-5
28	3.10787516637374E-5	7.06335265084941E-5	0.0	2.2037660270650156E-4	2.5428069543057874E-5
29	3.10787516637374E-5	7.628420862917362E-5	0.0	2.2885262588752086E-4	2.5428069543057874E-5
30	3.10787516637374E-5	7.628420862917362E-5	0.0	2.2885262588752086E-4	2.5428069543057874E-5
31	3.10787516637374E-5	7.910954968951338E-5	0.0	2.3450330800820038E-4	2.5428069543057874E-5
32	3.672943378441693E-5	7.910954968951338E-5	0.0	2.4297933118921968E-4	3.672943378441693E-5
33	4.238011590509645E-5	7.910954968951338E-5	0.0	2.4297933118921968E-4	3.672943378441693E-5
34	4.238011590509645E-5	8.47602318101929E-5	0.0	2.4297933118921968E-4	3.672943378441693E-5
35	4.238011590509645E-5	8.47602318101929E-5	0.0	2.458046722495594E-4	3.672943378441693E-5
36	4.238011590509645E-5	9.041091393087244E-5	0.0	2.5428069543057875E-4	3.672943378441693E-5
37	4.520545696543622E-5	1.0453761923257126E-4	0.0	2.5428069543057875E-4	3.955477484475669E-5
38	4.803079802577598E-5	1.1018830135325078E-4	0.0	2.5710603649091847E-4	3.955477484475669E-5
39	4.803079802577598E-5	1.1301364241359054E-4	0.0	2.5710603649091847E-4	3.955477484475669E-5
40	4.803079802577598E-5	1.1301364241359054E-4	0.0	2.5993137755125824E-4	4.238011590509645E-5
41	4.803079802577598E-5	1.2148966559460984E-4	0.0	2.655820596719378E-4	4.520545696543622E-5
42	4.803079802577598E-5	1.2148966559460984E-4	0.0	2.7405808285295706E-4	4.803079802577598E-5
43	4.803079802577598E-5	1.2148966559460984E-4	0.0	2.7405808285295706E-4	4.803079802577598E-5
44	4.803079802577598E-5	1.327910298359689E-4	0.0	2.797087649736366E-4	4.803079802577598E-5
45	4.803079802577598E-5	1.412670530169882E-4	0.0	2.825341060339764E-4	4.803079802577598E-5
46	4.803079802577598E-5	1.412670530169882E-4	0.0	2.853594470943161E-4	4.803079802577598E-5
47	4.803079802577598E-5	1.4974307619800746E-4	0.0	2.966608113356752E-4	5.085613908611575E-5
48	4.803079802577598E-5	1.5256841725834724E-4	0.0	2.9948615239601493E-4	5.085613908611575E-5
49	4.803079802577598E-5	1.55393758318687E-4	0.0	3.023114934563547E-4	5.085613908611575E-5
50	4.803079802577598E-5	1.5821909937902676E-4	0.0	3.0796217557703425E-4	5.368148014645551E-5
51	4.803079802577598E-5	1.6386978149970628E-4	0.0	3.0796217557703425E-4	5.368148014645551E-5
52	4.803079802577598E-5	1.6386978149970628E-4	0.0	3.10787516637374E-4	5.368148014645551E-5
53	5.085613908611575E-5	1.7234580468072558E-4	0.0	3.164381987580535E-4	5.650682120679527E-5
54	5.085613908611575E-5	1.7234580468072558E-4	0.0	3.2208888087873307E-4	5.650682120679527E-5
55	5.085613908611575E-5	1.7517114574106536E-4	0.0	3.2773956299941257E-4	5.650682120679527E-5
56	5.085613908611575E-5	1.7517114574106536E-4	0.0	3.390409272407716E-4	5.650682120679527E-5
57	5.085613908611575E-5	1.7517114574106536E-4	0.0	3.503422914821307E-4	6.780818544815432E-5
58	5.085613908611575E-5	1.7517114574106536E-4	0.0	3.559929736028102E-4	6.780818544815432E-5
59	5.085613908611575E-5	1.7517114574106536E-4	0.0	3.6729433784416925E-4	6.780818544815432E-5
60	5.085613908611575E-5	1.779964868014051E-4	0.0	3.7859570208552835E-4	7.345886756883386E-5
61	5.085613908611575E-5	1.8082182786174488E-4	0.0	3.7859570208552835E-4	7.345886756883386E-5
62	5.085613908611575E-5	1.8364716892208462E-4	0.0	3.8424638420620784E-4	7.345886756883386E-5
63	5.085613908611575E-5	1.8929785104276417E-4	0.0	3.898970663268874E-4	7.345886756883386E-5
64	5.085613908611575E-5	1.949485331634437E-4	0.0	3.898970663268874E-4	7.345886756883386E-5
65	5.368148014645551E-5	1.9777387422378344E-4	0.0	3.9272240738722717E-4	7.628420862917362E-5
>>END_MODULE
