##FastQC	0.11.7
>>Basic Statistics	pass
#Measure	Value
Filename	SRR1095383_1.fastq.gz
File type	Conventional base calls
Encoding	Sanger / Illumina 1.9
Total Sequences	35611993
Sequences flagged as poor quality	0
Sequence length	76
%GC	50
>>END_MODULE
>>Per base sequence quality	pass
#Base	Mean	Median	Lower Quartile	Upper Quartile	10th Percentile	90th Percentile
1	32.380427430725376	34.0	31.0	34.0	30.0	34.0
2	32.53711854879899	34.0	31.0	34.0	31.0	34.0
3	32.56585743460075	34.0	31.0	34.0	31.0	34.0
4	35.879748460020195	37.0	37.0	37.0	35.0	37.0
5	35.6769486616489	37.0	37.0	37.0	35.0	37.0
6	35.64697774707526	37.0	37.0	37.0	35.0	37.0
7	35.63021785947223	37.0	37.0	37.0	35.0	37.0
8	35.61634155100502	37.0	37.0	37.0	35.0	37.0
9	37.36718234219579	39.0	39.0	39.0	35.0	39.0
10-11	37.35804169960384	39.0	39.0	39.0	35.0	39.0
12-13	37.2994576995452	39.0	38.0	39.0	35.0	39.0
14-15	38.77074756810157	41.0	39.0	41.0	35.0	41.0
16-17	38.73157683143428	41.0	39.0	41.0	35.0	41.0
18-19	38.701729288220406	41.0	39.0	41.0	35.0	41.0
20-21	38.6738607271994	41.0	39.0	41.0	35.0	41.0
22-23	38.60558580644448	41.0	39.0	41.0	34.5	41.0
24-25	38.54111408479722	41.0	39.0	41.0	34.0	41.0
26-27	38.45488570381332	41.0	39.0	41.0	34.0	41.0
28-29	38.41593865583428	41.0	39.0	41.0	34.0	41.0
30-31	38.431555585782576	41.0	39.0	41.0	34.0	41.0
32-33	38.4555306972008	41.0	39.0	41.0	34.0	41.0
34-35	38.4203783399598	41.0	39.0	41.0	34.0	41.0
36-37	38.34479335374462	41.0	39.0	41.0	34.0	41.0
38-39	38.26618358596218	41.0	39.0	41.0	34.0	41.0
40-41	38.172696414379274	41.0	38.5	41.0	33.5	41.0
42-43	38.068191830768924	41.0	38.0	41.0	33.0	41.0
44-45	37.94404116893991	41.0	38.0	41.0	33.0	41.0
46-47	37.823117917045536	41.0	38.0	41.0	33.0	41.0
48-49	37.672421282347216	40.0	37.5	41.0	33.0	41.0
50-51	37.50796367953908	40.0	37.0	41.0	33.0	41.0
52-53	37.31934643478111	40.0	37.0	41.0	32.5	41.0
54-55	37.0967311910906	40.0	36.0	41.0	32.0	41.0
56-57	36.850622569761825	39.5	35.5	41.0	32.0	41.0
58-59	36.584217878510756	39.0	35.0	41.0	31.5	41.0
60-61	36.274423619031936	39.0	35.0	41.0	31.0	41.0
62-63	35.94987835979862	38.0	35.0	41.0	31.0	41.0
64-65	35.604790105400724	37.0	35.0	40.0	31.0	41.0
66-67	35.22888199489425	37.0	35.0	39.5	30.0	41.0
68-69	34.8309060377497	36.0	35.0	39.0	30.0	41.0
70-71	34.43011421742108	35.5	35.0	39.0	30.0	41.0
72-73	34.01572440778588	35.0	35.0	37.5	29.5	40.5
74-75	33.57123317978862	35.0	34.5	37.0	29.0	39.0
76	31.293661604392653	34.0	31.0	36.0	22.0	38.0
>>END_MODULE
>>Per sequence quality scores	pass
#Quality	Count
2	227048.0
3	103685.0
4	62312.0
5	44064.0
6	35790.0
7	33501.0
8	32376.0
9	33055.0
10	34366.0
11	38241.0
12	41967.0
13	45665.0
14	48343.0
15	51578.0
16	54507.0
17	56641.0
18	59749.0
19	62921.0
20	66859.0
21	72951.0
22	81601.0
23	93963.0
24	110320.0
25	130989.0
26	157466.0
27	188148.0
28	224420.0
29	267333.0
30	323040.0
31	395516.0
32	493738.0
33	631468.0
34	856020.0
35	1257753.0
36	2042396.0
37	3976750.0
38	7871432.0
39	1.2131771E7
40	3172250.0
>>END_MODULE
>>Per base sequence content	fail
#Base	G	A	T	C
1	28.91672938429887	12.355035290156298	15.682365539537669	43.04586978600717
2	23.105506980335587	21.699804822327998	33.069113429674005	22.12557476766241
3	27.362816651938665	23.72353652566639	23.401939176555217	25.51170764583973
4	27.52631311219387	30.973296382138532	18.279875229293854	23.220515276373746
5	28.09236812262984	30.73957304277648	20.467734592663806	20.700324241929877
6	22.02045051679127	32.752294644932384	21.42594209085946	23.801312747416887
7	19.621451568376436	14.798639571913027	40.08853775776081	25.491371101949728
8	22.013669476006605	20.06239216279481	26.07934942200634	31.844588939192242
9	21.986995590013198	19.625389141883012	29.1566680650175	29.230947203086295
10-11	26.564892719118095	28.563056649927265	19.90456956375059	24.96748106720405
12-13	23.74160949535971	22.34277720316367	27.440217792673227	26.47539550880339
14-15	24.46552829525025	23.995838869356078	26.343787489972247	25.194845345421417
16-17	25.24594755782265	24.334484662325895	24.956985078035345	25.462582701816107
18-19	25.15313811007374	24.61592722285702	24.862704090236633	25.368230576832605
20-21	25.07991228819721	24.8660784341122	25.073596004873565	24.980413272817028
22-23	25.148068737755615	25.039224446012803	24.935736283198167	24.87697053303341
24-25	25.1514368054563	25.046751805148798	24.8402061184583	24.961605270936605
26-27	25.169451183719282	25.139836276242207	24.754193669894978	24.93651887014353
28-29	25.243576172706018	24.82137789463161	24.803056310427824	25.131989622234546
30-31	24.676779021830423	24.95663960681521	25.090158074821854	25.276423296532506
32-33	24.89811837155723	25.037073940728856	25.09965646876948	24.965151218944435
34-35	25.265188325465754	24.945524426654273	24.73468879439742	25.05459845348256
36-37	25.174141722433756	24.865855434659622	24.966746039334936	24.993256803571683
38-39	24.863049444768137	24.904929571184834	25.069322619218664	25.16269836482837
40-41	25.15436933514017	24.777903873430375	24.982342582713475	25.085384208715983
42-43	25.084008635190607	24.888126579208144	25.086711977206654	24.94115280839459
44-45	24.891308275513676	25.01520698969464	25.210236202436647	24.883248532355037
46-47	25.255564364960108	24.70864400597961	24.950288233802297	25.085503395257984
48-49	25.02617783842191	24.81349988490781	25.017074945638583	25.14324733103169
50-51	25.16390501356611	24.898732333453864	25.074516577530076	24.86284607544995
52-53	25.11614034832969	24.804432990311813	25.02850328578247	25.050923375576023
54-55	24.991714754839528	24.719789912106815	25.15852346798939	25.12997186506426
56-57	25.025241145614253	24.79985970485973	25.08918121474812	25.0857179347779
58-59	25.223269412605166	24.794466086212587	24.93607622908102	25.046188272101226
60-61	24.95289459210229	24.876908886498008	25.05670525789514	25.11349126350456
62-63	24.82138589755971	24.90063887293071	25.24492834672985	25.03304688277973
64-65	25.090714303919825	24.877962434132925	24.99290871569711	25.038414546250138
66-67	25.05535557004115	25.045761545433344	24.968328273931757	24.93055461059375
68-69	24.953587120409587	24.995628024072893	25.110152518028528	24.94063233748899
70-71	25.139414588551272	24.96796372320213	24.8687153341717	25.023906354074892
72-73	24.965444818205594	25.202437364801167	24.9777374084782	24.854380408515045
74-75	25.146553469869943	25.328980612791018	24.89212270772646	24.632343209612582
76	25.459665354359473	24.68483157163128	24.802299608241288	25.053203465767957
>>END_MODULE
>>Per sequence GC content	pass
#GC Content	Count
0	415.0
1	273.0
2	119.5
3	114.5
4	121.0
5	145.0
6	180.0
7	233.5
8	276.0
9	320.5
10	417.5
11	615.0
12	760.0
13	926.5
14	1605.5
15	2840.0
16	4634.5
17	5707.0
18	8060.5
19	14008.0
20	24122.0
21	30642.0
22	39321.0
23	62023.5
24	93893.0
25	111739.0
26	135154.5
27	179635.5
28	227575.0
29	254449.0
30	288490.0
31	357439.0
32	432963.5
33	473580.0
34	512374.5
35	590092.0
36	674520.5
37	720026.0
38	768098.0
39	897288.0
40	1041759.5
41	1198881.5
42	1292650.0
43	1380013.5
44	1453641.0
45	1462816.0
46	1485727.0
47	1536529.0
48	1621379.5
49	1706700.0
50	1757972.0
51	1805669.0
52	1826027.0
53	1817897.5
54	1837107.0
55	1821286.5
56	1737991.5
57	1581822.5
58	1493128.0
59	1410821.0
60	1282127.0
61	1123308.5
62	1010877.0
63	935469.5
64	773248.0
65	639542.5
66	530699.0
67	468747.0
68	420196.0
69	325957.5
70	243913.0
71	207556.0
72	179743.5
73	131092.5
74	94932.0
75	79610.0
76	68490.0
77	49327.5
78	34482.5
79	27680.0
80	23231.0
81	15520.0
82	9590.5
83	6923.0
84	5153.5
85	2468.5
86	1157.5
87	762.0
88	562.5
89	299.5
90	199.5
91	137.5
92	112.0
93	85.0
94	48.5
95	32.5
96	26.0
97	20.5
98	16.0
99	12.0
100	7.0
>>END_MODULE
>>Per base N content	pass
#Base	N-Count
1	0.24251380707617237
2	0.006702798127585839
3	0.0019431656071593635
4	0.08402506425293299
5	0.0649640698289478
6	0.03839998508367672
7	0.023025950836281475
8	0.017519378935068306
9	0.01618555861223493
10-11	0.01847972956750834
12-13	0.019483604863114512
14-15	0.016300688366416335
16-17	0.020210887944406817
18-19	0.017251210849109175
20-21	0.01575452404475088
22-23	0.02224250689929092
24-25	0.029278058096888875
26-27	0.023313775221734993
28-29	0.018104855855722538
30-31	0.0275244353777111
32-33	0.021920986000418453
34-35	0.02300208247260972
36-37	0.021306024630522644
38-39	0.02244609000119707
40-41	0.026370329793112112
42-43	0.02222565864258145
44-45	0.025613562262578226
46-47	0.022457322172336716
48-49	0.02225795113460794
50-51	0.022001015219788457
52-53	0.021803048203452136
54-55	0.022569643883733215
56-57	0.027812259763164617
58-59	0.023188817317806393
60-61	0.020414471046312964
62-63	0.021485739368757036
64-65	0.018717009182833432
66-67	0.018245257994968157
68-69	0.020730375859615607
70-71	0.016493039297182835
72-73	0.014537237497491364
74-75	0.015302429156379988
76	0.07818995134588508
>>END_MODULE
>>Sequence Length Distribution	pass
#Length	Count
76	3.5611993E7
>>END_MODULE
>>Sequence Duplication Levels	pass
#Total Deduplicated Percentage	79.43797684912589
#Duplication Level	Percentage of deduplicated	Percentage of total
1	89.2634062157495	70.9090439644083
2	7.636738157639666	12.132940579388322
3	1.7115684582101536	4.078906066769768
4	0.6135962738498084	1.9497138638716396
5	0.26776961014180906	1.0635538045672246
6	0.1422495526088594	0.6780010000164653
7	0.08306509867951775	0.46189663701117223
8	0.05024281245949142	0.3192949898393643
9	0.03566708349282071	0.25499888575006785
>10	0.15731075816535678	2.3405481734497533
>50	0.017742379609377773	0.9978028978341311
>100	0.017715496326639497	2.8185426865075325
>500	0.0022195989761893743	1.172832682907762
>1k	7.085040907925614E-4	0.8219237676784525
>5k	0.0	0.0
>10k+	0.0	0.0
>>END_MODULE
>>Overrepresented sequences	pass
>>END_MODULE
>>Adapter Content	pass
#Position	Illumina Universal Adapter	Illumina Small RNA 3' Adapter	Illumina Small RNA 5' Adapter	Nextera Transposase Sequence	SOLID Small RNA Adapter
1	5.3352812913335123E-5	8.424128354737125E-6	0.0	0.0	0.0
2	2.4991580785720135E-4	3.931259898877325E-5	0.0	5.3352812913335123E-5	2.808042784912375E-6
3	5.672246425522997E-4	4.4928684558598E-5	0.0	5.61608556982475E-5	8.424128354737125E-6
4	0.0012748514243502182	4.4928684558598E-5	0.0	6.177694126807225E-5	8.424128354737125E-6
5	0.0014966868043582958	4.4928684558598E-5	0.0	6.7393026837897E-5	8.424128354737125E-6
6	0.001858924323611992	4.773672734351037E-5	0.0	6.7393026837897E-5	1.12321711396495E-5
7	0.0021902733722316526	7.86251979775465E-5	0.0	7.300911240772175E-5	1.12321711396495E-5
8	0.002532854591990962	8.143324076245887E-5	0.0	8.143324076245887E-5	1.12321711396495E-5
9	0.00292036449630887	8.424128354737125E-5	0.0	9.266541190210838E-5	1.12321711396495E-5
10	0.003656071705955912	8.9857369117196E-5	0.0	9.547345468702074E-5	1.12321711396495E-5
11	0.004189599835089263	9.266541190210838E-5	0.0	9.547345468702074E-5	1.12321711396495E-5
12	0.0048775703173927955	9.266541190210838E-5	0.0	9.547345468702074E-5	1.12321711396495E-5
13	0.005680670553877734	9.828149747193312E-5	0.0	9.828149747193312E-5	1.12321711396495E-5
14	0.006250703239214946	1.010895402568455E-4	0.0	9.828149747193312E-5	1.12321711396495E-5
15	0.00707065173240936	1.12321711396495E-4	0.0	1.34786053675794E-4	1.4040213924561875E-5
16	0.008275302087136768	1.2074583975123212E-4	0.0	1.34786053675794E-4	1.684825670947425E-5
17	0.009159835564384168	1.235538825361445E-4	0.0	1.460182248154435E-4	1.684825670947425E-5
18	0.010041560998846653	1.235538825361445E-4	0.0	1.4882626760035587E-4	1.684825670947425E-5
19	0.011147929856102128	1.235538825361445E-4	0.0	1.6005843874000538E-4	1.684825670947425E-5
20	0.012231834371078306	1.2916996810596925E-4	0.0	1.7409865266456725E-4	1.684825670947425E-5
21	0.01330169867212992	1.4040213924561875E-4	0.0	1.79714738234392E-4	1.9656299494386623E-5
22	0.014158151721528194	1.460182248154435E-4	0.0	1.8252278101930436E-4	2.2464342279299E-5
23	0.01502864498485103	1.5163431038526823E-4	0.0	1.8252278101930436E-4	2.2464342279299E-5
24	0.015837361306905794	1.5163431038526823E-4	0.0	1.8813886658912912E-4	2.2464342279299E-5
25	0.016657309800100207	1.5444235317018062E-4	0.0	1.9094690937404148E-4	2.2464342279299E-5
26	0.017460410036585147	1.6567452430983013E-4	0.0	1.9656299494386623E-4	2.5272385064211373E-5
27	0.018252278101930437	1.684825670947425E-4	0.0	1.9656299494386623E-4	2.5272385064211373E-5
28	0.01899921748271713	1.7409865266456725E-4	0.0	2.02179080513691E-4	2.5272385064211373E-5
29	0.019706844264515046	1.7409865266456725E-4	0.0	2.0779516608351574E-4	2.5272385064211373E-5
30	0.020411663003528053	1.769066954494796E-4	0.0	2.0779516608351574E-4	2.808042784912375E-5
31	0.021099633485831586	1.8533082380421675E-4	0.0	2.0779516608351574E-4	3.36965134189485E-5
32	0.02174267528357652	1.9094690937404148E-4	0.0	2.0779516608351574E-4	3.36965134189485E-5
33	0.022363252739042154	1.9094690937404148E-4	0.0	2.0779516608351574E-4	3.36965134189485E-5
34	0.022992254322862525	1.9375495215895387E-4	0.0	2.106032088684281E-4	3.650455620386088E-5
35	0.023668992634026408	1.9937103772877862E-4	0.0	2.106032088684281E-4	3.650455620386088E-5
36	0.024303610303416604	2.0779516608351574E-4	0.0	2.106032088684281E-4	3.931259898877325E-5
37	0.024932611887236975	2.1902733722316525E-4	0.0	2.106032088684281E-4	4.212064177368562E-5
38	0.025508260658144013	2.218353800080776E-4	0.0	2.134112516533405E-4	4.212064177368562E-5
39	0.026008092273858415	2.2745146557790236E-4	0.0	2.1621929443825286E-4	4.4928684558598E-5
40	0.026659558199958088	2.3025950836281475E-4	0.0	2.1621929443825286E-4	4.773672734351037E-5
41	0.027246439142004773	2.3587559393263948E-4	0.0	2.218353800080776E-4	5.896889848315987E-5
42	0.027861400511900582	2.3868363671755187E-4	0.0	2.47107765072289E-4	6.177694126807225E-5
43	0.028493210138505868	2.4149167950246423E-4	0.0	2.4991580785720135E-4	6.177694126807225E-5
44	0.029105363465616766	2.47107765072289E-4	0.0	2.4991580785720135E-4	6.177694126807225E-5
45	0.029751213306146614	2.583399362119385E-4	0.0	2.527238506421137E-4	6.177694126807225E-5
46	0.030405487275031194	2.6676406456667564E-4	0.0	2.5553189342702613E-4	6.7393026837897E-5
47	0.03102606473049683	2.6676406456667564E-4	0.0	2.583399362119385E-4	6.7393026837897E-5
48	0.031705611084445626	2.808042784912375E-4	0.0	2.639560217817632E-4	7.020106962280938E-5
49	0.032379541352824594	2.92036449630887E-4	0.0	2.639560217817632E-4	7.020106962280938E-5
50	0.03310120834854707	3.004605779856241E-4	0.0	2.6676406456667564E-4	7.581715519263412E-5
51	0.0338790361999678	3.0326862077053647E-4	0.0	2.69572107351588E-4	7.581715519263412E-5
52	0.03473268120658116	3.3977317697439735E-4	0.0	2.751881929214127E-4	7.86251979775465E-5
53	0.035648103154462596	3.481973053291345E-4	0.0	2.8361232127614987E-4	7.86251979775465E-5
54	0.03660845378690263	3.481973053291345E-4	0.0	2.8361232127614987E-4	7.86251979775465E-5
55	0.0375772285476974	3.538133908989592E-4	0.0	2.892284068459746E-4	7.86251979775465E-5
56	0.038708869790017086	3.59429476468784E-4	0.0	2.9765253520071174E-4	8.704932633228362E-5
57	0.03979558234777818	3.678536048235211E-4	0.0	3.14500791910186E-4	8.704932633228362E-5
58	0.04092441554731295	3.7627773317825823E-4	0.0	3.2011687748001075E-4	8.9857369117196E-5
59	0.04236213345318809	3.7627773317825823E-4	0.0	3.229249202649231E-4	9.547345468702074E-5
60	0.04407223150919972	3.7627773317825823E-4	0.0	3.4538926254422213E-4	9.828149747193312E-5
61	0.045987316688509965	3.7627773317825823E-4	0.0	3.5100534811404686E-4	1.010895402568455E-4
62	0.04823094287365495	3.8189381874808296E-4	0.0	3.59429476468784E-4	1.010895402568455E-4
63	0.05086769504868767	4.015501182424696E-4	0.0	3.678536048235211E-4	1.0389758304175787E-4
64	0.05366450566246039	4.04358161027382E-4	0.0	3.7346969039334587E-4	1.0389758304175787E-4
65	0.05664664710003734	4.0716620381229434E-4	0.0	3.903179471028201E-4	1.0670562582667025E-4
>>END_MODULE
