##FastQC	0.11.7
>>Basic Statistics	pass
#Measure	Value
Filename	SRR627449_2_val_2.fq.gz
File type	Conventional base calls
Encoding	Sanger / Illumina 1.9
Total Sequences	25985887
Sequences flagged as poor quality	0
Sequence length	20-101
%GC	43
>>END_MODULE
>>Per base sequence quality	pass
#Base	Mean	Median	Lower Quartile	Upper Quartile	10th Percentile	90th Percentile
1	28.226798992853315	31.0	28.0	33.0	16.0	34.0
2	27.223568200692938	31.0	26.0	33.0	10.0	34.0
3	27.622197387374154	31.0	26.0	33.0	16.0	34.0
4	31.07803043244204	35.0	30.0	37.0	19.0	37.0
5	31.056706934806574	35.0	30.0	37.0	19.0	37.0
6	31.509549933777514	35.0	30.0	37.0	17.0	37.0
7	30.425951825311948	35.0	30.0	37.0	10.0	37.0
8	30.79284678641141	35.0	29.0	37.0	17.0	37.0
9	31.79360400512786	37.0	29.0	39.0	17.0	39.0
10-11	32.536220930230314	37.0	30.0	39.0	17.0	39.0
12-13	32.19905454834003	37.0	30.0	39.0	17.0	39.0
14-15	32.94135079937814	37.0	30.0	40.0	17.0	41.0
16-17	33.21451682599867	37.0	31.0	40.0	17.0	41.0
18-19	33.45889999829522	37.0	31.0	40.0	17.5	41.0
20-21	33.559848855818615	37.0	31.0	40.0	18.0	41.0
22-23	33.90267832296982	37.0	32.0	40.0	18.5	41.0
24-25	33.94538120059505	37.5	32.0	40.0	19.0	41.0
26-27	33.86110016528495	37.0	31.5	40.0	18.5	41.0
28-29	33.608741521184584	37.0	31.0	40.0	18.0	41.0
30-31	33.9178404264226	37.5	31.0	40.0	20.5	41.0
32-33	34.00844887821634	38.0	31.0	40.0	22.0	41.0
34-35	33.963692313967265	38.0	31.0	40.0	22.5	41.0
36-37	33.79038072013655	37.0	31.0	40.0	20.0	41.0
38-39	33.864762446190994	37.0	31.0	40.0	22.0	41.0
40-41	34.06098160805058	37.0	31.0	40.0	23.0	41.0
42-43	33.81826221342065	37.0	31.0	40.0	22.5	41.0
44-45	33.62081837120129	37.0	31.0	40.0	21.5	41.0
46-47	33.5218284198685	37.0	30.5	40.0	21.0	41.0
48-49	33.72972736727391	37.0	31.0	40.0	22.5	41.0
50-51	33.18072692841842	36.0	30.5	39.5	22.0	40.5
52-53	32.96809894895422	36.0	30.0	39.0	20.5	40.0
54-55	33.218543423838064	36.0	30.5	39.0	21.0	41.0
56-57	33.32562875942399	36.0	30.5	40.0	21.0	41.0
58-59	33.59085118440828	36.0	31.0	40.0	22.5	41.0
60-61	33.53289667042392	36.0	31.0	39.5	22.0	41.0
62-63	33.69005051254119	36.0	31.0	39.0	23.0	41.0
64-65	33.477988015971384	36.0	31.0	39.0	23.0	41.0
66-67	33.23249358635196	35.0	31.0	39.0	22.5	41.0
68-69	33.039020050715926	35.0	30.5	39.0	22.5	40.0
70-71	32.890584896958046	35.0	30.0	38.0	23.0	40.0
72-73	32.769858032712904	35.0	30.0	37.5	23.5	40.0
74-75	32.648691077162354	35.0	30.0	37.0	24.0	39.0
76-77	32.400310934770715	34.0	30.0	36.5	24.0	39.0
78-79	32.06378391107525	34.0	30.0	36.0	23.5	39.0
80-81	31.846453961955568	34.0	30.0	36.0	23.0	38.5
82-83	31.623697522822162	34.0	30.0	35.0	23.0	37.0
84-85	31.44243485193501	34.0	30.0	35.0	23.0	37.0
86-87	31.37635306301316	34.0	29.5	35.0	24.0	36.5
88-89	31.354134438402	34.0	30.0	35.0	24.0	36.0
90-91	31.328350071055688	34.0	30.0	35.0	24.0	36.0
92-93	31.33943980647326	34.0	30.0	35.0	24.5	35.5
94-95	31.4596914596671	34.0	30.0	35.0	25.0	35.0
96-97	31.66611568877665	34.0	30.5	35.0	25.0	35.0
98-99	32.06451792848265	34.0	31.0	35.0	25.5	35.0
100-101	31.715079402652822	33.0	30.0	34.5	26.0	35.0
>>END_MODULE
>>Per sequence quality scores	pass
#Quality	Count
12	3.0
13	10.0
14	240.0
15	4414.0
16	25378.0
17	40094.0
18	47892.0
19	93445.0
20	366631.0
21	547417.0
22	678458.0
23	775670.0
24	843813.0
25	895926.0
26	944641.0
27	992897.0
28	1046202.0
29	1104689.0
30	1173700.0
31	1264122.0
32	1376420.0
33	1526549.0
34	1732989.0
35	2022357.0
36	2414096.0
37	2832296.0
38	2549143.0
39	684794.0
40	1601.0
>>END_MODULE
>>Per base sequence content	fail
#Base	G	A	T	C
1	32.07146056606694	13.372283361748924	19.75267546223403	34.8035806099501
2	21.814765436136344	21.181019012876728	37.47127928748311	19.53293626350382
3	25.14796802290447	24.535726157161747	26.452413702585538	23.863892117348247
4	25.27494672295009	30.942548085701567	24.502121913187207	19.280383278161136
5	24.807332209639814	32.198446651602794	26.13352271039629	16.860698428361097
6	21.622987521958876	35.874156036342164	22.61696063441395	19.88589580728501
7	16.40878024568277	18.266935499906022	44.933880098749654	20.39040415566155
8	19.84777277155837	23.191982811288756	31.050943674432318	25.909300742720554
9	21.105112195688545	21.66878067463784	31.4599333926934	25.766173736980214
10-11	22.937439739309152	33.55276368960013	22.711153703841465	20.798642867249253
12-13	20.596203634236794	26.072260979005446	30.543462691353447	22.788072695404317
14-15	20.844342198868038	27.22713417510196	30.261661727285293	21.66686189874471
16-17	21.555301071682134	27.495293664894717	29.084710279841996	21.864694983581153
18-19	21.516373389781382	27.83340898603619	28.7241424743829	21.926075149799527
20-21	21.404766733903617	27.886605306901043	28.70096455114803	22.00766340804731
22-23	21.518923653985077	28.56124047762643	28.429348173472217	21.49048769491627
24-25	21.501680664555543	28.74981440008974	28.268360583788233	21.480144351566484
26-27	21.422421847352073	28.433876132905826	28.429727630274808	21.713974389467293
28-29	21.541635262699828	28.200377695334637	28.534095183291875	21.72389185867366
30-31	21.266882716208283	28.3860642740698	28.470536459255726	21.876516550466192
32-33	21.416894950078717	28.42238821491866	28.607395920129484	21.55332091487314
34-35	21.508991002521565	28.595296934849586	28.428517431512866	21.46719463111598
36-37	21.414003405884433	28.27497726110564	28.428126368378916	21.882892964631008
38-39	21.501534789083088	28.286797057686936	28.45519332644485	21.756474826785134
40-41	21.573599313329314	28.402937071845365	28.485436625246983	21.538026989578334
42-43	21.352219751064936	28.38141308701224	28.578633401792818	21.687733760129998
44-45	21.56489068023076	28.362630472031736	28.531150867086325	21.54132798065118
46-47	21.56276671681892	28.403822810963362	28.371390939110796	21.662019533106925
48-49	21.485607149612946	28.343846595614103	28.411983205483104	21.758563049289844
50-51	21.57364222739668	28.064751165434004	28.54221676302687	21.81938984414244
52-53	21.642170933366653	28.42435607693639	28.341488216317156	21.591984773379796
54-55	21.459522391706145	28.350963369480358	28.38991784953222	21.79959638928128
56-57	21.430263824921557	28.19499291195863	28.42558493732687	21.949158325792943
58-59	21.486622525023634	28.290065038217588	28.459199998564532	21.764112438194246
60-61	21.555898007925904	28.117015887597923	28.494200157524762	21.83288594695141
62-63	21.298681806849633	28.26409119444129	28.69833528739826	21.738891711310824
64-65	21.396178616007138	28.445388753957033	28.610578765931365	21.54785386410446
66-67	21.501455161875718	28.421128736448804	28.489830264070694	21.587585837604784
68-69	21.49161661165681	28.320455898127463	28.51471773658058	21.67320975363515
70-71	21.237010378933707	28.436217902905636	28.61839791929155	21.708373798869104
72-73	21.3834524132729	28.42527765147941	28.65693697919075	21.534332956056936
74-75	21.4007479582029	28.4146175585072	28.54402765142474	21.64060683186516
76-77	21.285360591001503	28.336309545192996	28.761906357847977	21.616423505957528
78-79	21.196930231464638	28.404642694035516	28.832031934846302	21.56639513965355
80-81	21.122720736800154	28.542554474777486	28.731929805059615	21.602794983362745
82-83	21.138418153543185	28.36918408127369	28.76677635186112	21.725621413322006
84-85	21.07928485717992	28.393027617578483	28.780802586459735	21.746884938781857
86-87	20.999730311818222	28.474780422217083	28.859590007452223	21.665899258512468
88-89	21.020686589132616	28.56359069000328	28.775402360972745	21.64032035989136
90-91	21.054597489931346	28.44750346732761	28.842389274708985	21.655509768032054
92-93	20.859632355569733	28.353551422837754	29.162682680423824	21.624133541168693
94-95	20.885819498786578	28.33443826722129	29.02372680496579	21.756015429026345
96-97	20.572222580544818	28.37441416325882	29.09840000071554	21.95496325548082
98-99	20.608135350746725	27.04115502903544	29.89803008707102	22.452679533146814
100-101	21.186083342861856	13.681167948779374	36.92817484194168	28.204573866417093
>>END_MODULE
>>Per sequence GC content	pass
#GC Content	Count
0	8534.0
1	6881.5
2	5850.0
3	6649.0
4	6889.0
5	7326.0
6	8150.5
7	8941.0
8	9663.0
9	10643.5
10	11858.0
11	13246.0
12	14721.5
13	16419.5
14	18568.0
15	21103.5
16	24409.0
17	28959.0
18	35225.0
19	43528.0
20	54766.0
21	70385.0
22	90873.0
23	117272.0
24	150137.5
25	189193.5
26	236569.5
27	291928.5
28	353123.5
29	417323.0
30	484801.5
31	556986.5
32	632621.0
33	710244.0
34	781225.5
35	845480.0
36	914477.0
37	982452.5
38	1030927.5
39	1065171.0
40	1093850.0
41	1117665.0
42	1132818.5
43	1138447.5
44	1145168.0
45	1141386.0
46	1109382.5
47	1069964.5
48	1030434.5
49	977108.5
50	921045.0
51	871115.0
52	826566.0
53	765320.0
54	693575.0
55	635036.5
56	584544.0
57	530969.0
58	477004.0
59	428441.0
60	377731.5
61	327463.0
62	278881.5
63	231293.0
64	187057.5
65	147240.0
66	114796.5
67	90347.5
68	71808.0
69	57241.0
70	45229.0
71	36785.0
72	31332.5
73	26374.5
74	22026.5
75	18685.0
76	16151.5
77	14059.0
78	12087.0
79	10202.5
80	8498.5
81	7165.0
82	6207.0
83	5071.0
84	4001.5
85	3298.5
86	2827.5
87	2517.0
88	2150.5
89	1793.0
90	1577.0
91	1499.5
92	1489.5
93	1297.5
94	987.5
95	682.5
96	443.5
97	386.0
98	307.0
99	225.0
100	220.0
>>END_MODULE
>>Per base N content	warn
#Base	N-Count
1	1.2262040545316002
2	4.595225092759004
3	1.8375512831253364
4	1.7878127462033526
5	1.5348292709808211
6	0.7068452194839453
7	5.939658707820903
8	1.0334186398948013
9	2.3289103042740082
10-11	1.0670195710463914
12-13	1.8861584366929633
14-15	1.7893501191627594
16-17	1.5388949393953726
18-19	0.7834868211348721
20-21	0.8818044845710065
22-23	0.36616850563876324
24-25	0.6160879377576
26-27	0.6179559355311102
28-29	0.8952998260085714
30-31	0.08708399861401
32-33	0.2619846048693429
34-35	0.5382594944799762
36-37	0.5549473027494136
38-39	0.2672591313536546
40-41	0.09460840851132603
42-43	0.1492567238461268
44-45	0.5711453875959567
46-47	0.5963871500281789
48-49	0.004846395511074297
50-51	0.40058065307546725
52-53	0.42401986466142993
54-55	0.77178692747897
56-57	0.09681687632382854
58-59	0.7474498249920806
60-61	0.005070184307022578
62-63	0.19061936763559884
64-65	2.1205348097966357E-4
66-67	0.005522407278317552
68-69	0.09424161662701258
70-71	0.09473094892320122
72-73	1.286388638203903E-5
74-75	0.0
76-77	0.01018798437283873
78-79	0.1586398009065581
80-81	1.563463229601952E-4
82-83	3.5745787680855923E-4
84-85	0.001193952819375099
86-87	5.8819634274445215E-5
88-89	0.0
90-91	3.477004068651081E-5
92-93	0.005308950522984645
94-95	0.0
96-97	1.739161761298806E-5
98-99	1.8513196709115312E-5
100-101	0.0
>>END_MODULE
>>Sequence Length Distribution	warn
#Length	Count
20-21	73605.0
22-23	76762.0
24-25	79741.0
26-27	84634.0
28-29	85005.0
30-31	86780.0
32-33	92783.0
34-35	90155.0
36-37	92942.0
38-39	99965.0
40-41	108686.0
42-43	108358.0
44-45	105284.0
46-47	105521.0
48-49	112835.0
50-51	111017.0
52-53	100772.0
54-55	100933.0
56-57	99822.0
58-59	101477.0
60-61	109092.0
62-63	114961.0
64-65	120321.0
66-67	121288.0
68-69	123049.0
70-71	125924.0
72-73	134737.0
74-75	144593.0
76-77	156262.0
78-79	167640.0
80-81	182277.0
82-83	196168.0
84-85	213883.0
86-87	234274.0
88-89	275813.0
90-91	331159.0
92-93	418998.0
94-95	578818.0
96-97	928761.0
98-99	2957896.0
100-101	1.6432896E7
>>END_MODULE
>>Sequence Duplication Levels	pass
#Total Deduplicated Percentage	90.14877083513619
#Duplication Level	Percentage of deduplicated	Percentage of total
1	96.09458623318642	86.62808832832755
2	2.6306729303736702	4.743038622849044
3	0.5629712428950441	1.5225349668755135
4	0.2156207463970794	0.7775178101700533
5	0.12389251357512471	0.5584378907236459
6	0.07790001614990334	0.4213554422370628
7	0.047918036340616935	0.3023826453858003
8	0.034757724914175475	0.2506692942430967
9	0.026611477544594586	0.2159092791676827
>10	0.1660432518432291	2.7694136415571395
>50	0.01339654077815367	0.8320486487127234
>100	0.005452316556176312	0.8221326756144466
>500	1.2125739131270005E-4	0.07550275895729192
>1k	5.571205432501307E-5	0.08096799517888949
>5k	0.0	0.0
>10k+	0.0	0.0
>>END_MODULE
>>Overrepresented sequences	pass
>>END_MODULE
>>Adapter Content	pass
#Position	Illumina Universal Adapter	Illumina Small RNA 3' Adapter	Illumina Small RNA 5' Adapter	Nextera Transposase Sequence	SOLID Small RNA Adapter
1	0.0	1.1544728105682905E-5	0.0	3.848242701894301E-6	0.0
2	0.0	2.308945621136581E-5	0.0	3.463418431704871E-5	0.0
3	0.0	2.6937698913260108E-5	0.0	3.8482427018943014E-5	7.696485403788603E-6
4	0.0	2.6937698913260108E-5	0.0	5.0027155124625914E-5	7.696485403788603E-6
5	0.0	2.6937698913260108E-5	0.0	6.157188323030882E-5	7.696485403788603E-6
6	0.0	3.078594161515441E-5	0.0	7.311661133599173E-5	7.696485403788603E-6
7	0.0	3.8482427018943014E-5	0.0	7.696485403788603E-5	7.696485403788603E-6
8	0.0	4.2330669720837316E-5	0.0	8.466133944167463E-5	7.696485403788603E-6
9	0.0	4.2330669720837316E-5	0.0	8.466133944167463E-5	7.696485403788603E-6
10-11	0.0	4.617891242273161E-5	0.0	1.0197843160019899E-4	7.696485403788603E-6
12-13	0.0	5.579951917746737E-5	0.0	1.1929552375872334E-4	7.696485403788603E-6
14-15	0.0	6.734424728315028E-5	0.0	1.520055867248249E-4	7.696485403788603E-6
16-17	0.0	7.119248998504457E-5	0.0	1.6932267888334927E-4	7.696485403788603E-6
18-19	0.0	7.504073268693888E-5	0.0	1.750950429361907E-4	7.696485403788603E-6
20-21	0.0	7.888897538883317E-5	0.0	1.8663977104187363E-4	7.696485403788603E-6
22-23	0.0	8.081309673978033E-5	0.0	2.0395686320039797E-4	7.696485403788603E-6
24-25	0.0	1.0005431024925183E-4	0.0	2.2512219806081663E-4	7.696485403788603E-6
26-27	0.0	1.0005431024925183E-4	0.0	2.347428048155524E-4	7.696485403788603E-6
28-29	1.9241213509471506E-6	1.0005431024925183E-4	0.0	2.385910475174467E-4	7.696485403788603E-6
30-31	3.848242701894301E-6	1.0390255295114613E-4	0.0	2.520598969740767E-4	7.696485403788603E-6
32-33	3.848242701894301E-6	1.0390255295114613E-4	0.0	2.6937698913260107E-4	7.696485403788603E-6
34-35	3.848242701894301E-6	1.0967491700398759E-4	0.0	2.9439056669491404E-4	7.696485403788603E-6
36-37	3.848242701894301E-6	1.1159903835493473E-4	0.0	3.155559015553327E-4	7.696485403788603E-6
38-39	3.848242701894301E-6	1.1544728105682904E-4	0.0	3.2517650831006845E-4	7.696485403788603E-6
40-41	3.848242701894301E-6	1.1544728105682904E-4	0.0	3.328729937138571E-4	9.620606754735754E-6
42-43	3.848242701894301E-6	1.1544728105682904E-4	0.0	3.463418431704871E-4	1.1544728105682905E-5
44-45	3.848242701894301E-6	1.250678878115648E-4	0.0	3.5981069262711713E-4	1.3468849456630054E-5
46-47	3.848242701894301E-6	1.3084025186440624E-4	0.0	3.732795420837472E-4	1.5392970807577205E-5
48-49	3.848242701894301E-6	1.3276437321535338E-4	0.0	3.8097602748753584E-4	1.7317092158524356E-5
50-51	3.848242701894301E-6	1.3468849456630053E-4	0.0	3.9059663424227155E-4	2.308945621136581E-5
52-53	3.848242701894301E-6	1.366126159172477E-4	0.0	4.0791372640079594E-4	2.308945621136581E-5
54-55	3.848242701894301E-6	1.40460858619142E-4	0.0	4.1176196910269026E-4	2.308945621136581E-5
56-57	3.848242701894301E-6	1.4623322267198345E-4	0.0	4.156102118045845E-4	2.308945621136581E-5
58-59	3.848242701894301E-6	1.5392970807577206E-4	0.0	4.2138257585742596E-4	2.5013577562312957E-5
60-61	3.848242701894301E-6	1.5777795077766635E-4	0.0	4.3292730396310886E-4	2.6937698913260108E-5
62-63	3.848242701894301E-6	1.6162619347956066E-4	0.0	4.483202747706861E-4	2.6937698913260108E-5
64-65	3.848242701894301E-6	1.7124680023429642E-4	0.0	4.6563736692921046E-4	3.078594161515441E-5
66-67	3.848242701894301E-6	1.7317092158524355E-4	0.0	4.7910621638584054E-4	3.078594161515441E-5
68-69	3.848242701894301E-6	1.7317092158524355E-4	0.0	5.021956725972063E-4	3.078594161515441E-5
70-71	3.848242701894301E-6	1.7701916428713787E-4	0.0	5.349057355633079E-4	3.078594161515441E-5
72-73	3.848242701894301E-6	1.8086740698903216E-4	0.0	5.599193131256208E-4	3.271006296610156E-5
74-75	3.848242701894301E-6	1.8663977104187363E-4	0.0	5.810846479860395E-4	3.463418431704871E-5
76-77	3.848242701894301E-6	1.8856389239282076E-4	0.0	6.041741041974053E-4	3.463418431704871E-5
78-79	3.848242701894301E-6	1.943362564456622E-4	0.0	6.080223468992996E-4	3.463418431704871E-5
80-81	3.848242701894301E-6	1.9626037779660937E-4	0.0	6.080223468992996E-4	3.463418431704871E-5
82-83	3.848242701894301E-6	1.9626037779660937E-4	0.0	6.137947109521411E-4	3.463418431704871E-5
84-85	3.848242701894301E-6	2.0010862049850366E-4	0.0	6.157188323030882E-4	3.463418431704871E-5
86-87	3.848242701894301E-6	2.0010862049850366E-4	0.0	6.214911963559296E-4	3.463418431704871E-5
88-89	3.848242701894301E-6	2.020327418494508E-4	0.0	6.368841671635069E-4	3.655830566799586E-5
90	7.696485403788603E-6	2.1550159130608086E-4	0.0	6.426565312163483E-4	4.2330669720837316E-5
>>END_MODULE
