##FastQC	0.11.7
>>Basic Statistics	pass
#Measure	Value
Filename	SRR656469_1_val_1.fq.gz
File type	Conventional base calls
Encoding	Sanger / Illumina 1.9
Total Sequences	62976855
Sequences flagged as poor quality	0
Sequence length	20-76
%GC	48
>>END_MODULE
>>Per base sequence quality	pass
#Base	Mean	Median	Lower Quartile	Upper Quartile	10th Percentile	90th Percentile
1	31.924356448095097	33.0	31.0	34.0	30.0	34.0
2	32.19582578393285	34.0	31.0	34.0	30.0	34.0
3	32.33389122083025	34.0	31.0	34.0	30.0	34.0
4	35.80704544550534	37.0	35.0	37.0	33.0	37.0
5	35.61760721458701	37.0	35.0	37.0	33.0	37.0
6	35.584406398191845	37.0	35.0	37.0	33.0	37.0
7	35.58083599125425	37.0	35.0	37.0	33.0	37.0
8	35.547290476795006	37.0	35.0	37.0	33.0	37.0
9	37.18207160392497	39.0	37.0	39.0	33.0	39.0
10-11	37.24474127042387	39.0	37.0	39.0	33.0	39.0
12-13	37.10658091770381	39.0	37.0	39.0	33.0	39.0
14-15	38.36552822461522	40.0	38.0	41.0	33.0	41.0
16-17	38.31152644094406	40.0	38.0	41.0	33.0	41.0
18-19	38.3076323674785	40.0	38.0	41.0	33.0	41.0
20-21	38.237993906207095	40.0	38.0	41.0	33.0	41.0
22-23	38.17226150097308	40.0	38.0	41.0	33.0	41.0
24-25	38.10810470906205	40.0	38.0	41.0	32.5	41.0
26-27	38.01166406498777	40.0	38.0	41.0	32.0	41.0
28-29	37.955280200953524	40.0	38.0	41.0	32.0	41.0
30-31	37.94371519126351	40.0	37.5	41.0	32.0	41.0
32-33	37.76888977916236	40.0	37.0	41.0	32.0	41.0
34-35	37.7086097431353	40.0	37.0	41.0	31.0	41.0
36-37	37.72270825034852	40.0	37.0	41.0	31.5	41.0
38-39	37.73518723739442	40.0	37.0	41.0	32.0	41.0
40-41	37.68741502023637	40.0	37.0	41.0	32.0	41.0
42-43	37.66159121609465	40.0	37.0	41.0	32.0	41.0
44-45	37.51721842472817	40.0	36.5	41.0	31.0	41.0
46-47	37.3521365875968	40.0	36.0	41.0	31.0	41.0
48-49	37.26795857057853	39.0	36.0	41.0	31.0	41.0
50-51	36.4674860467845	38.5	34.5	40.0	30.5	40.5
52-53	36.49717380476989	38.5	35.0	40.0	30.0	41.0
54-55	36.80033501402299	39.0	35.0	40.0	31.0	41.0
56-57	36.66940481049676	38.5	35.0	40.0	30.5	41.0
58-59	36.45305941112051	38.0	35.0	40.0	30.0	41.0
60-61	36.19663839702583	38.0	34.5	40.0	30.0	41.0
62-63	35.91386216350628	37.0	34.0	40.0	30.0	41.0
64-65	35.62193835297915	36.5	34.0	39.5	29.0	41.0
66-67	35.452054028249165	36.0	34.0	39.0	29.0	41.0
68-69	35.1547622910314	36.0	34.0	39.0	29.0	40.0
70-71	34.888148379273176	35.0	33.5	38.5	29.0	40.0
72-73	34.74036052925347	35.0	33.0	37.5	29.0	40.0
74-75	34.65025344733694	35.0	33.0	37.0	30.0	39.0
76	32.93936191996255	34.0	31.0	35.0	26.0	38.0
>>END_MODULE
>>Per sequence quality scores	pass
#Quality	Count
11	1.0
12	0.0
13	2.0
14	1.0
15	11.0
16	10.0
17	29.0
18	125.0
19	2575.0
20	31317.0
21	92514.0
22	180574.0
23	279807.0
24	382825.0
25	494827.0
26	611686.0
27	738672.0
28	882859.0
29	1036058.0
30	1227969.0
31	1476907.0
32	1801428.0
33	2241019.0
34	2914845.0
35	3928723.0
36	5675429.0
37	8736239.0
38	1.3194746E7
39	1.6064768E7
40	980889.0
>>END_MODULE
>>Per base sequence content	fail
#Base	G	A	T	C
1	25.576480077571933	13.892206399343934	19.84689799036932	40.684415532714816
2	22.01334945534074	21.708726662975838	32.69657883107252	23.581345050610896
3	27.617984706688485	23.538172944666798	24.224214416773364	24.61962793187135
4	27.685656333898756	29.206825576931656	20.099019083281945	23.008499005887643
5	27.82708031299973	30.607636320611775	22.135785561015734	19.42949780537276
6	22.851798307666257	33.89780505533465	21.508826216342744	21.74157042065635
7	19.814989113606586	17.661960112315516	39.89540036380715	22.62765041027075
8	21.680725328629876	22.565654675484883	27.231643467301907	28.52197652858333
9	21.711553838459917	21.771908522390394	29.71785110265881	26.798686536490873
10-11	25.25481279354246	29.926252909843377	20.91206392564699	23.90687037096718
12-13	23.20373493175803	24.078179913037765	27.530152839897326	25.187932315306877
14-15	23.40715777456133	25.422398548099412	26.883278159333535	24.287165518005725
16-17	24.053000594269527	25.568000836386982	26.123567300041532	24.255431269301962
18-19	23.910503099922796	25.911210460965833	25.990336225787956	24.187950213323415
20-21	23.99781158046931	25.927731164822777	25.93450740940515	24.13994984530276
22-23	23.914159536689095	26.115009213578166	25.99356779335111	23.977263456381625
24-25	23.93262981979067	26.033291427944285	26.023310373533608	24.01076837873144
26-27	23.85645200574241	26.121696878220124	25.91627642481853	24.105574691218937
28-29	24.116860184579345	25.90327288666831	25.808352467461855	24.171514461290492
30-31	23.78114065167223	26.103413344813603	25.880941715933382	24.234504287580783
32-33	23.77206689408552	26.14653617395713	26.016237213145704	24.06515971881165
34-35	23.986465403010044	26.06368174483761	25.906745156559037	24.04310769559331
36-37	23.92580929494478	25.960076044172848	25.86877658409407	24.2453380767883
38-39	24.019860160975576	25.961906193617484	25.965996488511284	24.05223715689565
40-41	24.0240461191308	26.094969599696633	25.84465839667407	24.036325884498495
42-43	23.78829468417708	26.16578275395899	26.059884226567835	23.98603833529609
44-45	23.836600738637465	26.129489032892568	26.00798790880609	24.025922319663877
46-47	23.984645402967555	26.00954052278611	25.936010973270978	24.06980310097535
48-49	23.934434737220887	26.088600805371282	25.988255895830065	23.98870856157777
50-51	23.910940228437735	26.058585758532804	25.951221506474198	24.079252506555264
52-53	23.93952854537807	26.16446988480951	25.760026343147757	24.135975226664666
54-55	23.83617986690557	26.088225965888906	25.9607072427462	24.114886924459324
56-57	23.818611044888467	26.001537595636176	26.08405516200777	24.09579619746759
58-59	23.923664361035993	26.011936039751493	25.940310812224226	24.12408878698829
60-61	23.877442992810433	26.057509050650008	25.97402760668877	24.09102034985079
62-63	23.749622906543333	26.174078674186447	26.0583417671953	24.01795665207492
64-65	23.840137399025032	26.063169227310613	26.090171505949904	24.006521867714454
66-67	23.761557660666757	26.211195297983135	26.00545752896349	24.021789512386615
68-69	23.78296834936342	26.19244244902328	26.034000583955713	23.990588617657593
70-71	23.778932122361653	26.13069121455172	26.096611281134773	23.993765381951857
72-73	23.695495236553885	25.99341429344439	26.26663654309958	24.044453926902147
74-75	23.759226295957735	22.4261688061874	28.075167868828686	25.73943702902618
76	24.826672445704958	0.0	39.065072468528385	36.10825508576666
>>END_MODULE
>>Per sequence GC content	pass
#GC Content	Count
0	24098.0
1	18809.5
2	9651.0
3	5556.0
4	5517.0
5	6181.5
6	7187.5
7	8216.5
8	9276.0
9	10545.0
10	12197.0
11	14550.0
12	16751.0
13	19472.0
14	24440.5
15	31614.5
16	40692.0
17	50405.5
18	68103.0
19	97912.5
20	131681.5
21	162795.5
22	214826.5
23	299268.5
24	378295.0
25	439883.0
26	539144.5
27	678004.5
28	803148.0
29	897364.0
30	1012605.0
31	1159948.0
32	1299312.5
33	1403905.0
34	1515843.5
35	1653933.5
36	1768344.0
37	1846343.0
38	1926900.5
39	2056170.5
40	2167532.0
41	2257729.5
42	2320021.5
43	2379579.5
44	2462816.5
45	2513853.5
46	2539121.5
47	2572310.0
48	2636054.0
49	2685367.0
50	2721779.5
51	2762809.0
52	2731735.0
53	2682343.5
54	2654939.5
55	2593138.5
56	2539282.0
57	2455151.0
58	2339527.5
59	2204648.0
60	2054107.0
61	1903983.0
62	1792424.5
63	1680833.5
64	1502385.5
65	1315233.5
66	1119283.0
67	984345.5
68	875540.0
69	722761.0
70	571896.5
71	472795.0
72	396786.5
73	304575.5
74	226938.5
75	179472.0
76	146893.0
77	110595.0
78	81811.5
79	63493.0
80	50520.0
81	37211.5
82	27319.5
83	20376.5
84	15129.0
85	10785.5
86	7904.5
87	6335.0
88	4883.5
89	3477.5
90	2622.5
91	2102.5
92	1823.5
93	1314.5
94	721.5
95	448.5
96	347.0
97	327.5
98	193.5
99	63.0
100	65.0
>>END_MODULE
>>Per base N content	pass
#Base	N-Count
1	0.1628630073699298
2	0.007221700734341211
3	0.0040141731434508755
4	0.026466866279683227
5	0.05731947078017789
6	0.006808850648385029
7	0.004495302282084427
8	0.005683040221681442
9	0.006529382897891614
10-11	0.005270984078198252
12-13	0.004530235750896103
14-15	0.0036449898935092895
16-17	0.001939601461521062
18-19	8.391971939532389E-4
20-21	7.99255195851964E-4
22-23	9.34333579610613E-4
24-25	9.876530849328167E-4
26-27	0.0027723358886146987
28-29	0.0035491230823009572
30-31	0.0014224654111236203
32-33	0.0019345077729220378
34-35	4.7912466303608615E-4
36-37	5.540786522861458E-4
38-39	3.195406593339025E-4
40-41	3.1697963688850526E-4
42-43	2.958005399940159E-4
44-45	6.930106359502688E-4
46-47	5.791234028157337E-4
48-49	4.149132938619565E-4
50-51	6.537915448580512E-4
52-53	4.4929025569026315E-4
54-55	5.987996085810867E-4
56-57	8.188478311939331E-4
58-59	5.705174635685832E-4
60-61	0.0010190306980000625
62-63	0.005880117007304415
64-65	0.0038007677231408498
66-67	7.350865364341455E-4
68-69	6.444219099460103E-4
70-71	5.192302073771866E-4
72-73	4.734018429375945E-5
74-75	9.57524161183221E-7
76	0.0
>>END_MODULE
>>Sequence Length Distribution	warn
#Length	Count
20-21	128023.0
22-23	96183.0
24-25	108873.0
26-27	98516.0
28-29	92169.0
30-31	109259.0
32-33	119624.0
34-35	112351.0
36-37	116240.0
38-39	127932.0
40-41	133503.0
42-43	152727.0
44-45	156277.0
46-47	160393.0
48-49	195530.0
50-51	155867.0
52-53	163219.0
54-55	186816.0
56-57	209727.0
58-59	235428.0
60-61	254670.0
62-63	288493.0
64-65	359810.0
66-67	430974.0
68-69	544754.0
70-71	812124.0
72-73	2680042.0
74-75	1.9765732E7
76-77	3.4981599E7
>>END_MODULE
>>Sequence Duplication Levels	pass
#Total Deduplicated Percentage	72.23824214718901
#Duplication Level	Percentage of deduplicated	Percentage of total
1	83.52408418098908	60.336330181884875
2	10.25580563754929	14.817227421195836
3	3.176094507680293	6.883064523844984
4	1.2794343596641582	3.6969635633941276
5	0.6446632622489801	2.328467042086932
6	0.3319134650961598	1.4386107158117378
7	0.2126015243304706	1.0750572276812225
8	0.1200999300147404	0.6940646261012217
9	0.08769764072407994	0.5701611065726945
>10	0.33386562597676717	3.9687056357462973
>50	0.018128126699846182	0.9183420859698952
>100	0.0138743700001898	1.9610444225259291
>500	0.0012339446428572922	0.6115496451132941
>1k	4.861394827693283E-4	0.6117798249512789
>5k	1.7284900277705296E-5	0.08863197711959649
>10k+	0.0	0.0
>>END_MODULE
>>Overrepresented sequences	pass
>>END_MODULE
>>Adapter Content	pass
#Position	Illumina Universal Adapter	Illumina Small RNA 3' Adapter	Illumina Small RNA 5' Adapter	Nextera Transposase Sequence	SOLID Small RNA Adapter
1	1.1115194621897204E-5	7.939424729926574E-6	0.0	9.52730967591189E-6	1.5878849459853147E-6
2	1.1115194621897204E-5	2.223038924379441E-5	0.0	3.016981397372098E-5	4.763654837955945E-6
3	1.1115194621897204E-5	2.223038924379441E-5	0.0	3.016981397372098E-5	4.763654837955945E-6
4	1.1115194621897204E-5	2.223038924379441E-5	0.0	3.334558386569161E-5	7.939424729926574E-6
5	1.1115194621897204E-5	2.223038924379441E-5	0.0	3.652135375766224E-5	7.939424729926574E-6
6	1.1115194621897204E-5	2.5406159135765035E-5	0.0	3.969712364963287E-5	9.52730967591189E-6
7	1.1115194621897204E-5	3.016981397372098E-5	0.0	4.1285008595618184E-5	9.52730967591189E-6
8	1.1115194621897204E-5	3.810923870364756E-5	0.0	4.446077848758882E-5	9.52730967591189E-6
9	1.1115194621897204E-5	3.810923870364756E-5	0.0	5.081231827153007E-5	1.1115194621897204E-5
10	1.2703079567882517E-5	3.969712364963287E-5	0.0	5.081231827153007E-5	1.1115194621897204E-5
11	1.2703079567882517E-5	3.969712364963287E-5	0.0	5.081231827153007E-5	1.1115194621897204E-5
12	1.2703079567882517E-5	3.969712364963287E-5	0.0	5.081231827153007E-5	1.1115194621897204E-5
13	1.4290964513867832E-5	4.6048663433574126E-5	0.0	5.081231827153007E-5	1.2703079567882517E-5
14	1.587884945985315E-5	4.922443332554476E-5	0.0	5.716385805547133E-5	1.2703079567882517E-5
15	1.587884945985315E-5	4.922443332554476E-5	0.0	6.669116773138321E-5	1.2703079567882517E-5
16	1.7466734405838462E-5	4.922443332554476E-5	0.0	7.939424729926573E-5	1.4290964513867832E-5
17	1.7466734405838462E-5	5.081231827153007E-5	0.0	8.5745787083207E-5	1.587884945985315E-5
18	1.7466734405838462E-5	5.081231827153007E-5	0.0	8.892155697517763E-5	2.381827418977972E-5
19	2.381827418977972E-5	5.2400203217515386E-5	0.0	1.0003675159707484E-4	2.699404408175035E-5
20	3.016981397372098E-5	5.39880881635007E-5	0.0	1.0321252148904546E-4	2.8581929027735664E-5
21	3.334558386569161E-5	5.557597310948602E-5	0.0	1.0480040643503077E-4	2.8581929027735664E-5
22	3.334558386569161E-5	5.557597310948602E-5	0.0	1.0638829138101609E-4	3.016981397372098E-5
23	3.334558386569161E-5	6.192751289342728E-5	0.0	1.0956406127298672E-4	3.016981397372098E-5
24	3.969712364963287E-5	6.510328278539791E-5	0.0	1.270307956788252E-4	3.016981397372098E-5
25	4.1285008595618184E-5	6.510328278539791E-5	0.0	1.3179445051678113E-4	3.016981397372098E-5
26	4.1285008595618184E-5	6.510328278539791E-5	0.0	1.397338752467077E-4	3.016981397372098E-5
27	4.1285008595618184E-5	6.510328278539791E-5	0.0	1.4449753008466363E-4	3.016981397372098E-5
28	4.28728935416035E-5	6.669116773138321E-5	0.0	1.4608541503064896E-4	3.652135375766224E-5
29	4.28728935416035E-5	7.304270751532448E-5	0.0	1.4608541503064896E-4	3.810923870364756E-5
30	4.446077848758882E-5	7.304270751532448E-5	0.0	1.492611849226196E-4	3.969712364963287E-5
31	4.446077848758882E-5	7.46305924613098E-5	0.0	1.492611849226196E-4	3.969712364963287E-5
32	4.446077848758882E-5	7.46305924613098E-5	0.0	1.492611849226196E-4	4.446077848758882E-5
33	4.446077848758882E-5	7.46305924613098E-5	0.0	1.492611849226196E-4	5.081231827153007E-5
34	4.446077848758882E-5	7.621847740729511E-5	0.0	1.508490698686049E-4	5.081231827153007E-5
35	4.446077848758882E-5	7.780636235328042E-5	0.0	1.508490698686049E-4	5.081231827153007E-5
36	4.446077848758882E-5	7.780636235328042E-5	0.0	1.508490698686049E-4	5.081231827153007E-5
37	4.446077848758882E-5	8.5745787083207E-5	0.0	1.5561272470656083E-4	5.2400203217515386E-5
38	4.446077848758882E-5	8.5745787083207E-5	0.0	1.5561272470656083E-4	5.39880881635007E-5
39	4.446077848758882E-5	8.733367202919232E-5	0.0	1.619642644905021E-4	5.39880881635007E-5
40	4.446077848758882E-5	8.892155697517763E-5	0.0	1.6672791932845804E-4	5.39880881635007E-5
41	4.6048663433574126E-5	8.892155697517763E-5	0.0	1.7784311395035527E-4	5.716385805547133E-5
42	4.6048663433574126E-5	9.209732686714825E-5	0.0	1.8578253868028184E-4	5.8751743001456646E-5
43	4.6048663433574126E-5	9.368521181313357E-5	0.0	1.9054619351823777E-4	5.8751743001456646E-5
44	4.6048663433574126E-5	1.0003675159707484E-4	0.0	1.9054619351823777E-4	5.8751743001456646E-5
45	4.6048663433574126E-5	1.0956406127298672E-4	0.0	1.953098483561937E-4	5.8751743001456646E-5
46	4.6048663433574126E-5	1.0956406127298672E-4	0.0	1.9848561824816434E-4	5.8751743001456646E-5
47	4.6048663433574126E-5	1.1273983116495735E-4	0.0	2.1118869781604687E-4	5.8751743001456646E-5
48	4.6048663433574126E-5	1.1432771611094266E-4	0.0	2.159523526540028E-4	6.510328278539791E-5
49	4.6048663433574126E-5	1.1432771611094266E-4	0.0	2.175402375999881E-4	6.510328278539791E-5
50	4.6048663433574126E-5	1.1432771611094266E-4	0.0	2.2071600749195875E-4	6.510328278539791E-5
51	4.763654837955944E-5	1.1909137094889861E-4	0.0	2.2071600749195875E-4	6.510328278539791E-5
52	4.922443332554476E-5	1.2385502578685456E-4	0.0	2.2071600749195875E-4	6.669116773138321E-5
53	4.922443332554476E-5	1.3020656557079582E-4	0.0	2.2230389243794408E-4	6.827905267736853E-5
54	4.922443332554476E-5	1.3338233546276643E-4	0.0	2.3024331716787065E-4	7.304270751532448E-5
55	4.922443332554476E-5	1.3497022040875176E-4	0.0	2.3500697200582658E-4	7.304270751532448E-5
56	4.922443332554476E-5	1.397338752467077E-4	0.0	2.365948569518119E-4	7.304270751532448E-5
57	4.922443332554476E-5	1.5243695481459023E-4	0.0	2.4294639673575315E-4	7.46305924613098E-5
58	4.922443332554476E-5	1.5561272470656083E-4	0.0	2.508858214656797E-4	7.780636235328042E-5
59	4.922443332554476E-5	1.5561272470656083E-4	0.0	2.52473706411665E-4	8.098213224525105E-5
60	4.922443332554476E-5	1.5720060965254616E-4	0.0	2.9375871500728323E-4	8.257001719123637E-5
61	4.922443332554476E-5	1.5878849459853147E-4	0.0	2.985223698452392E-4	8.5745787083207E-5
62	4.922443332554476E-5	1.6831580427444337E-4	0.0	3.1122544941312167E-4	8.5745787083207E-5
63	4.922443332554476E-5	1.730794591123993E-4	0.0	3.255164139269895E-4	8.892155697517763E-5
64	4.922443332554476E-5	1.8101888384232587E-4	0.0	3.2869218381896017E-4	8.892155697517763E-5
65	5.081231827153007E-5	1.841946537342965E-4	0.0	3.3028006876494547E-4	9.209732686714825E-5
>>END_MODULE
