##FastQC	0.11.7
>>Basic Statistics	pass
#Measure	Value
Filename	SRR603397_2_val_2.fq.gz
File type	Conventional base calls
Encoding	Sanger / Illumina 1.9
Total Sequences	40305415
Sequences flagged as poor quality	0
Sequence length	20-76
%GC	48
>>END_MODULE
>>Per base sequence quality	pass
#Base	Mean	Median	Lower Quartile	Upper Quartile	10th Percentile	90th Percentile
1	31.186833803844966	31.0	31.0	34.0	27.0	34.0
2	31.297950486305623	33.0	31.0	34.0	27.0	34.0
3	31.49438610171859	33.0	31.0	34.0	27.0	34.0
4	35.00669905023928	37.0	35.0	37.0	32.0	37.0
5	34.98062960026587	37.0	35.0	37.0	32.0	37.0
6	34.94451693401495	37.0	35.0	37.0	32.0	37.0
7	34.8285152503702	37.0	35.0	37.0	32.0	37.0
8	34.81648552682065	37.0	35.0	37.0	31.0	37.0
9	36.34709378380052	39.0	37.0	39.0	32.0	39.0
10-11	36.578785195487995	39.0	37.0	39.0	32.0	39.0
12-13	36.49583121771603	39.0	37.0	39.0	32.0	39.0
14-15	37.75830638389408	40.0	37.0	41.0	32.0	41.0
16-17	37.710104684445	40.0	37.0	41.0	32.0	41.0
18-19	37.719284046572895	40.0	37.5	41.0	32.0	41.0
20-21	37.70353309204881	40.0	37.0	41.0	32.0	41.0
22-23	37.43974324038113	40.0	37.0	41.0	31.0	41.0
24-25	37.5288496519515	40.0	37.0	41.0	31.0	41.0
26-27	37.44367301065053	40.0	37.0	41.0	31.0	41.0
28-29	37.43744690531703	40.0	37.0	41.0	31.0	41.0
30-31	37.487879771064556	40.0	37.0	41.0	31.0	41.0
32-33	37.39894268910084	40.0	37.0	41.0	31.0	41.0
34-35	37.328842129590555	40.0	37.0	41.0	30.5	41.0
36-37	37.28237686284114	40.0	37.0	41.0	30.0	41.0
38-39	37.2033093513067	40.0	36.0	41.0	30.0	41.0
40-41	37.09625894450753	39.5	36.0	41.0	30.0	41.0
42-43	37.075954791316185	39.0	36.0	41.0	30.0	41.0
44-45	36.990685334566386	39.0	36.0	41.0	30.0	41.0
46-47	36.931394093515046	39.0	35.5	41.0	30.0	41.0
48-49	36.72181443267331	39.0	35.0	40.5	30.0	41.0
50-51	35.97732295381235	38.0	34.0	39.5	29.0	40.5
52-53	36.21700458796417	38.0	34.5	40.0	30.0	40.5
54-55	36.54397332296031	38.0	35.0	40.0	30.0	41.0
56-57	36.37856387046554	38.0	35.0	40.0	30.0	41.0
58-59	36.1268897158404	38.0	34.5	40.0	29.5	41.0
60-61	35.8169396083472	37.0	34.0	40.0	29.0	41.0
62-63	35.497525600234304	37.0	34.0	40.0	29.0	41.0
64-65	35.29870287215486	36.0	34.0	39.0	29.0	41.0
66-67	35.18015719982668	36.0	34.0	39.0	29.0	41.0
68-69	35.05502803271166	35.5	34.0	39.0	29.0	40.0
70-71	34.90412655012672	35.0	34.0	38.0	29.5	40.0
72-73	34.77038023292473	35.0	34.0	37.0	30.0	40.0
74-75	34.691588633447864	35.0	34.0	37.0	30.0	39.0
76	33.16891876591784	34.0	31.0	35.0	27.0	38.0
>>END_MODULE
>>Per sequence quality scores	pass
#Quality	Count
11	1.0
12	10.0
13	20.0
14	91.0
15	195.0
16	364.0
17	771.0
18	5101.0
19	26104.0
20	98448.0
21	163487.0
22	225988.0
23	287573.0
24	352659.0
25	419468.0
26	491117.0
27	565950.0
28	651947.0
29	753030.0
30	876043.0
31	1033361.0
32	1247072.0
33	1543079.0
34	1993476.0
35	2671588.0
36	3842690.0
37	5853015.0
38	8172324.0
39	8537720.0
40	492723.0
>>END_MODULE
>>Per base sequence content	fail
#Base	G	A	T	C
1	27.798175795098935	12.602078495799404	20.71467485654693	38.88507085255473
2	22.185732469880048	23.643239893219572	31.66814821139308	22.5028794255073
3	27.398669288620788	25.330698373030575	24.182994433700554	23.087637904648087
4	28.39471008191716	30.122864700195024	18.694663617420083	22.78776160046773
5	26.824266773844634	31.034178865897864	20.661627018182603	21.47992734207489
6	21.86624973892595	34.0609667986762	20.634779234642178	23.43800422775568
7	20.074809979251658	15.302211850261902	40.20788267879533	24.415095491691115
8	21.52105691308452	22.415760078504743	25.411890741133263	30.651292267277476
9	21.526707206781882	22.256448174966394	28.450517754859046	27.76632686339268
10-11	25.942269795460433	29.92397536160944	19.632852654577686	24.500902188352445
12-13	23.583870068451468	22.52301969900092	27.764781743708145	26.12832848883947
14-15	23.670270488677353	24.572940249999576	26.75232600666505	25.00446325465802
16-17	23.64521356525057	25.708738355477667	26.295133630791	24.35091444848076
18-19	23.711311558491943	25.968799015967992	25.416001149143913	24.903888276396156
20-21	24.457548886076804	25.98705236388791	25.42136076675731	24.134037983277974
22-23	24.517007530716956	26.2201157121967	25.39648027567882	23.866396481407527
24-25	24.400727348662134	25.6964685718983	26.00348609717359	23.899317982265977
26-27	23.663160694826963	25.66887600305207	26.55586752423546	24.1120957778855
28-29	23.69217311842825	25.978345166739814	25.585813739576885	24.743667975255054
30-31	23.37178278408828	25.826655408907286	26.775916940409918	24.025644866594522
32-33	23.975642606373256	26.12468204351674	25.916314640140115	23.98336070996989
34-35	24.354161657559647	25.74664863148484	25.9593551501718	23.939834560783712
36-37	23.691546970650457	26.06363955828959	25.681204417842206	24.563609053217743
38-39	24.00048921583079	25.783249332571007	26.055267931895955	24.160993519702245
40-41	24.18010344852905	25.981023096587485	25.739816636952533	24.09905681793093
42-43	23.96114293669988	25.829969572658985	26.201599915965897	24.007287574675246
44-45	23.705891405629846	25.892352405228447	26.00218959051888	24.399566598622826
46-47	24.08775134929635	26.048063158445782	25.748823810865602	24.11536168139226
48-49	23.687484883272774	25.94191435954969	25.836837179049276	24.53376357812826
50-51	23.95429055398298	25.719658141618073	26.13345424387252	24.192597060526424
52-53	23.920729451724096	25.893584014928646	26.03205712011717	24.15362941323009
54-55	23.696280826699727	25.818018775742598	26.070687958193624	24.415012439364062
56-57	23.657733999489537	25.86090861091105	26.155489846270147	24.32586754332927
58-59	23.63498921092155	26.01756850967313	26.08846088210178	24.258981397303543
60-61	23.706427813753464	26.00592216621967	26.03966361995253	24.247986400074332
62-63	23.53755657388456	26.280948517230595	26.141700046670064	24.039794862214777
64-65	23.51991357576315	26.23776233757789	26.201589237465235	24.040734849193722
66-67	23.538977351426016	26.176419199395557	26.121343277831738	24.163260171346693
68-69	23.621443243420757	26.230984252998095	26.068318004936984	24.079254498644158
70-71	23.581186873180535	26.148071965847908	26.115788737636837	24.154952423334723
72-73	23.398713349172155	26.02404749752294	26.415550906263224	24.16168824704168
74-75	23.71062018904654	22.6367316283019	28.0208831934099	25.631764989241656
76	24.527105674328176	0.0	38.87637218784542	36.596522137826405
>>END_MODULE
>>Per sequence GC content	pass
#GC Content	Count
0	2998.0
1	2655.5
2	2216.0
3	2064.5
4	2089.0
5	2319.5
6	2669.0
7	3059.0
8	3401.5
9	3758.0
10	4276.5
11	5005.5
12	5682.5
13	6578.5
14	8122.0
15	10358.0
16	13303.0
17	16465.0
18	22298.0
19	32917.5
20	46280.0
21	58698.5
22	79686.5
23	115299.0
24	152255.0
25	182918.0
26	230835.5
27	300118.0
28	372512.5
29	432356.5
30	502370.0
31	595032.0
32	685969.5
33	759144.5
34	850221.0
35	982663.0
36	1094180.0
37	1175290.0
38	1251713.5
39	1376210.5
40	1497941.5
41	1615151.5
42	1721265.0
43	1775795.5
44	1847451.5
45	1914064.5
46	1967315.5
47	2010474.0
48	2036054.5
49	1993888.0
50	1931968.0
51	1903782.5
52	1823863.0
53	1731371.0
54	1667119.5
55	1603578.5
56	1560076.5
57	1497920.0
58	1433108.0
59	1378247.5
60	1316768.0
61	1226279.5
62	1138198.5
63	1034119.5
64	904747.5
65	802224.5
66	678095.5
67	589618.0
68	517951.5
69	423398.0
70	335244.0
71	276548.5
72	231489.0
73	176808.0
74	132623.5
75	106360.5
76	87732.5
77	66200.0
78	47560.5
79	35444.0
80	27301.0
81	19321.5
82	13919.0
83	10075.5
84	7394.5
85	5507.0
86	4288.5
87	3687.0
88	2923.5
89	2095.0
90	1593.0
91	1323.0
92	1203.5
93	878.5
94	495.5
95	339.5
96	272.5
97	262.5
98	190.5
99	117.5
100	113.0
>>END_MODULE
>>Per base N content	pass
#Base	N-Count
1	0.024393744612231386
2	0.03786091769555034
3	0.041902558254269306
4	0.04649995540301471
5	0.058317226109692706
6	0.013759937715565019
7	0.20453579252316345
8	0.0027241997136116824
9	0.20233757672511252
10-11	0.0022714069561124727
12-13	0.0030740286385836746
14-15	0.0032414999324532445
16-17	0.0012901492268470626
18-19	0.0015593438251411131
20-21	0.0013841187996489774
22-23	0.004538371050401439
24-25	0.005275078258521329
26-27	0.05017461392970798
28-29	1.2900500580754234E-4
30-31	3.2886487143266344E-4
32-33	0.0012534053204111104
34-35	4.5660395635976154E-4
36-37	4.234164408382452E-4
38-39	5.220572680350354E-4
40-41	1.0797736931533926E-4
42-43	0.001011190684289929
44-45	5.505368916240027E-4
46-47	0.0010551771060989287
48-49	1.5918231025471827E-4
50-51	0.001328405549445076
52-53	9.640831779991418E-4
54-55	0.0016555083162564004
56-57	0.0015105835732440087
58-59	1.74788152519881E-4
60-61	9.865288502894519E-4
62-63	0.00123004854679302
64-65	8.154410220254057E-4
66-67	0.0013861152924186297
68-69	3.1970517992218294E-4
70-71	9.98727634489979E-5
72-73	3.156144715986633E-5
74-75	0.0
76	0.0
>>END_MODULE
>>Sequence Length Distribution	warn
#Length	Count
20-21	82796.0
22-23	76485.0
24-25	109551.0
26-27	96174.0
28-29	78153.0
30-31	108466.0
32-33	89763.0
34-35	86250.0
36-37	91719.0
38-39	98370.0
40-41	99597.0
42-43	120191.0
44-45	99617.0
46-47	94438.0
48-49	103653.0
50-51	100896.0
52-53	109431.0
54-55	130646.0
56-57	148738.0
58-59	178015.0
60-61	155476.0
62-63	166727.0
64-65	200663.0
66-67	232490.0
68-69	299724.0
70-71	481652.0
72-73	1583651.0
74-75	1.2294751E7
76-77	2.2787332E7
>>END_MODULE
>>Sequence Duplication Levels	warn
#Total Deduplicated Percentage	56.87715294154751
#Duplication Level	Percentage of deduplicated	Percentage of total
1	89.64833033267308	50.98941795285818
2	6.699191676476339	7.620618991353735
3	1.6838031955893586	2.873097956370072
4	0.6767872893015701	1.5397493665000304
5	0.3512396742397225	0.998875633543601
6	0.20288223441257638	0.69236183254842
7	0.1273918327063355	0.5071979326639594
8	0.08402048565892702	0.38230768104367124
9	0.06581762225335364	0.33691670704376964
>10	0.314945273767487	3.3427904353579527
>50	0.04232029825833359	1.7390618433050873
>100	0.07747092116185003	10.240032236272018
>500	0.016250348463766925	6.337731794002304
>1k	0.008889078725989007	8.14561422910604
>5k	3.4722963773393647E-4	1.4542692639422237
>10k+	3.1250667396054286E-4	2.799956144089098
>>END_MODULE
>>Overrepresented sequences	pass
>>END_MODULE
>>Adapter Content	pass
#Position	Illumina Universal Adapter	Illumina Small RNA 3' Adapter	Illumina Small RNA 5' Adapter	Nextera Transposase Sequence	SOLID Small RNA Adapter
1	0.0	2.4810562054751204E-6	0.0	0.0	0.0
2	0.0	9.924224821900482E-6	0.0	1.4886337232850722E-5	0.0
3	0.0	1.2405281027375603E-5	0.0	1.7367393438325842E-5	0.0
4	0.0	1.2405281027375603E-5	0.0	2.2329505849276084E-5	2.4810562054751204E-6
5	0.0	1.2405281027375603E-5	0.0	2.4810562054751205E-5	2.4810562054751204E-6
6	0.0	1.2405281027375603E-5	0.0	2.7291618260226323E-5	2.4810562054751204E-6
7	2.4810562054751204E-6	2.2329505849276084E-5	0.0	2.9772674465701445E-5	2.4810562054751204E-6
8	2.4810562054751204E-6	2.9772674465701445E-5	0.0	2.9772674465701445E-5	2.4810562054751204E-6
9	4.962112410950241E-6	3.225373067117656E-5	0.0	3.4734786876651684E-5	4.962112410950241E-6
10	4.962112410950241E-6	3.4734786876651684E-5	0.0	3.7215843082126805E-5	9.924224821900482E-6
11	9.924224821900482E-6	4.217795549307705E-5	0.0	3.9696899287601926E-5	1.2405281027375603E-5
12	9.924224821900482E-6	4.217795549307705E-5	0.0	4.962112410950241E-5	1.2405281027375603E-5
13	1.2405281027375603E-5	4.714006790402729E-5	0.0	5.4583236520452647E-5	1.2405281027375603E-5
14	1.2405281027375603E-5	4.714006790402729E-5	0.0	5.4583236520452647E-5	1.2405281027375603E-5
15	1.2405281027375603E-5	5.4583236520452647E-5	0.0	6.2026405136878E-5	1.2405281027375603E-5
16	1.2405281027375603E-5	5.706429272592777E-5	0.0	6.2026405136878E-5	1.2405281027375603E-5
17	1.4886337232850722E-5	5.954534893140289E-5	0.0	6.698851754782825E-5	1.2405281027375603E-5
18	1.4886337232850722E-5	5.954534893140289E-5	0.0	6.698851754782825E-5	1.2405281027375603E-5
19	1.4886337232850722E-5	5.954534893140289E-5	0.0	7.691274236972873E-5	1.2405281027375603E-5
20	1.7367393438325842E-5	5.954534893140289E-5	0.0	7.939379857520385E-5	1.2405281027375603E-5
21	1.7367393438325842E-5	6.2026405136878E-5	0.0	7.939379857520385E-5	1.2405281027375603E-5
22	1.7367393438325842E-5	6.698851754782825E-5	0.0	7.939379857520385E-5	1.2405281027375603E-5
23	1.9848449643800963E-5	7.939379857520385E-5	0.0	8.187485478067897E-5	1.2405281027375603E-5
24	1.9848449643800963E-5	9.179907960257946E-5	0.0	8.43559109861541E-5	1.2405281027375603E-5
25	1.9848449643800963E-5	9.179907960257946E-5	0.0	8.43559109861541E-5	1.2405281027375603E-5
26	1.9848449643800963E-5	9.179907960257946E-5	0.0	8.43559109861541E-5	1.7367393438325842E-5
27	1.9848449643800963E-5	9.67611920135297E-5	0.0	8.43559109861541E-5	2.4810562054751205E-5
28	1.9848449643800963E-5	9.67611920135297E-5	0.0	8.43559109861541E-5	2.4810562054751205E-5
29	1.9848449643800963E-5	1.0668541683543017E-4	0.0	8.683696719162922E-5	2.4810562054751205E-5
30	1.9848449643800963E-5	1.0916647304090529E-4	0.0	8.931802339710434E-5	2.7291618260226323E-5
31	1.9848449643800963E-5	1.0916647304090529E-4	0.0	8.931802339710434E-5	2.9772674465701445E-5
32	1.9848449643800963E-5	1.1164752924638041E-4	0.0	9.179907960257946E-5	3.4734786876651684E-5
33	1.9848449643800963E-5	1.1164752924638041E-4	0.0	9.67611920135297E-5	3.4734786876651684E-5
34	2.4810562054751205E-5	1.1412858545185554E-4	0.0	9.924224821900482E-5	3.4734786876651684E-5
35	2.4810562054751205E-5	1.2901492268470625E-4	0.0	1.0420436062995505E-4	3.4734786876651684E-5
36	2.4810562054751205E-5	1.3149597889018137E-4	0.0	1.0668541683543017E-4	3.4734786876651684E-5
37	2.4810562054751205E-5	1.4142020371208186E-4	0.0	1.1164752924638041E-4	3.4734786876651684E-5
38	2.4810562054751205E-5	1.4390125991755698E-4	0.0	1.1164752924638041E-4	3.7215843082126805E-5
39	2.4810562054751205E-5	1.4390125991755698E-4	0.0	1.1412858545185554E-4	3.7215843082126805E-5
40	2.4810562054751205E-5	1.5134442853398234E-4	0.0	1.1412858545185554E-4	3.9696899287601926E-5
41	2.4810562054751205E-5	1.5382548473945746E-4	0.0	1.215717540682809E-4	3.9696899287601926E-5
42	2.4810562054751205E-5	1.587875971504077E-4	0.0	1.3149597889018137E-4	3.9696899287601926E-5
43	2.7291618260226323E-5	1.6374970956135795E-4	0.0	1.3149597889018137E-4	4.465901169855217E-5
44	2.9772674465701445E-5	1.7367393438325843E-4	0.0	1.3149597889018137E-4	4.465901169855217E-5
45	2.9772674465701445E-5	1.811171029996838E-4	0.0	1.339770350956565E-4	4.714006790402729E-5
46	2.9772674465701445E-5	1.8359815920515892E-4	0.0	1.364580913011316E-4	4.714006790402729E-5
47	2.9772674465701445E-5	1.8607921541063404E-4	0.0	1.364580913011316E-4	4.714006790402729E-5
48	2.9772674465701445E-5	1.9104132782158428E-4	0.0	1.364580913011316E-4	4.962112410950241E-5
49	2.9772674465701445E-5	1.9600344023253452E-4	0.0	1.4142020371208186E-4	5.2102180314977525E-5
50	2.9772674465701445E-5	2.084087212599101E-4	0.0	1.4142020371208186E-4	5.2102180314977525E-5
51	3.225373067117656E-5	2.1833294608181059E-4	0.0	1.4390125991755698E-4	5.2102180314977525E-5
52	3.225373067117656E-5	2.2825717090371107E-4	0.0	1.463823161230321E-4	5.4583236520452647E-5
53	3.225373067117656E-5	2.2825717090371107E-4	0.0	1.4886337232850722E-4	5.4583236520452647E-5
54	3.225373067117656E-5	2.2825717090371107E-4	0.0	1.4886337232850722E-4	5.4583236520452647E-5
55	3.225373067117656E-5	2.3570033952013643E-4	0.0	1.5134442853398234E-4	5.4583236520452647E-5
56	3.225373067117656E-5	2.4066245193108668E-4	0.0	1.5134442853398234E-4	5.706429272592777E-5
57	3.225373067117656E-5	2.5058667675298716E-4	0.0	1.5134442853398234E-4	5.706429272592777E-5
58	3.225373067117656E-5	2.5306773295846226E-4	0.0	1.6126865335588283E-4	5.954534893140289E-5
59	3.225373067117656E-5	2.555487891639374E-4	0.0	1.6623076576683307E-4	6.2026405136878E-5
60	3.225373067117656E-5	2.555487891639374E-4	0.0	1.6623076576683307E-4	6.2026405136878E-5
61	3.225373067117656E-5	2.6051090157488765E-4	0.0	1.7367393438325843E-4	6.2026405136878E-5
62	3.225373067117656E-5	2.7043512639678813E-4	0.0	1.7615499058873355E-4	6.450746134235312E-5
63	3.225373067117656E-5	2.729161826022632E-4	0.0	1.811171029996838E-4	6.946957375330337E-5
64	3.225373067117656E-5	2.753972388077384E-4	0.0	1.811171029996838E-4	6.946957375330337E-5
65	3.4734786876651684E-5	2.8780251983511395E-4	0.0	1.8359815920515892E-4	7.443168616425361E-5
>>END_MODULE
