##FastQC	0.11.7
>>Basic Statistics	pass
#Measure	Value
Filename	SRR807971_1_val_1.fq.gz
File type	Conventional base calls
Encoding	Sanger / Illumina 1.9
Total Sequences	53440654
Sequences flagged as poor quality	0
Sequence length	20-76
%GC	49
>>END_MODULE
>>Per base sequence quality	pass
#Base	Mean	Median	Lower Quartile	Upper Quartile	10th Percentile	90th Percentile
1	31.19231501171374	31.0	31.0	34.0	28.0	34.0
2	31.41269771885651	31.0	31.0	34.0	28.0	34.0
3	30.493333913915052	31.0	30.0	34.0	26.0	34.0
4	34.708282406124745	37.0	35.0	37.0	30.0	37.0
5	34.68868288924757	37.0	35.0	37.0	30.0	37.0
6	34.71354117410315	37.0	35.0	37.0	30.0	37.0
7	34.80868222533354	37.0	35.0	37.0	31.0	37.0
8	34.7743230836958	37.0	35.0	37.0	31.0	37.0
9	36.25670191087107	39.0	35.0	39.0	31.0	39.0
10-11	36.197773721107524	39.0	35.0	39.0	30.0	39.0
12-13	36.12015660399665	38.5	35.0	39.0	30.0	39.0
14-15	37.16924120165146	39.0	36.0	41.0	31.0	41.0
16-17	37.05842512705776	39.0	36.0	41.0	30.5	41.0
18-19	36.9495409244056	39.0	36.0	41.0	30.0	41.0
20-21	36.8435959524379	39.0	36.0	41.0	30.0	41.0
22-23	36.73836733715724	39.0	36.0	40.5	30.0	41.0
24-25	36.752623965294426	39.0	36.0	41.0	30.0	41.0
26-27	36.67931891458261	39.0	35.0	41.0	30.0	41.0
28-29	36.64886737579273	39.0	35.0	41.0	30.0	41.0
30-31	36.612171077144474	39.0	35.0	41.0	30.0	41.0
32-33	36.551101806706	39.0	35.0	40.0	30.0	41.0
34-35	36.54187503699453	39.0	35.0	40.5	30.0	41.0
36-37	36.51738013175603	39.0	35.0	40.5	30.0	41.0
38-39	36.438427835419	39.0	35.0	40.0	29.5	41.0
40-41	36.34429132995547	38.5	35.0	40.0	29.0	41.0
42-43	36.22376169262363	38.0	34.5	40.0	29.0	41.0
44-45	36.09932187066245	38.0	34.0	40.0	28.5	41.0
46-47	35.959987879010185	38.0	34.0	40.0	28.0	41.0
48-49	35.80286672697342	38.0	34.0	40.0	28.0	41.0
50-51	34.92075394132991	37.0	32.5	39.5	27.0	40.5
52-53	35.01338586825481	37.0	33.0	39.5	27.5	40.0
54-55	35.414425177708324	38.0	33.0	40.0	28.0	41.0
56-57	35.31861540609135	37.0	33.0	40.0	28.0	41.0
58-59	35.11719531106712	37.0	33.0	40.0	27.5	41.0
60-61	34.884951147109874	36.5	33.0	39.5	27.0	41.0
62-63	34.61243299305884	36.0	32.0	39.0	27.0	41.0
64-65	34.35891696678269	35.5	32.0	39.0	26.5	40.0
66-67	34.09312986684371	35.0	32.0	38.5	26.0	40.0
68-69	33.84190133086224	35.0	32.0	38.0	26.0	40.0
70-71	33.64325569597477	35.0	31.5	37.0	26.0	39.5
72-73	33.56441882321921	35.0	31.5	37.0	26.5	39.0
74-75	33.68247726994887	35.0	32.0	36.0	28.0	39.0
76	31.702236244109432	33.0	29.0	35.0	25.0	37.0
>>END_MODULE
>>Per sequence quality scores	pass
#Quality	Count
14	27.0
15	108.0
16	251.0
17	413.0
18	658.0
19	2621.0
20	33321.0
21	118100.0
22	247754.0
23	394924.0
24	551236.0
25	716779.0
26	888742.0
27	1072587.0
28	1273713.0
29	1502660.0
30	1762886.0
31	2073426.0
32	2445116.0
33	2918823.0
34	3555137.0
35	4399648.0
36	5607947.0
37	7276522.0
38	8877418.0
39	7388940.0
40	330897.0
>>END_MODULE
>>Per base sequence content	fail
#Base	G	A	T	C
1	28.95995573967956	13.430002996199125	14.622270624972582	42.98777063914873
2	23.351540051442647	21.119716906367454	34.52690446806261	21.001838574127284
3	26.389151200206122	23.94010171568474	24.147431250165955	25.523315833943183
4	26.657321248273487	31.254313891261244	20.45359518482795	21.634769675637326
5	27.482434773938774	31.046539051502027	21.79371198207212	19.67731419248708
6	21.96163916201114	33.342970465371494	22.26192471116907	22.433465661448302
7	19.679758915343605	16.597632156148126	39.740492293101845	23.982116635406427
8	21.676607424700283	21.760707976114485	27.301516233275862	29.261168365909366
9	21.392043109546364	20.880199397483302	29.973518749803397	27.754238743166944
10-11	25.75118097894001	29.424748510651565	20.843029500704727	23.981041009703695
12-13	23.333638817075258	23.351618850976003	27.485702729326484	25.829039602622256
14-15	23.876141353751564	24.939374613329683	26.732339400888737	24.45214463203002
16-17	24.769628946265485	25.022716382042447	25.51385679186277	24.693797879829297
18-19	24.552721209285885	25.368954050430926	25.341879524799683	24.73644521548351
20-21	24.54810674971045	25.567661425557876	25.58936772434508	24.294864100386597
22-23	24.57772525441482	25.5536688430303	25.537303242068305	24.33130266048657
24-25	24.50049972237437	25.533278704107467	25.475380477081842	24.490841096436323
26-27	24.5055126489785	25.71158488869806	25.41186676317746	24.371035699145985
28-29	24.612335985963433	25.524589902639562	25.377565709133208	24.485508402263793
30-31	24.16056704110687	25.56046238339672	25.6055493956915	24.673421179804905
32-33	24.31309495240381	25.572978067080076	25.60532198844211	24.508604992074005
34-35	24.65981858224494	25.57791344808492	25.281120933129753	24.48114703654038
36-37	24.517655673140197	25.528749453785966	25.505007096739952	24.448587776333888
38-39	24.130825210254006	25.622450946884257	25.707330003647293	24.539393839214444
40-41	24.427968647869655	25.422936983823842	25.622327135077445	24.52676723322906
42-43	24.221653864473765	25.44629344706956	25.74533084475811	24.586721843698555
44-45	24.138140053678743	25.63430008979795	25.870926266081756	24.356633590441554
46-47	24.494157790827764	25.42171885872479	25.587985298939408	24.49613805150804
48-49	24.26015661571866	25.402898316618504	25.75644854187108	24.58049652579176
50-51	24.343559409535125	25.521814068877102	25.755755141521114	24.37887138006666
52-53	24.276204442793777	25.48244887239744	25.678820808036363	24.56252587677242
54-55	24.25463435875499	25.499112273267464	25.744774085899348	24.501479282078193
56-57	24.187462970024537	25.550942807244333	25.773714862574277	24.487879360156853
58-59	24.309155127062716	25.511411194677247	25.71345669908712	24.46597697917292
60-61	24.22048431145894	25.495030995481432	25.773815839113123	24.5106688539465
62-63	23.92327974267168	25.554851853816245	26.027145027895454	24.494723375616616
64-65	24.15638386695576	25.50286898356023	25.80928481064268	24.531462338841337
66-67	24.124934758249093	25.550951903002932	25.77635361072344	24.54775972802453
68-69	23.96179354751531	25.55975008785892	25.93890675746382	24.539549607161955
70-71	23.979305607696265	25.577791463945783	25.932478671363995	24.51042425699396
72-73	23.686083981943344	25.285548699940296	26.304863617155217	24.723503700961146
74-75	23.96928571563544	21.613088055670115	28.254225930572836	26.16340029812161
76	25.42805521693996	0.0	38.270865409466126	36.301079373593915
>>END_MODULE
>>Per sequence GC content	pass
#GC Content	Count
0	6985.0
1	5631.5
2	3782.5
3	3252.5
4	3284.0
5	3568.0
6	4069.0
7	4628.5
8	5219.0
9	6009.5
10	7079.0
11	8388.0
12	9638.0
13	11405.5
14	14379.5
15	18193.5
16	22866.5
17	27917.5
18	36131.5
19	49561.0
20	66748.5
21	84208.5
22	110697.0
23	152326.5
24	194668.0
25	231250.5
26	291305.0
27	376488.0
28	457976.5
29	525088.5
30	615812.5
31	736056.0
32	849053.5
33	927233.0
34	1017565.0
35	1154244.5
36	1265748.5
37	1351817.0
38	1460373.5
39	1640101.5
40	1812978.0
41	2002161.0
42	2182016.0
43	2317823.5
44	2404673.0
45	2414195.0
46	2430125.5
47	2481650.0
48	2540830.0
49	2553404.0
50	2562940.0
51	2607856.5
52	2624343.5
53	2615116.5
54	2620656.0
55	2638124.0
56	2589078.5
57	2395248.0
58	2222050.5
59	2070590.0
60	1908527.0
61	1678027.0
62	1463581.5
63	1325910.5
64	1147453.5
65	991246.5
66	837964.0
67	728077.0
68	648646.5
69	545165.0
70	441775.5
71	369437.0
72	315073.5
73	252123.0
74	197737.5
75	162940.5
76	137400.0
77	109210.0
78	85304.0
79	69753.5
80	57500.0
81	45425.0
82	35867.0
83	27359.5
84	20428.0
85	15051.0
86	11409.0
87	9089.5
88	6932.5
89	4961.5
90	3809.0
91	3117.5
92	2756.5
93	2035.0
94	1164.0
95	738.5
96	547.0
97	498.5
98	304.5
99	111.0
100	108.0
>>END_MODULE
>>Per base N content	pass
#Base	N-Count
1	0.14291928388451236
2	0.004685571400379943
3	2.3390432310203387E-4
4	0.0784777072526096
5	0.004758549549187777
6	0.002842405334335916
7	0.004049351641542411
8	0.0041934367045732635
9	0.0046163357207417415
10-11	0.007386698523562231
12-13	0.0015372192114265666
14-15	0.005333954184018781
16-17	0.012628962212925013
18-19	0.026288039064791387
20-21	0.03410348019482226
22-23	0.019205779384345603
24-25	0.00962201428225431
26-27	0.008887635639449016
28-29	0.011052385593389264
30-31	0.013973566330368937
32-33	0.018556018091478756
34-35	0.007477889539959041
36-37	0.0026156714100361695
38-39	5.427178773348099E-4
40-41	0.0033160429343941384
42-43	7.938889481452379E-4
44-45	0.0016129203980907222
46-47	8.987032920730172E-4
48-49	4.4794565853642704E-4
50-51	0.0010727992282795812
52-53	0.002065689352580619
54-55	0.0027765911730129197
56-57	0.0013248934225156463
58-59	1.393732898835111E-5
60-61	5.1128690915033135E-5
62-63	1.515969112513378E-5
64-65	3.979199479545195E-5
66-67	3.922451644583849E-5
68-69	7.96098063610875E-5
70-71	4.0611757995260845E-5
72-73	2.760550866821254E-5
74-75	0.0
76	0.0
>>END_MODULE
>>Sequence Length Distribution	warn
#Length	Count
20-21	83603.0
22-23	86656.0
24-25	92969.0
26-27	99458.0
28-29	106800.0
30-31	114556.0
32-33	122110.0
34-35	131945.0
36-37	142887.0
38-39	156808.0
40-41	171626.0
42-43	187687.0
44-45	203520.0
46-47	224119.0
48-49	236399.0
50-51	205299.0
52-53	213126.0
54-55	256295.0
56-57	297624.0
58-59	339884.0
60-61	386294.0
62-63	448118.0
64-65	536486.0
66-67	662666.0
68-69	870132.0
70-71	1273110.0
72-73	3002585.0
74-75	1.6047475E7
76-77	2.6740417E7
>>END_MODULE
>>Sequence Duplication Levels	pass
#Total Deduplicated Percentage	72.02355161032929
#Duplication Level	Percentage of deduplicated	Percentage of total
1	87.34115516954681	62.906201970596356
2	7.953279917141839	11.456469331673217
3	2.1817130531738105	4.714041680525792
4	0.8972567606329174	2.5849447442864726
5	0.46034247298905406	1.657774993087688
6	0.2868448681729055	1.239575170020562
7	0.19532520752836108	0.9847610615652039
8	0.12623457874175484	0.7273490157611966
9	0.08933114271406656	0.5790551550908639
>10	0.4173577152113327	5.1691589988430815
>50	0.025156429374488608	1.2700574031421168
>100	0.02123098295648567	3.1635001810000256
>500	0.0030590887621583882	1.5130337375492504
>1k	0.001704261780231254	2.002624728441985
>5k	8.351273801073573E-6	0.031451828416318744
>10k+	0.0	0.0
>>END_MODULE
>>Overrepresented sequences	pass
>>END_MODULE
>>Adapter Content	pass
#Position	Illumina Universal Adapter	Illumina Small RNA 3' Adapter	Illumina Small RNA 5' Adapter	Nextera Transposase Sequence	SOLID Small RNA Adapter
1	0.0	7.4849383392650844E-6	0.0	1.8712345848162711E-6	0.0
2	0.0	2.8068518772244068E-5	0.0	1.4969876678530169E-5	3.7424691696325422E-6
3	0.0	2.9939753357060338E-5	0.0	1.4969876678530169E-5	7.4849383392650844E-6
4	0.0	2.9939753357060338E-5	0.0	1.4969876678530169E-5	1.3098642093713898E-5
5	0.0	2.9939753357060338E-5	0.0	1.4969876678530169E-5	1.3098642093713898E-5
6	0.0	2.9939753357060338E-5	0.0	1.4969876678530169E-5	2.0583580432978983E-5
7	0.0	4.1167160865957966E-5	0.0	1.684111126334644E-5	2.0583580432978983E-5
8	0.0	4.678086462040678E-5	0.0	2.6197284187427795E-5	2.0583580432978983E-5
9	0.0	4.678086462040678E-5	0.0	3.181098794187661E-5	2.2454815017795252E-5
10	0.0	4.678086462040678E-5	0.0	3.181098794187661E-5	2.2454815017795252E-5
11	0.0	4.678086462040678E-5	0.0	3.181098794187661E-5	2.4326049602611525E-5
12	0.0	4.678086462040678E-5	0.0	3.368222252669288E-5	2.6197284187427795E-5
13	0.0	4.865209920522305E-5	0.0	3.555345711150915E-5	2.8068518772244068E-5
14	0.0	4.865209920522305E-5	0.0	3.742469169632542E-5	2.8068518772244068E-5
15	0.0	4.865209920522305E-5	0.0	5.052333379003932E-5	2.8068518772244068E-5
16	0.0	5.052333379003932E-5	0.0	5.239456837485559E-5	2.9939753357060338E-5
17	0.0	5.052333379003932E-5	0.0	5.9879506714120675E-5	3.181098794187661E-5
18	0.0	5.239456837485559E-5	0.0	6.549321046856948E-5	3.742469169632542E-5
19	0.0	5.239456837485559E-5	0.0	7.297814880783458E-5	3.742469169632542E-5
20	0.0	5.4265802959671867E-5	0.0	8.233432173191593E-5	4.1167160865957966E-5
21	0.0	5.4265802959671867E-5	0.0	8.420555631673221E-5	4.1167160865957966E-5
22	0.0	5.4265802959671867E-5	0.0	9.169049465599729E-5	4.3038395450774235E-5
23	0.0	5.4265802959671867E-5	0.0	9.169049465599729E-5	4.3038395450774235E-5
24	0.0	5.4265802959671867E-5	0.0	1.0291790216489492E-4	4.3038395450774235E-5
25	0.0	5.4265802959671867E-5	0.0	1.0478913674971118E-4	4.3038395450774235E-5
26	0.0	5.6137037544488136E-5	0.0	1.1040284050416E-4	4.4909630035590505E-5
27	0.0	5.6137037544488136E-5	0.0	1.1040284050416E-4	4.4909630035590505E-5
28	0.0	5.6137037544488136E-5	0.0	1.1040284050416E-4	4.4909630035590505E-5
29	0.0	5.9879506714120675E-5	0.0	1.1227407508897627E-4	4.865209920522305E-5
30	0.0	5.9879506714120675E-5	0.0	1.1414530967379254E-4	5.6137037544488136E-5
31	0.0	5.9879506714120675E-5	0.0	1.1414530967379254E-4	5.6137037544488136E-5
32	0.0	5.9879506714120675E-5	0.0	1.1975901342824135E-4	5.6137037544488136E-5
33	0.0	5.9879506714120675E-5	0.0	1.2163024801305763E-4	5.8008272129304406E-5
34	0.0	5.9879506714120675E-5	0.0	1.2163024801305763E-4	5.8008272129304406E-5
35	0.0	6.175074129893695E-5	0.0	1.235014825978739E-4	6.175074129893695E-5
36	0.0	6.736444505338576E-5	0.0	1.235014825978739E-4	6.362197588375322E-5
37	0.0	6.923567963820204E-5	0.0	1.2724395176750644E-4	6.362197588375322E-5
38	0.0	7.11069142230183E-5	0.0	1.2724395176750644E-4	6.549321046856948E-5
39	0.0	7.11069142230183E-5	0.0	1.3098642093713897E-4	6.923567963820204E-5
40	0.0	7.11069142230183E-5	0.0	1.3098642093713897E-4	6.923567963820204E-5
41	0.0	7.11069142230183E-5	0.0	1.3098642093713897E-4	7.11069142230183E-5
42	0.0	7.11069142230183E-5	0.0	1.3472889010677152E-4	7.297814880783458E-5
43	0.0	7.11069142230183E-5	0.0	1.366001246915878E-4	7.297814880783458E-5
44	0.0	7.11069142230183E-5	0.0	1.366001246915878E-4	7.297814880783458E-5
45	0.0	7.859185256228339E-5	0.0	1.4034259386122032E-4	7.297814880783458E-5
46	0.0	7.859185256228339E-5	0.0	1.4034259386122032E-4	7.297814880783458E-5
47	0.0	7.859185256228339E-5	0.0	1.422138284460366E-4	7.297814880783458E-5
48	0.0	8.794802548636475E-5	0.0	1.4408506303085288E-4	7.297814880783458E-5
49	0.0	8.794802548636475E-5	0.0	1.4782753220048543E-4	7.672061797746712E-5
50	0.0	8.981926007118101E-5	0.0	1.553124705397505E-4	8.420555631673221E-5
51	0.0	8.981926007118101E-5	0.0	1.553124705397505E-4	8.607679090154847E-5
52	0.0	9.169049465599729E-5	0.0	1.553124705397505E-4	8.794802548636475E-5
53	0.0	1.0478913674971118E-4	0.0	1.5718370512456678E-4	8.794802548636475E-5
54	0.0	1.0478913674971118E-4	0.0	1.5905493970938306E-4	8.794802548636475E-5
55	0.0	1.0853160591934373E-4	0.0	1.609261742941993E-4	8.794802548636475E-5
56	0.0	1.0853160591934373E-4	0.0	1.6279740887901559E-4	8.794802548636475E-5
57	0.0	1.1040284050416E-4	0.0	1.6466864346383186E-4	8.794802548636475E-5
58	0.0	1.1040284050416E-4	0.0	1.6653987804864814E-4	8.794802548636475E-5
59	0.0	1.1040284050416E-4	0.0	1.7402481638791322E-4	8.794802548636475E-5
60	0.0	1.1227407508897627E-4	0.0	1.815097547271783E-4	8.981926007118101E-5
61	0.0	1.1227407508897627E-4	0.0	1.815097547271783E-4	9.169049465599729E-5
62	0.0	1.1601654425860881E-4	0.0	1.8338098931199457E-4	9.169049465599729E-5
63	0.0	1.1788777884342509E-4	0.0	1.8525222389681085E-4	9.356172924081356E-5
64	0.0	1.1788777884342509E-4	0.0	1.9086592765125965E-4	9.356172924081356E-5
65	0.0	1.2163024801305763E-4	0.0	1.9273716223607593E-4	9.543296382562983E-5
>>END_MODULE
