##FastQC	0.11.7
>>Basic Statistics	pass
#Measure	Value
Filename	SRR1120296_2.fastq.gz
File type	Conventional base calls
Encoding	Sanger / Illumina 1.9
Total Sequences	30554682
Sequences flagged as poor quality	0
Sequence length	76
%GC	50
>>END_MODULE
>>Per base sequence quality	pass
#Base	Mean	Median	Lower Quartile	Upper Quartile	10th Percentile	90th Percentile
1	30.403897739796474	33.0	31.0	34.0	26.0	34.0
2	30.50758731509626	33.0	31.0	34.0	26.0	34.0
3	30.55146248944761	34.0	31.0	34.0	26.0	34.0
4	33.82749357365264	37.0	35.0	37.0	28.0	37.0
5	33.832339901295654	37.0	35.0	37.0	28.0	37.0
6	33.774366658438794	37.0	35.0	37.0	29.0	37.0
7	33.78888659355054	37.0	35.0	37.0	29.0	37.0
8	33.76999596984842	37.0	35.0	37.0	29.0	37.0
9	35.28529977827948	39.0	37.0	39.0	29.0	39.0
10-11	35.311336917203064	39.0	37.0	39.0	29.0	39.0
12-13	35.238066362464515	39.0	37.0	39.0	29.0	39.0
14-15	36.483215960159555	40.0	37.0	41.0	28.5	41.0
16-17	36.42378857027542	40.0	37.0	41.0	28.0	41.0
18-19	36.39206060138345	40.0	37.0	41.0	27.0	41.0
20-21	36.3656498208687	40.0	37.0	41.0	27.0	41.0
22-23	36.29339310420576	40.0	37.0	41.0	27.0	41.0
24-25	36.22578138761189	40.0	37.0	41.0	27.0	41.0
26-27	36.116443250824865	40.0	37.0	41.0	27.0	41.0
28-29	36.00936074216057	40.0	36.5	41.0	27.0	41.0
30-31	35.886687758687856	40.0	36.0	41.0	26.0	41.0
32-33	35.792861761742444	40.0	36.0	41.0	26.0	41.0
34-35	35.68509371166095	40.0	36.0	41.0	25.0	41.0
36-37	35.54438748536149	40.0	35.5	41.0	25.0	41.0
38-39	35.40529726344394	40.0	35.0	41.0	24.5	41.0
40-41	35.27964822216117	40.0	35.0	41.0	24.0	41.0
42-43	35.12591032693451	40.0	35.0	41.0	24.0	41.0
44-45	34.92202458529923	39.5	35.0	41.0	23.0	41.0
46-47	34.71868617385709	39.0	35.0	41.0	22.5	41.0
48-49	34.54026526932926	39.0	34.0	41.0	22.0	41.0
50-51	34.33642259801624	39.0	34.0	41.0	20.5	41.0
52-53	34.13747261385342	39.0	34.0	41.0	19.5	41.0
54-55	33.90883842286429	38.0	34.0	41.0	18.5	41.0
56-57	33.65189205700128	38.0	33.0	40.5	17.0	41.0
58-59	33.38343288927045	37.0	33.0	40.0	14.0	41.0
60-61	33.117197014192456	37.0	33.0	40.0	12.0	41.0
62-63	32.83766970639721	36.5	33.0	40.0	8.0	41.0
64-65	32.54398340653651	36.0	33.0	39.5	4.5	41.0
66-67	32.20623945619856	35.0	32.5	39.0	2.0	41.0
68-69	31.837903369441058	35.0	32.0	39.0	2.0	41.0
70-71	31.47309430351787	35.0	32.0	38.0	2.0	40.5
72-73	31.094299328659353	35.0	32.0	37.0	2.0	40.0
74-75	30.6931034988353	35.0	32.0	37.0	2.0	39.0
76	29.874994640755876	35.0	30.0	36.0	2.0	39.0
>>END_MODULE
>>Per sequence quality scores	pass
#Quality	Count
2	1135288.0
3	130395.0
4	97755.0
5	75867.0
6	66834.0
7	64288.0
8	66502.0
9	69629.0
10	73475.0
11	77832.0
12	83131.0
13	87412.0
14	91000.0
15	93635.0
16	96482.0
17	98779.0
18	100848.0
19	103460.0
20	108190.0
21	116049.0
22	128297.0
23	145760.0
24	169566.0
25	200612.0
26	236751.0
27	280507.0
28	329551.0
29	389776.0
30	464462.0
31	560954.0
32	686785.0
33	861631.0
34	1130057.0
35	1550915.0
36	2313988.0
37	3669799.0
38	5495103.0
39	7189147.0
40	1914170.0
>>END_MODULE
>>Per base sequence content	fail
#Base	G	A	T	C
1	25.99056467393624	12.438432163450194	15.914864926262176	45.65613823635139
2	23.558901670422795	20.415586024471743	33.87338596013711	22.152126344968355
3	28.08213947696352	22.512405485255492	23.537969080004377	25.867485957776616
4	27.811179669381247	29.466190687253285	18.389244003161483	24.33338564020398
5	28.57582703888714	30.797141599220495	20.21555636991662	20.411474991975748
6	22.683749574677464	32.586755558599	20.7458744328282	23.983620433895336
7	20.19760509841269	16.070247650947568	38.906323251761485	24.82582399887826
8	21.51047398602145	20.62059722243289	26.442862530127186	31.426066261418473
9	22.095664833048115	20.350014544901814	29.053500342001747	28.500820280048327
10-11	26.33442020379468	28.990508006706307	19.87874084456835	24.796330944930663
12-13	23.9437160695377	23.007274292772905	26.803012893362745	26.24599674432665
14-15	24.345940193507317	24.438929215653026	25.821209752257275	25.39392083858238
16-17	25.243530760055695	24.58870108471003	24.738653101931714	25.42911505330256
18-19	25.156198496074104	24.97353130713929	24.4706928867553	25.399577310031308
20-21	25.024546919367147	24.977743618705876	24.78190220399881	25.215807257928162
22-23	25.08318479495464	25.06888685172769	24.86828818226841	24.979640171049258
24-25	24.957260558936127	25.118402840669102	24.901602367285395	25.02273423310937
26-27	24.860165965011785	25.122207018721653	24.932405203708118	25.085221812558444
28-29	25.019363807136415	24.980325009292926	24.79503648447207	25.205274699098588
30-31	24.799860538414876	25.08723309702233	24.932310719861356	25.180595644701437
32-33	24.82988153796062	25.13544837540978	24.885071959081255	25.149598127548344
34-35	25.207827769289835	25.11140644204336	24.56384782500452	25.11691796366228
36-37	25.03183833984676	25.05360272761547	24.757239209767164	25.157319722770605
38-39	24.902196274363718	25.05694223591569	24.934642744076115	25.106218745644476
40-41	25.11036640984753	24.98077570235489	24.818605520196613	25.090252367600968
42-43	24.88222373511903	25.036810661823417	24.95369779063307	25.12726781242448
44-45	24.933802064319146	25.073385877182986	24.99231782097975	25.00049423751812
46-47	25.049491326473362	25.01934356065359	24.802031008760853	25.129134104112193
48-49	24.908836193626918	24.989453553103896	24.894997027666882	25.2067132256023
50-51	24.964365110275942	25.056040739103864	24.878704112923593	25.100890037696605
52-53	25.02218637894905	25.10549709183991	24.752228351089972	25.120088178121065
54-55	24.90783991864381	25.099538915413927	24.828444974519353	25.16417619142291
56-57	24.908748017692606	24.987324566696397	25.012963697454193	25.0909637181568
58-59	24.999074154590943	25.053625735924257	24.829357395802997	25.117942713681803
60-61	24.890915448975512	25.085296897839417	24.912548331441705	25.111239321743366
62-63	24.834290823824016	25.18312491907392	25.00934749972093	24.973236757381134
64-65	24.98116855641237	25.103270514569637	24.87227911746596	25.04328181155203
66-67	24.92141060516639	25.122939388745714	24.869726141633745	25.085923864454152
68-69	24.977067850235002	25.170797380308002	24.889501585012137	24.962633184444854
70-71	25.01436760475395	25.11009485289057	24.86730911363959	25.008228428715896
72-73	24.943109219308074	25.20505029643123	24.870934843342553	24.980905640918138
74-75	24.998269964968696	25.256583645240564	24.902816254621325	24.84233013516942
76	25.07106542765397	25.008334272656363	24.853884328260246	25.066715971429414
>>END_MODULE
>>Per sequence GC content	pass
#GC Content	Count
0	9582.0
1	8692.5
2	4808.5
3	1645.0
4	1476.0
5	1404.5
6	1218.0
7	991.5
8	880.0
9	892.5
10	996.5
11	1213.5
12	1339.0
13	1600.5
14	2386.5
15	3840.5
16	6140.5
17	7511.0
18	10354.5
19	17715.0
20	28943.0
21	35654.0
22	45804.0
23	70477.5
24	103456.0
25	121911.0
26	146892.0
27	200396.0
28	262610.0
29	296301.0
30	334897.0
31	410761.0
32	495792.5
33	543556.0
34	583742.5
35	660886.5
36	734812.5
37	771781.0
38	809515.0
39	892238.0
40	969131.5
41	1033227.0
42	1065418.0
43	1093807.0
44	1145041.0
45	1181594.5
46	1195303.0
47	1208024.5
48	1225130.5
49	1228953.0
50	1228391.0
51	1234109.5
52	1225586.5
53	1201606.5
54	1191868.0
55	1187401.5
56	1176630.5
57	1151829.5
58	1133333.0
59	1109972.5
60	1061230.5
61	994771.5
62	953694.0
63	908882.0
64	812925.0
65	712210.5
66	607339.5
67	552038.0
68	501880.5
69	408267.5
70	324497.0
71	284182.0
72	252339.0
73	194666.0
74	148828.0
75	128820.0
76	113073.0
77	85046.0
78	63129.0
79	53492.0
80	46622.5
81	34283.0
82	24303.5
83	19794.0
84	15914.0
85	9449.5
86	5325.0
87	3785.0
88	2915.5
89	1618.5
90	974.5
91	601.0
92	444.0
93	366.0
94	254.5
95	208.0
96	195.0
97	185.0
98	172.5
99	264.5
100	359.0
>>END_MODULE
>>Per base N content	pass
#Base	N-Count
1	0.16004093906131964
2	0.1385941440987669
3	0.13999818423899812
4	0.13889197079517962
5	0.14418412209297415
6	0.11038242846055475
7	0.10038396079527191
8	0.09930720273901067
9	0.09334739598991736
10-11	0.09028076286311866
12-13	0.09254882770503062
14-15	0.09326884828976456
16-17	0.0902758536318591
18-19	0.09026276234850031
20-21	0.08810597341513814
22-23	0.08448950638726987
24-25	0.08634192298253997
26-27	0.08594263884009659
28-29	0.08534862185769108
30-31	0.08458605460204102
32-33	0.09047876852392049
34-35	0.09072913931815753
36-37	0.08329983601203901
38-39	0.0848871541192934
40-41	0.08593936601925689
42-43	0.09007130232937788
44-45	0.09118569782529565
46-47	0.09286138209522193
48-49	0.09490689512003431
50-51	0.09530781567289753
52-53	0.095553277235875
54-55	0.09222481844190032
56-57	0.08877853809769645
58-59	0.0933653965045357
60-61	0.09619638653087602
62-63	0.09536836285843198
64-65	0.10015322692607305
66-67	0.10146562808279268
68-69	0.10126434960115115
70-71	0.09626347935808986
72-73	0.09591165111782214
74-75	0.09112678705018105
76	0.14767294910809414
>>END_MODULE
>>Sequence Length Distribution	pass
#Length	Count
76	3.0554682E7
>>END_MODULE
>>Sequence Duplication Levels	pass
#Total Deduplicated Percentage	80.16964113845212
#Duplication Level	Percentage of deduplicated	Percentage of total
1	89.56329161743358	71.80256948148185
2	7.378734253977655	11.831009543947857
3	1.732328777892251	4.166405293723053
4	0.5922571741605481	1.899241804564995
5	0.25375660577205983	1.017178801062885
6	0.13524603400414356	0.6505575606906648
7	0.07423656963068942	0.4166063402649459
8	0.04755344151189773	0.304987387272577
9	0.030271408808674648	0.21841631828521424
>10	0.1540858350178685	2.3662185934227313
>50	0.019269213608692416	1.0873175103612902
>100	0.016780949890191667	2.7232957540279807
>500	0.001836839682951709	0.9967112912328558
>1k	3.3229226851813566E-4	0.3677205381652733
>5k	9.493170177749212E-6	0.03921763031183761
>10k+	9.493170177749212E-6	0.11254615118405872
>>END_MODULE
>>Overrepresented sequences	pass
>>END_MODULE
>>Adapter Content	pass
#Position	Illumina Universal Adapter	Illumina Small RNA 3' Adapter	Illumina Small RNA 5' Adapter	Nextera Transposase Sequence	SOLID Small RNA Adapter
1	5.56379542748964E-5	6.5456416793995765E-6	0.0	6.5456416793995765E-6	0.0
2	8.836616267189428E-5	4.2546670916097244E-5	0.0	3.272820839699788E-5	0.0
3	2.487343838171839E-4	5.236513343519661E-5	0.0	3.272820839699788E-5	3.2728208396997883E-6
4	8.280236724440464E-4	5.236513343519661E-5	0.0	4.5819491755797036E-5	3.2728208396997883E-6
5	9.392995809938392E-4	5.236513343519661E-5	0.0	4.909231259549682E-5	3.2728208396997883E-6
6	0.0011389416522155262	5.236513343519661E-5	0.0	5.236513343519661E-5	3.2728208396997883E-6
7	0.0012207621732080209	8.509334183219449E-5	0.0	5.236513343519661E-5	3.2728208396997883E-6
8	0.001374584752673911	8.836616267189428E-5	0.0	6.218359595429597E-5	9.818462519099365E-6
9	0.0016004093906131964	8.836616267189428E-5	0.0	7.527487931309513E-5	9.818462519099365E-6
10	0.0020651499498505663	1.0145744603069343E-4	0.0	8.836616267189428E-5	1.3091283358799153E-5
11	0.0024938894798512386	1.0145744603069343E-4	0.0	8.836616267189428E-5	1.3091283358799153E-5
12	0.002922629009851911	1.0145744603069343E-4	0.0	9.163898351159407E-5	1.3091283358799153E-5
13	0.003600102923669767	1.1782155022919236E-4	0.0	9.163898351159407E-5	1.636410419849894E-5
14	0.004071389124586536	1.2436719190859195E-4	0.0	9.491180435129385E-5	1.636410419849894E-5
15	0.004748863038404392	1.2436719190859195E-4	0.0	1.112759085497928E-4	1.636410419849894E-5
16	0.005521248756573543	1.2764001274829173E-4	3.2728208396997883E-6	1.2436719190859195E-4	1.963692503819873E-5
17	0.006296907295582392	1.2764001274829173E-4	3.2728208396997883E-6	1.5382257946589003E-4	1.963692503819873E-5
18	0.007072565834591242	1.2764001274829173E-4	3.2728208396997883E-6	1.669138628246892E-4	2.945538755729809E-5
19	0.00787440694031769	1.2764001274829173E-4	3.2728208396997883E-6	1.7345950450408878E-4	2.945538755729809E-5
20	0.00864679265848684	1.3091283358799153E-4	3.2728208396997883E-6	1.8327796702318814E-4	2.945538755729809E-5
21	0.009415905555816291	1.4400411694679067E-4	3.2728208396997883E-6	1.8655078786288792E-4	2.945538755729809E-5
22	0.010315931286733733	1.4400411694679067E-4	3.2728208396997883E-6	1.8655078786288792E-4	2.945538755729809E-5
23	0.011081771363223483	1.5054975862619025E-4	3.2728208396997883E-6	1.8655078786288792E-4	2.945538755729809E-5
24	0.011929431960705728	1.5054975862619025E-4	9.818462519099365E-6	1.9964207122168706E-4	2.945538755729809E-5
25	0.012629815620401483	1.5382257946589003E-4	9.818462519099365E-6	2.0946053374078645E-4	2.945538755729809E-5
26	0.013333472100936937	1.5382257946589003E-4	9.818462519099365E-6	2.1273335458048623E-4	3.272820839699788E-5
27	0.014007673193915092	1.6036822114528961E-4	9.818462519099365E-6	2.16006175420186E-4	4.2546670916097244E-5
28	0.01469169274941235	1.669138628246892E-4	9.818462519099365E-6	2.16006175420186E-4	4.909231259549682E-5
29	0.015401894871627202	1.7018668366438898E-4	9.818462519099365E-6	2.192789962598858E-4	4.909231259549682E-5
30	0.015981184160254066	1.7345950450408878E-4	9.818462519099365E-6	2.192789962598858E-4	4.909231259549682E-5
31	0.016583383194758827	1.8000514618348834E-4	9.818462519099365E-6	2.2582463793928537E-4	4.909231259549682E-5
32	0.017264129929416384	1.898236087025877E-4	9.818462519099365E-6	2.2909745877898517E-4	4.909231259549682E-5
33	0.017846692038882943	1.898236087025877E-4	9.818462519099365E-6	2.3564310045838473E-4	5.236513343519661E-5
34	0.018458709535906805	1.930964295422875E-4	9.818462519099365E-6	2.421887421377843E-4	5.236513343519661E-5
35	0.018939814199342674	1.9636925038198728E-4	9.818462519099365E-6	2.487343838171839E-4	5.236513343519661E-5
36	0.01945691989201524	1.9964207122168706E-4	9.818462519099365E-6	2.5200720465688367E-4	5.236513343519661E-5
37	0.020006753793084805	2.0618771290108664E-4	9.818462519099365E-6	2.585528463362833E-4	5.236513343519661E-5
38	0.020481312814841272	2.0618771290108664E-4	9.818462519099365E-6	2.6509848801568284E-4	5.56379542748964E-5
39	0.02101478261171234	2.0618771290108664E-4	9.818462519099365E-6	2.749169505347822E-4	6.218359595429597E-5
40	0.02147952317094971	2.0946053374078645E-4	9.818462519099365E-6	2.814625922141818E-4	6.218359595429597E-5
41	0.021990083221942874	2.0946053374078645E-4	9.818462519099365E-6	2.8473541305388156E-4	6.218359595429597E-5
42	0.02254973558553154	2.1273335458048623E-4	9.818462519099365E-6	2.9782669641268073E-4	6.218359595429597E-5
43	0.023047204353165908	2.192789962598858E-4	9.818462519099365E-6	3.0764515893178006E-4	6.545641679399577E-5
44	0.023531581837441477	2.2582463793928537E-4	9.818462519099365E-6	3.2073644229057923E-4	6.545641679399577E-5
45	0.024051960350953742	2.3237027961868495E-4	9.818462519099365E-6	3.24009263130279E-4	6.545641679399577E-5
46	0.024523246551870513	2.3564310045838473E-4	9.818462519099365E-6	3.305549048096786E-4	6.545641679399577E-5
47	0.025076353273779776	2.5200720465688367E-4	9.818462519099365E-6	3.305549048096786E-4	6.545641679399577E-5
48	0.025652369741566938	2.5528002549658345E-4	9.818462519099365E-6	3.371005464890782E-4	6.545641679399577E-5
49	0.026251295955232	2.585528463362833E-4	9.818462519099365E-6	3.4037336732877795E-4	6.545641679399577E-5
50	0.026827312423019164	2.683713088553826E-4	9.818462519099365E-6	3.567374715272769E-4	6.545641679399577E-5
51	0.027465512486760622	2.749169505347822E-4	9.818462519099365E-6	3.600102923669767E-4	6.872923763369554E-5
52	0.02809062126714328	3.043723380920803E-4	9.818462519099365E-6	3.665559340463763E-4	7.527487931309513E-5
53	0.02887937108951093	3.2073644229057923E-4	9.818462519099365E-6	3.796472174051754E-4	7.854770015279492E-5
54	0.029599391674244885	3.272820839699788E-4	9.818462519099365E-6	3.86192859084575E-4	7.854770015279492E-5
55	0.030283411229742138	3.338277256493784E-4	9.818462519099365E-6	3.9601132160367434E-4	8.18205209924947E-5
56	0.03106234258959069	3.4037336732877795E-4	9.818462519099365E-6	4.189210674815729E-4	8.18205209924947E-5
57	0.031818364203561336	3.4691900900817756E-4	9.818462519099365E-6	4.2546670916097245E-4	8.836616267189428E-5
58	0.03277075506791398	3.534646506875771E-4	9.818462519099365E-6	4.32012350840372E-4	8.836616267189428E-5
59	0.03386060440753401	3.600102923669767E-4	9.818462519099365E-6	4.385579925197716E-4	9.163898351159407E-5
60	0.03519918813097122	3.665559340463763E-4	9.818462519099365E-6	4.4837645503887095E-4	9.163898351159407E-5
61	0.03658686416700393	3.665559340463763E-4	9.818462519099365E-6	4.5819491755797034E-4	9.163898351159407E-5
62	0.03825272997441112	3.6982875488607606E-4	9.818462519099365E-6	4.7128620091676946E-4	9.491180435129385E-5
63	0.04027860607418529	3.763743965654756E-4	9.818462519099365E-6	4.8110466343586884E-4	9.818462519099364E-5
64	0.042271753965562466	3.86192859084575E-4	9.818462519099365E-6	4.876503051152684E-4	9.818462519099364E-5
65	0.044435088540604024	3.9273850076397456E-4	1.3091283358799153E-5	5.040144093137673E-4	1.0145744603069343E-4
>>END_MODULE
