##FastQC	0.11.7
>>Basic Statistics	pass
#Measure	Value
Filename	SRR615177_2_val_2.fq.gz
File type	Conventional base calls
Encoding	Sanger / Illumina 1.9
Total Sequences	38154157
Sequences flagged as poor quality	0
Sequence length	20-76
%GC	53
>>END_MODULE
>>Per base sequence quality	pass
#Base	Mean	Median	Lower Quartile	Upper Quartile	10th Percentile	90th Percentile
1	29.355104923429444	31.0	30.0	33.0	23.0	34.0
2	29.104280694761517	31.0	28.0	34.0	16.0	34.0
3	29.591613175990233	31.0	30.0	34.0	23.0	34.0
4	33.41434074929241	35.0	33.0	37.0	26.0	37.0
5	33.15441384276948	35.0	33.0	37.0	25.0	37.0
6	33.04993980079287	35.0	33.0	37.0	25.0	37.0
7	29.930032027702776	35.0	30.0	37.0	10.0	37.0
8	31.23356157495499	35.0	30.0	37.0	17.0	37.0
9	31.26896482079266	37.0	29.0	39.0	10.0	39.0
10-11	33.423491849131935	37.0	32.0	39.0	21.0	39.0
12-13	34.39020947311194	37.0	33.0	39.0	26.0	39.0
14-15	35.581641850978386	38.0	34.0	40.0	26.5	41.0
16-17	35.3875851981214	38.0	33.5	40.0	25.5	41.0
18-19	35.38205273412279	38.0	33.5	40.0	25.0	41.0
20-21	35.35540556147514	38.0	34.0	40.0	25.0	41.0
22-23	35.015299963448626	38.0	33.0	40.0	24.5	41.0
24-25	34.585228071603694	38.0	32.5	40.0	23.0	41.0
26-27	31.949554520596003	37.0	28.5	40.0	11.5	41.0
28-29	29.283505623746905	35.0	20.0	39.5	9.0	41.0
30-31	31.33434688760897	35.5	22.0	40.0	15.5	41.0
32-33	34.040865238883754	37.0	31.0	40.0	23.5	41.0
34-35	31.98620226372521	37.0	29.0	40.0	11.5	41.0
36-37	33.58202362148117	37.5	30.5	40.0	19.0	41.0
38-39	35.084449501797906	38.0	33.0	40.0	25.5	41.0
40-41	35.07170757657721	38.0	33.0	40.0	25.0	41.0
42-43	35.24633091857163	38.0	33.0	40.0	26.0	41.0
44-45	35.30202840048135	38.0	33.0	40.0	26.5	41.0
46-47	35.340821339427386	38.0	33.0	40.0	26.5	41.0
48-49	35.070011209337565	37.5	33.0	40.0	26.0	41.0
50-51	34.34149684254951	36.5	32.0	39.5	25.5	40.5
52-53	34.723585939041506	37.0	33.0	39.0	26.5	40.0
54-55	35.05896439491303	37.0	33.0	40.0	27.0	41.0
56-57	34.61466459817145	36.0	33.0	39.5	26.0	41.0
58-59	34.18538417943893	35.5	32.0	39.0	26.0	41.0
60-61	33.63733101795307	35.0	31.5	39.0	24.5	40.5
62-63	33.27380990685616	35.0	31.0	38.0	24.0	40.0
64-65	33.19939976247788	35.0	31.0	38.0	25.0	40.0
66-67	33.23122027120839	35.0	31.0	37.0	26.0	39.5
68-69	33.22096714394944	35.0	31.0	36.5	26.0	39.0
70-71	33.35104254003502	35.0	32.0	36.0	26.5	39.0
72-73	33.35913705425957	35.0	32.0	36.0	27.0	38.5
74-75	33.45897405926304	35.0	32.0	35.0	28.5	37.5
76	33.08443062903316	34.0	31.0	35.0	28.0	37.0
>>END_MODULE
>>Per sequence quality scores	pass
#Quality	Count
7	3.0
8	0.0
9	1.0
10	11.0
11	49.0
12	196.0
13	418.0
14	774.0
15	1939.0
16	2077.0
17	4384.0
18	28681.0
19	111628.0
20	284264.0
21	422188.0
22	546347.0
23	669913.0
24	790438.0
25	910840.0
26	1029888.0
27	1158182.0
28	1296967.0
29	1463395.0
30	1661913.0
31	1915931.0
32	2242965.0
33	2661162.0
34	3142696.0
35	3641614.0
36	4044813.0
37	4094594.0
38	3651077.0
39	2299415.0
40	75394.0
>>END_MODULE
>>Per base sequence content	fail
#Base	G	A	T	C
1	28.15377407615233	11.224661075131753	17.616533569348253	43.005031279367664
2	25.259378374062493	21.39735128496128	27.359747758948927	25.9835225820273
3	31.385366761401016	21.464715838426315	21.072541246618375	26.077376153554294
4	32.46946810361317	24.934624612508472	16.352802046195478	26.243105237682883
5	31.04691036569866	28.14957859879276	18.17724511686822	22.626265918640357
6	26.271943433832284	32.26978626992537	17.481963575879988	23.976306720362352
7	24.120783180311438	17.113959744510016	34.17692141116944	24.588335664009108
8	23.207045584654423	23.255536604660037	23.522439216884194	30.014978593801345
9	24.276057477453392	21.710914742093408	25.805966552282495	28.207061228170705
10-11	28.382653247047095	27.8955238779711	18.04706189356783	25.674760981413975
12-13	27.04729037823732	21.023097983371763	23.931857791441413	27.997753846949504
14-15	26.78898375722304	23.022870905725814	23.474549741696418	26.71359559535473
16-17	26.395668418249475	23.83434165502262	23.85641123908748	25.913578687640427
18-19	26.201580209493297	24.31127729478927	22.26654659215221	27.220595903565226
20-21	27.545528954825656	24.03845327847959	22.4562245862963	25.959793180398457
22-23	27.403485345391047	23.965503159124044	22.81600349755802	25.815007997926887
24-25	26.11438192947099	23.421691926028448	24.321788040724133	26.142138103776425
26-27	26.445451134086294	24.42518315234297	22.486488326259956	26.642877387310776
28-29	27.061188890270564	23.109109235498448	22.613609317572354	27.216092556658634
30-31	26.773935942829237	24.489659218399396	22.73058382559611	26.005821013175257
32-33	27.284358333095206	23.958749556096322	23.044176131723653	25.712715979084827
34-35	27.141379466383153	23.736770051154128	23.04437271843811	26.07747776402461
36-37	26.222947925437413	23.56035974827821	23.197899675772383	27.018792650511998
38-39	26.501499232693842	23.177017941784246	23.622760386705718	26.698722438816198
40-41	27.152822415882305	23.597702001294884	22.823544338152434	26.425931244670377
42-43	26.72843723168296	23.223017666059466	23.61716004478126	26.4313850574763
44-45	26.244408813389164	23.7283406231439	23.51304583501722	26.514204728449712
46-47	26.90722731534492	23.672684804195836	22.97783984920388	26.442248031255367
48-49	26.554270265938374	23.845871064528694	23.0154977433876	26.584360926145333
50-51	26.280252009123355	23.65626307372104	23.443474208366435	26.620010708789167
52-53	26.712597402915105	23.584877399098843	23.493928754029003	26.208596443957045
54-55	26.510458781835407	23.512919032912702	23.281170807152087	26.69545137809981
56-57	26.189817406633388	23.37429658547279	23.748275717206525	26.687610290687296
58-59	26.34319229799772	23.67498126018855	23.203423787463603	26.778402654350124
60-61	26.535760196980746	23.962532303915815	23.08017545616773	26.421532042935713
62-63	26.012047034323782	24.088224337579152	23.68329569886133	26.21643292923574
64-65	26.180945953888784	23.830816739282277	23.589849984459825	26.39838732236911
66-67	25.854639005913544	23.810299360404112	23.669922268208875	26.66513936547347
68-69	26.27208262843893	23.610412569341626	23.491348416558363	26.626156385661083
70-71	26.169962530071416	23.863072422347994	23.494627667540495	26.472337380040095
72-73	25.92691459617253	23.870326821132053	23.50575740144029	26.697001181255125
74-75	26.68077999624036	20.401584292987305	25.140378050908968	27.77725765986337
76	28.0799779528566	0.0	33.575291525158555	38.34473052198486
>>END_MODULE
>>Per sequence GC content	pass
#GC Content	Count
0	4723.0
1	4129.5
2	3024.0
3	2385.0
4	2342.5
5	2573.5
6	2989.5
7	3501.0
8	3927.0
9	4287.0
10	4901.0
11	5716.5
12	6392.0
13	7257.5
14	8401.5
15	9782.0
16	11532.0
17	13542.5
18	17141.0
19	23457.5
20	31520.0
21	39101.0
22	51566.5
23	71366.5
24	91689.0
25	109162.5
26	137237.0
27	178122.0
28	217332.0
29	247093.5
30	284736.5
31	336537.5
32	383455.0
33	418776.5
34	465823.0
35	529160.5
36	587576.0
37	634523.0
38	686656.0
39	754077.0
40	823006.0
41	916346.0
42	990570.0
43	1047109.5
44	1140835.5
45	1234830.5
46	1314082.0
47	1413526.5
48	1547316.5
49	1685277.0
50	1797843.0
51	1910829.0
52	1999101.0
53	2031802.5
54	2031210.5
55	2049373.5
56	2092795.5
57	2071726.5
58	2012244.5
59	1924127.0
60	1821844.5
61	1692232.5
62	1584090.5
63	1534385.5
64	1427724.0
65	1280515.5
66	1135473.0
67	1035317.0
68	929639.0
69	799427.0
70	667849.0
71	561470.0
72	480940.5
73	371693.5
74	289570.0
75	252014.5
76	220015.0
77	178462.0
78	141160.5
79	118454.0
80	102764.0
81	85673.0
82	69407.5
83	55438.0
84	43242.5
85	33657.0
86	27451.5
87	23981.5
88	21155.0
89	18052.0
90	15544.5
91	14082.5
92	13523.0
93	10888.0
94	6982.5
95	4392.5
96	3038.5
97	2757.5
98	2253.0
99	1735.5
100	1707.0
>>END_MODULE
>>Per base N content	warn
#Base	N-Count
1	0.1141998760449615
2	0.2914020613795765
3	0.16902221165573125
4	0.05182921483496542
5	0.13003825507139366
6	0.10056571293135896
7	8.40218013465741
8	0.0937224219106715
9	5.981922231960203
10-11	0.04471334538986145
12-13	0.06309928430603251
14-15	0.021616255340145506
16-17	0.07082452378649068
18-19	0.06130393602982762
20-21	0.08154469903414968
22-23	0.12834877378220202
24-25	0.23846911684917874
26-27	6.717636540030569
28-29	10.534099374093776
30-31	0.09192881047285047
32-33	0.02040907984937822
34-35	7.236164894936313
36-37	0.01788131833492511
38-39	0.017819180982326186
40-41	0.2851635342563769
42-43	0.061150652564194864
44-45	0.027447288451983794
46-47	0.01933950336652301
48-49	0.005736439342898704
50-51	0.034237906735919775
52-53	0.0053900043459705685
54-55	0.0027617410976729633
56-57	0.12148056606409498
58-59	0.063004330771369
60-61	0.011309533740242997
62-63	0.009734263433909292
64-65	0.005702356808861958
66-67	0.00402659110136612
68-69	0.0010757617646861455
70-71	0.010408027456285794
72-73	0.002749869249822839
74-75	1.6808119034157743E-6
76	0.0
>>END_MODULE
>>Sequence Length Distribution	warn
#Length	Count
20-21	177205.0
22-23	162765.0
24-25	214709.0
26-27	161237.0
28-29	100637.0
30-31	138613.0
32-33	116815.0
34-35	132605.0
36-37	119710.0
38-39	153324.0
40-41	133300.0
42-43	148337.0
44-45	140611.0
46-47	140350.0
48-49	156155.0
50-51	147745.0
52-53	164246.0
54-55	217318.0
56-57	258082.0
58-59	280617.0
60-61	263360.0
62-63	270441.0
64-65	297763.0
66-67	351087.0
68-69	458453.0
70-71	654375.0
72-73	1482176.0
74-75	1.0186054E7
76-77	2.0926067E7
>>END_MODULE
>>Sequence Duplication Levels	pass
#Total Deduplicated Percentage	83.81301923141574
#Duplication Level	Percentage of deduplicated	Percentage of total
1	91.99726674362694	77.1056868682129
2	5.0746776271402405	8.506481071134806
3	1.3706719453256828	3.4464046234063046
4	0.5714177180280308	1.9156897676102018
5	0.2924628756472617	1.225609831054955
6	0.1743683573830028	0.8768603094415193
7	0.1107199229734523	0.649583972343238
8	0.07599679320240624	0.509561655215936
9	0.056239878826548996	0.42422706410958383
>10	0.2656146980609835	3.74094659969954
>50	0.008606582824225889	0.4764647158788046
>100	0.0017583662366567967	0.21621032803782847
>500	4.4827828114090386E-5	0.02464915069266436
>1k	9.837156880503061E-5	0.2139793365349527
>5k	6.143480857080293E-6	0.04453916825272939
>10k+	4.914784685664234E-5	0.6231055383740803
>>END_MODULE
>>Overrepresented sequences	pass
>>END_MODULE
>>Adapter Content	pass
#Position	Illumina Universal Adapter	Illumina Small RNA 3' Adapter	Illumina Small RNA 5' Adapter	Nextera Transposase Sequence	SOLID Small RNA Adapter
1	0.0	5.241892777240498E-6	0.0	2.620946388620249E-6	1.5725678331721495E-5
2	0.0	1.3104731943101245E-5	0.0	1.5725678331721495E-5	1.5725678331721495E-5
3	0.0	1.3104731943101245E-5	0.0	2.0967571108961993E-5	1.5725678331721495E-5
4	0.0	1.5725678331721495E-5	0.0	3.145135666344299E-5	1.5725678331721495E-5
5	0.0	1.5725678331721495E-5	0.0	3.4072303052063236E-5	1.5725678331721495E-5
6	0.0	1.8346624720341745E-5	0.0	3.4072303052063236E-5	1.8346624720341745E-5
7	0.0	3.4072303052063236E-5	2.620946388620249E-6	3.4072303052063236E-5	1.8346624720341745E-5
8	0.0	3.931419582930374E-5	2.620946388620249E-6	3.4072303052063236E-5	1.8346624720341745E-5
9	0.0	3.931419582930374E-5	2.620946388620249E-6	3.931419582930374E-5	1.8346624720341745E-5
10	0.0	4.717703499516449E-5	2.620946388620249E-6	3.931419582930374E-5	1.8346624720341745E-5
11	2.620946388620249E-6	4.717703499516449E-5	2.620946388620249E-6	3.931419582930374E-5	1.8346624720341745E-5
12	2.620946388620249E-6	4.717703499516449E-5	2.620946388620249E-6	3.931419582930374E-5	1.8346624720341745E-5
13	2.620946388620249E-6	4.9797981383784734E-5	2.620946388620249E-6	4.1935142217923985E-5	1.8346624720341745E-5
14	2.620946388620249E-6	5.241892777240498E-5	2.620946388620249E-6	4.1935142217923985E-5	1.8346624720341745E-5
15	5.241892777240498E-6	6.028176693826573E-5	2.620946388620249E-6	5.241892777240498E-5	1.8346624720341745E-5
16	5.241892777240498E-6	6.290271332688598E-5	2.620946388620249E-6	5.241892777240498E-5	1.8346624720341745E-5
17	5.241892777240498E-6	6.814460610412647E-5	2.620946388620249E-6	5.241892777240498E-5	1.8346624720341745E-5
18	5.241892777240498E-6	6.814460610412647E-5	2.620946388620249E-6	5.241892777240498E-5	1.8346624720341745E-5
19	5.241892777240498E-6	6.814460610412647E-5	2.620946388620249E-6	5.503987416102523E-5	2.0967571108961993E-5
20	5.241892777240498E-6	6.814460610412647E-5	2.620946388620249E-6	6.028176693826573E-5	2.0967571108961993E-5
21	5.241892777240498E-6	7.862839165860748E-5	2.620946388620249E-6	6.028176693826573E-5	2.0967571108961993E-5
22	5.241892777240498E-6	7.862839165860748E-5	2.620946388620249E-6	6.028176693826573E-5	2.0967571108961993E-5
23	1.0483785554480996E-5	8.649123082446822E-5	2.620946388620249E-6	6.028176693826573E-5	2.0967571108961993E-5
24	1.0483785554480996E-5	8.649123082446822E-5	2.620946388620249E-6	6.290271332688598E-5	2.0967571108961993E-5
25	1.0483785554480996E-5	8.649123082446822E-5	2.620946388620249E-6	6.290271332688598E-5	2.0967571108961993E-5
26	1.0483785554480996E-5	8.911217721308847E-5	2.620946388620249E-6	6.814460610412647E-5	2.3588517497582243E-5
27	1.0483785554480996E-5	8.911217721308847E-5	2.620946388620249E-6	7.076555249274673E-5	2.3588517497582243E-5
28	1.0483785554480996E-5	9.435406999032897E-5	2.620946388620249E-6	7.076555249274673E-5	2.620946388620249E-5
29	1.0483785554480996E-5	9.697501637894922E-5	2.620946388620249E-6	7.338649888136698E-5	2.620946388620249E-5
30	1.0483785554480996E-5	9.697501637894922E-5	2.620946388620249E-6	7.338649888136698E-5	2.883041027482274E-5
31	1.0483785554480996E-5	9.959596276756947E-5	2.620946388620249E-6	7.338649888136698E-5	2.883041027482274E-5
32	1.3104731943101245E-5	1.0483785554480996E-4	2.620946388620249E-6	7.862839165860748E-5	3.145135666344299E-5
33	1.3104731943101245E-5	1.1532164109929097E-4	2.620946388620249E-6	8.387028443584797E-5	3.145135666344299E-5
34	1.3104731943101245E-5	1.1532164109929097E-4	2.620946388620249E-6	8.387028443584797E-5	3.145135666344299E-5
35	1.3104731943101245E-5	1.284263730423922E-4	2.620946388620249E-6	8.649123082446822E-5	3.145135666344299E-5
36	1.5725678331721495E-5	1.284263730423922E-4	2.620946388620249E-6	8.649123082446822E-5	3.4072303052063236E-5
37	1.5725678331721495E-5	1.3104731943101245E-4	2.620946388620249E-6	8.649123082446822E-5	3.4072303052063236E-5
38	1.5725678331721495E-5	1.336682658196327E-4	2.620946388620249E-6	8.649123082446822E-5	3.4072303052063236E-5
39	1.5725678331721495E-5	1.336682658196327E-4	2.620946388620249E-6	8.649123082446822E-5	3.4072303052063236E-5
40	1.5725678331721495E-5	1.4153110498549347E-4	2.620946388620249E-6	8.911217721308847E-5	3.4072303052063236E-5
41	1.5725678331721495E-5	1.493939441513542E-4	2.620946388620249E-6	8.911217721308847E-5	3.669324944068349E-5
42	1.5725678331721495E-5	1.5201489053997446E-4	2.620946388620249E-6	8.911217721308847E-5	3.669324944068349E-5
43	1.5725678331721495E-5	1.546358369285947E-4	5.241892777240498E-6	8.911217721308847E-5	3.931419582930374E-5
44	1.5725678331721495E-5	1.5725678331721495E-4	5.241892777240498E-6	9.173312360170873E-5	3.931419582930374E-5
45	1.5725678331721495E-5	1.598777297058352E-4	5.241892777240498E-6	9.173312360170873E-5	3.931419582930374E-5
46	1.5725678331721495E-5	1.703615152603162E-4	5.241892777240498E-6	9.173312360170873E-5	4.1935142217923985E-5
47	1.5725678331721495E-5	1.703615152603162E-4	5.241892777240498E-6	9.435406999032897E-5	4.1935142217923985E-5
48	1.5725678331721495E-5	1.808453008147972E-4	5.241892777240498E-6	9.697501637894922E-5	4.1935142217923985E-5
49	1.5725678331721495E-5	1.8870813998065795E-4	5.241892777240498E-6	9.959596276756947E-5	4.1935142217923985E-5
50	1.5725678331721495E-5	1.8870813998065795E-4	5.241892777240498E-6	1.0221690915618972E-4	4.1935142217923985E-5
51	1.5725678331721495E-5	1.8870813998065795E-4	5.241892777240498E-6	1.0483785554480996E-4	4.1935142217923985E-5
52	1.5725678331721495E-5	1.965709791465187E-4	5.241892777240498E-6	1.0745880193343021E-4	4.1935142217923985E-5
53	1.5725678331721495E-5	1.9919192553513894E-4	5.241892777240498E-6	1.1007974832205046E-4	4.1935142217923985E-5
54	1.5725678331721495E-5	1.9919192553513894E-4	5.241892777240498E-6	1.1270069471067072E-4	4.1935142217923985E-5
55	1.5725678331721495E-5	2.0181287192375918E-4	5.241892777240498E-6	1.1532164109929097E-4	4.1935142217923985E-5
56	1.5725678331721495E-5	2.0443381831237943E-4	5.241892777240498E-6	1.1794258748791121E-4	4.1935142217923985E-5
57	1.5725678331721495E-5	2.1229665747824017E-4	5.241892777240498E-6	1.2056353387653146E-4	4.1935142217923985E-5
58	1.5725678331721495E-5	2.2015949664410092E-4	5.241892777240498E-6	1.231844802651517E-4	4.1935142217923985E-5
59	1.5725678331721495E-5	2.2015949664410092E-4	5.241892777240498E-6	1.231844802651517E-4	4.1935142217923985E-5
60	1.5725678331721495E-5	2.2015949664410092E-4	5.241892777240498E-6	1.284263730423922E-4	4.1935142217923985E-5
61	1.5725678331721495E-5	2.2015949664410092E-4	5.241892777240498E-6	1.284263730423922E-4	4.1935142217923985E-5
62	1.5725678331721495E-5	2.227804430327212E-4	5.241892777240498E-6	1.284263730423922E-4	4.1935142217923985E-5
63	1.5725678331721495E-5	2.2802233580996169E-4	5.241892777240498E-6	1.3104731943101245E-4	4.1935142217923985E-5
64	1.5725678331721495E-5	2.3064328219858193E-4	5.241892777240498E-6	1.3104731943101245E-4	4.1935142217923985E-5
65	1.8346624720341745E-5	2.3588517497582243E-4	7.862839165860747E-6	1.336682658196327E-4	4.455608860654423E-5
>>END_MODULE
