##FastQC	0.11.7
>>Basic Statistics	pass
#Measure	Value
Filename	SRR1095383_2_val_2.fq.gz
File type	Conventional base calls
Encoding	Sanger / Illumina 1.9
Total Sequences	34516612
Sequences flagged as poor quality	0
Sequence length	20-76
%GC	50
>>END_MODULE
>>Per base sequence quality	pass
#Base	Mean	Median	Lower Quartile	Upper Quartile	10th Percentile	90th Percentile
1	32.130490414296744	34.0	31.0	34.0	30.0	34.0
2	32.42115616677558	34.0	31.0	34.0	30.0	34.0
3	32.438493326054136	34.0	31.0	34.0	30.0	34.0
4	35.88420995664349	37.0	37.0	37.0	35.0	37.0
5	35.853776697434846	37.0	37.0	37.0	35.0	37.0
6	35.91617775232401	37.0	37.0	37.0	35.0	37.0
7	35.896224142740316	37.0	36.0	37.0	35.0	37.0
8	35.91844167672076	37.0	36.0	37.0	35.0	37.0
9	37.74396658629184	39.0	38.0	39.0	35.0	39.0
10-11	37.787473217243914	39.0	38.5	39.0	35.0	39.0
12-13	37.74788210673748	39.0	38.0	39.0	35.0	39.0
14-15	39.26079978533235	41.0	39.0	41.0	36.0	41.0
16-17	39.216868228550354	41.0	39.0	41.0	36.0	41.0
18-19	39.186527736267976	41.0	39.0	41.0	36.0	41.0
20-21	39.16813757767493	41.0	39.0	41.0	36.0	41.0
22-23	39.12838167436165	41.0	39.0	41.0	35.5	41.0
24-25	39.082046028641535	41.0	39.0	41.0	35.0	41.0
26-27	39.025373163589144	41.0	39.0	41.0	35.0	41.0
28-29	39.06358327347837	41.0	39.0	41.0	35.0	41.0
30-31	39.09095568266834	41.0	39.0	41.0	35.0	41.0
32-33	39.092614603981566	41.0	39.0	41.0	35.0	41.0
34-35	39.08641513956178	41.0	39.0	41.0	35.0	41.0
36-37	39.039343321272355	41.0	39.0	41.0	35.0	41.0
38-39	38.9775909748174	41.0	39.0	41.0	35.0	41.0
40-41	38.94189655252468	41.0	39.0	41.0	35.0	41.0
42-43	38.84180655421328	41.0	38.5	41.0	35.0	41.0
44-45	38.70143709066859	40.5	38.0	41.0	34.0	41.0
46-47	38.581107782570115	40.0	38.0	41.0	34.0	41.0
48-49	38.45844705804436	40.0	38.0	41.0	34.0	41.0
50-51	38.32817139002971	40.0	37.0	41.0	33.5	41.0
52-53	38.178653302972165	40.0	37.0	41.0	33.0	41.0
54-55	38.00730480132212	40.0	36.5	41.0	33.0	41.0
56-57	37.79758406768177	39.5	36.0	41.0	33.0	41.0
58-59	37.58119244759283	39.0	35.0	41.0	33.0	41.0
60-61	37.33121808724739	39.0	35.0	41.0	33.0	41.0
62-63	37.04842540953961	38.5	35.0	41.0	32.0	41.0
64-65	36.75832853012916	37.0	35.0	40.0	32.0	41.0
66-67	36.44470891045627	37.0	35.0	39.5	32.0	41.0
68-69	36.145861704838495	36.0	35.0	39.0	32.0	41.0
70-71	35.86658078664596	36.0	35.0	39.0	32.0	41.0
72-73	35.65547276097139	35.0	35.0	38.0	32.0	40.0
74-75	35.50635414131612	35.0	35.0	37.0	32.0	39.5
76	33.466704010308824	34.0	32.0	36.0	28.0	37.0
>>END_MODULE
>>Per sequence quality scores	pass
#Quality	Count
13	5.0
14	18.0
15	30.0
16	24.0
17	43.0
18	63.0
19	1299.0
20	17706.0
21	41752.0
22	71332.0
23	101906.0
24	132502.0
25	164902.0
26	197957.0
27	238166.0
28	292464.0
29	317880.0
30	378620.0
31	462195.0
32	547628.0
33	695430.0
34	939559.0
35	1367569.0
36	2192081.0
37	4103791.0
38	7782141.0
39	1.1746464E7
40	2723085.0
>>END_MODULE
>>Per base sequence content	fail
#Base	G	A	T	C
1	28.69110585421434	11.952882972968295	15.52552094024863	43.830490232568735
2	23.17821387635866	21.890820145803055	32.59098200429207	22.339983973546207
3	27.808192017447524	23.716460160219828	22.78065276639616	25.694695055936485
4	27.8139208173765	30.942877182374623	17.75148143345992	23.491720566788963
5	28.109868457320786	30.76120131991878	20.255482332098556	20.873447890661883
6	22.003291741976618	32.72035973300508	21.180457662357863	24.095890862660436
7	19.66389169875197	14.70678003974937	39.84154353435743	25.787784727141233
8	21.92226723369142	20.032803452214218	25.925064885471855	32.1198644286225
9	21.856972452910668	19.629459968413528	28.997687902101227	29.51587967657458
10-11	26.419664508669406	28.556163066256623	19.78531176291205	25.238860662161926
12-13	23.653986336533837	22.354101357654844	27.303132804487273	26.688779501324046
14-15	24.375441307613826	24.032471693624455	26.210116304940794	25.381970693820925
16-17	25.126401426009647	24.361325543578317	24.830369237765897	25.68190379264614
18-19	25.010010369991477	24.644288721944363	24.753299300755323	25.59240160730884
20-21	24.937694278198055	24.902035331594806	24.9701686658612	25.190101724345944
22-23	25.022207455346653	25.031507223672968	24.845472715487265	25.100812605493118
24-25	25.027762918859747	25.07254420670756	24.750242524813427	25.14945034961927
26-27	25.02438178381003	25.16123011578945	24.67737574260872	25.1370123577918
28-29	25.08018533529591	24.843959471151553	24.714753909953853	25.361101283598693
30-31	24.543101819260144	24.967650559962618	24.996725915256235	25.492521705521003
32-33	24.75423002671366	25.054323887881914	25.045057798125963	25.14638828727846
34-35	25.11652533102423	24.998376784377747	24.637126671145804	25.24797121345222
36-37	25.012243154276103	24.899542882403892	24.918439940715178	25.169774022604823
38-39	24.68062131497144	24.939036945893115	25.016452223561174	25.363889515574268
40-41	24.94989976009101	24.83661244585918	24.910150773212646	25.303337020837162
42-43	24.885681013500033	24.930755394342427	25.02990704393962	25.153656548217924
44-45	24.67652081574644	25.08091343168455	25.17708817030077	25.06547758226824
46-47	25.02386937716632	24.802945287186002	24.922818646824414	25.250366688823263
48-49	24.804091317841383	24.8528074749036	24.994820817604413	25.3482803896506
50-51	24.915556058950855	24.985872865309716	25.054379329465704	25.044191746273718
52-53	24.861172051711417	24.906472273619816	25.037796416146758	25.194559258522016
54-55	24.72586857381946	24.818491471375857	25.16304216543005	25.292597789374632
56-57	24.76861851157021	24.90162274853731	25.132868415919713	25.196890323972767
58-59	24.938180191119894	24.91210923158213	24.946508167813626	25.203202409484348
60-61	24.62718560422307	24.988485744729584	25.098237195673935	25.286091455373416
62-63	24.50915173358128	25.012180519230665	25.331977998401555	25.1466897487865
64-65	24.770622887664775	25.002953148899422	25.059275140185616	25.16714882325019
66-67	24.711799899608973	25.123028582233175	25.09558635791882	25.06958516023903
68-69	24.594549566565853	25.09721259575573	25.23492254066621	25.073315297012204
70-71	24.752465915392797	25.067812071036478	25.030924821861944	25.148797191708784
72-73	24.575493372096048	25.069835093691683	25.24473576981348	25.109935764398788
74-75	25.02223778171735	21.45442673026254	26.854921392849608	26.6684140951705
76	26.23971378175754	0.0	35.608557310213314	38.15172890802915
>>END_MODULE
>>Per sequence GC content	pass
#GC Content	Count
0	893.0
1	733.5
2	619.0
3	670.5
4	698.5
5	797.0
6	986.0
7	1177.5
8	1325.5
9	1517.0
10	1779.0
11	2100.0
12	2431.0
13	2932.5
14	3772.5
15	4914.0
16	6268.0
17	7741.5
18	10862.0
19	16649.0
20	24173.0
21	31145.0
22	42353.0
23	63642.0
24	87370.0
25	106516.0
26	136853.0
27	176853.0
28	211900.0
29	242211.5
30	286954.0
31	349299.0
32	409439.0
33	450220.0
34	499839.0
35	573409.5
36	639736.0
37	688719.5
38	749992.5
39	871195.0
40	989657.5
41	1118525.5
42	1229840.0
43	1337692.5
44	1417774.0
45	1437247.5
46	1458303.0
47	1505263.0
48	1583288.0
49	1655715.0
50	1718535.0
51	1783935.5
52	1807557.5
53	1807084.5
54	1826723.0
55	1809368.5
56	1739136.5
57	1609785.0
58	1516702.5
59	1416120.5
60	1313603.0
61	1173976.0
62	1033712.0
63	940780.5
64	800096.5
65	682258.0
66	575398.5
67	498930.5
68	443275.5
69	363612.5
70	284307.0
71	233874.0
72	198237.5
73	154751.5
74	117845.5
75	95707.5
76	81062.5
77	62941.0
78	46783.5
79	36788.5
80	30006.0
81	22444.5
82	16234.0
83	11806.5
84	8629.0
85	5753.0
86	3963.5
87	3030.0
88	2281.5
89	1589.5
90	1181.5
91	935.0
92	811.0
93	583.0
94	327.0
95	225.5
96	180.0
97	160.0
98	105.5
99	145.5
100	236.0
>>END_MODULE
>>Per base N content	pass
#Base	N-Count
1	0.06321883503514192
2	0.03233805218194648
3	0.08328163841804637
4	0.030437518027551486
5	0.09553370997130309
6	0.013888964536843882
7	0.07533474026940999
8	0.005655247971614364
9	0.0034910726464115307
10-11	0.0039213002713012505
12-13	0.0035113527364736725
14-15	0.0016817988972961774
16-17	0.0037011164363408553
18-19	0.0033447662823917943
20-21	0.003643709692276474
22-23	0.0032066138585299083
24-25	0.003208611006800631
26-27	0.002538706750267388
28-29	0.0016660817949711608
30-31	0.0014725714309803736
32-33	0.0017225406327913047
34-35	0.003504770637879031
36-37	0.0025883315506977055
38-39	0.0026987468405515447
40-41	0.0028884685341292343
42-43	0.002650503923951911
44-45	0.0013846113562047224
46-47	0.0017981120263359665
48-49	0.001241403573727956
50-51	0.0027036847343729666
52-53	0.0010595053990408562
54-55	0.001408962406922816
56-57	0.001632778539987145
58-59	0.0011062435900171927
60-61	0.0014062901654957535
62-63	0.0011940523716716719
64-65	3.945456872665025E-4
66-67	0.001378289379814428
68-69	7.298319045762319E-4
70-71	7.844445105258225E-4
72-73	8.973781333497519E-5
74-75	1.6443806227437147E-6
76	0.0
>>END_MODULE
>>Sequence Length Distribution	warn
#Length	Count
20-21	20155.0
22-23	21106.0
24-25	22702.0
26-27	24331.0
28-29	25753.0
30-31	27507.0
32-33	28634.0
34-35	30646.0
36-37	32244.0
38-39	34544.0
40-41	37984.0
42-43	39629.0
44-45	41374.0
46-47	44416.0
48-49	45865.0
50-51	49033.0
52-53	51549.0
54-55	55821.0
56-57	59431.0
58-59	65139.0
60-61	72261.0
62-63	80909.0
64-65	94496.0
66-67	114173.0
68-69	142999.0
70-71	238758.0
72-73	1203129.0
74-75	1.0824962E7
76-77	2.0987062E7
>>END_MODULE
>>Sequence Duplication Levels	pass
#Total Deduplicated Percentage	81.87652499463753
#Duplication Level	Percentage of deduplicated	Percentage of total
1	90.81182135077654	74.35356360635413
2	6.5673775287728375	10.754281007675802
3	1.4520771308951377	3.566730885056319
4	0.49288755178946736	1.6142367981454409
5	0.21781824507351102	0.8917100493524704
6	0.11903171346125123	0.5847541837418803
7	0.06676298992326904	0.3826425129218489
8	0.04526110905172345	0.29646578612467606
9	0.02994326794006469	0.22064856533242516
>10	0.1638753868284255	2.503252574780741
>50	0.016808514805290692	0.9740206890022011
>100	0.014213037538864258	2.366260078016614
>500	0.001576931803021072	0.8578986851976032
>1k	5.452413406387461E-4	0.633534578297892
>5k	0.0	0.0
>10k+	0.0	0.0
>>END_MODULE
>>Overrepresented sequences	pass
>>END_MODULE
>>Adapter Content	pass
#Position	Illumina Universal Adapter	Illumina Small RNA 3' Adapter	Illumina Small RNA 5' Adapter	Nextera Transposase Sequence	SOLID Small RNA Adapter
1	0.0	2.897155723163096E-6	0.0	0.0	2.897155723163096E-6
2	0.0	6.373742590958812E-5	0.0	6.95317373559143E-5	8.691467169489288E-6
3	0.0	6.95317373559143E-5	0.0	7.82232045254036E-5	1.1588622892652385E-5
4	0.0	6.95317373559143E-5	0.0	8.981182741805598E-5	1.448577861581548E-5
5	0.0	7.24288930790774E-5	0.0	8.981182741805598E-5	1.448577861581548E-5
6	0.0	7.53260488022405E-5	0.0	8.981182741805598E-5	1.448577861581548E-5
7	0.0	1.0429760603387146E-4	0.0	8.981182741805598E-5	1.448577861581548E-5
8	0.0	1.1009191748019765E-4	0.0	1.0429760603387146E-4	1.448577861581548E-5
9	0.0	1.1588622892652384E-4	0.0	1.1298907320336074E-4	1.448577861581548E-5
10	0.0	1.1878338464968694E-4	0.0	1.1588622892652384E-4	1.448577861581548E-5
11	0.0	1.1878338464968694E-4	0.0	1.1588622892652384E-4	1.448577861581548E-5
12	0.0	1.2457769609601314E-4	0.0	1.1878338464968694E-4	1.448577861581548E-5
13	0.0	1.3616631898866552E-4	0.0	1.2168054037285004E-4	1.7382934338978576E-5
14	0.0	1.390634747118286E-4	0.0	1.2457769609601314E-4	1.7382934338978576E-5
15	0.0	1.390634747118286E-4	0.0	1.50652097604481E-4	1.7382934338978576E-5
16	0.0	1.390634747118286E-4	0.0	1.593435647739703E-4	1.7382934338978576E-5
17	0.0	1.448577861581548E-4	0.0	1.6803503194345957E-4	2.0280090062141673E-5
18	0.0	1.448577861581548E-4	0.0	1.6803503194345957E-4	2.0280090062141673E-5
19	0.0	1.448577861581548E-4	0.0	1.7672649911294885E-4	2.0280090062141673E-5
20	0.0	1.448577861581548E-4	0.0	1.9700658917509053E-4	2.0280090062141673E-5
21	0.0	1.477549418813179E-4	0.0	2.0569805634457983E-4	2.0280090062141673E-5
22	0.0	1.50652097604481E-4	0.0	2.0569805634457983E-4	2.317724578530477E-5
23	0.0	1.564464090508072E-4	0.0	2.0569805634457983E-4	2.317724578530477E-5
24	0.0	1.564464090508072E-4	0.0	2.1438952351406911E-4	2.317724578530477E-5
25	0.0	1.6224072049713338E-4	0.0	2.1438952351406911E-4	2.317724578530477E-5
26	0.0	1.6513787622029648E-4	0.0	2.172866792372322E-4	2.317724578530477E-5
27	0.0	1.6513787622029648E-4	0.0	2.172866792372322E-4	2.6074401508467866E-5
28	0.0	1.6513787622029648E-4	0.0	2.172866792372322E-4	2.897155723163096E-5
29	0.0	1.7093218766662266E-4	0.0	2.172866792372322E-4	2.897155723163096E-5
30	2.897155723163096E-6	1.7093218766662266E-4	0.0	2.172866792372322E-4	3.186871295479406E-5
31	2.897155723163096E-6	1.8831512200560125E-4	0.0	2.172866792372322E-4	3.186871295479406E-5
32	2.897155723163096E-6	1.9121227772876434E-4	0.0	2.201838349603953E-4	3.186871295479406E-5
33	2.897155723163096E-6	1.9121227772876434E-4	0.0	2.201838349603953E-4	3.476586867795715E-5
34	2.897155723163096E-6	1.9121227772876434E-4	0.0	2.230809906835584E-4	3.476586867795715E-5
35	2.897155723163096E-6	1.9121227772876434E-4	0.0	2.230809906835584E-4	3.476586867795715E-5
36	2.897155723163096E-6	2.201838349603953E-4	0.0	2.259781464067215E-4	4.0560180124283346E-5
37	2.897155723163096E-6	2.259781464067215E-4	0.0	2.259781464067215E-4	4.0560180124283346E-5
38	2.897155723163096E-6	2.259781464067215E-4	0.0	2.2887530212988458E-4	4.345733584744644E-5
39	2.897155723163096E-6	2.346696135762108E-4	0.0	2.346696135762108E-4	4.635449157060954E-5
40	2.897155723163096E-6	2.346696135762108E-4	0.0	2.375667692993739E-4	5.214880301693573E-5
41	2.897155723163096E-6	2.375667692993739E-4	0.0	2.4625823646886317E-4	5.794311446326192E-5
42	2.897155723163096E-6	2.375667692993739E-4	0.0	2.694354822541679E-4	6.373742590958812E-5
43	2.897155723163096E-6	2.4046392502253698E-4	0.0	2.694354822541679E-4	6.373742590958812E-5
44	2.897155723163096E-6	2.4046392502253698E-4	0.0	2.7233263797733103E-4	6.95317373559143E-5
45	2.897155723163096E-6	2.6074401508467866E-4	0.0	2.7233263797733103E-4	6.95317373559143E-5
46	2.897155723163096E-6	2.7233263797733103E-4	0.0	2.7233263797733103E-4	6.95317373559143E-5
47	2.897155723163096E-6	2.8102410514682034E-4	0.0	2.7233263797733103E-4	6.95317373559143E-5
48	2.897155723163096E-6	3.01304195208962E-4	0.0	2.7522979370049415E-4	6.95317373559143E-5
49	2.897155723163096E-6	3.042013509321251E-4	0.0	2.781269494236572E-4	6.95317373559143E-5
50	2.897155723163096E-6	3.0999566237845127E-4	0.0	2.781269494236572E-4	6.95317373559143E-5
51	2.897155723163096E-6	3.1578997382477746E-4	0.0	2.781269494236572E-4	6.95317373559143E-5
52	2.897155723163096E-6	3.3607006388691914E-4	0.0	2.839212608699834E-4	6.95317373559143E-5
53	2.897155723163096E-6	3.563501539490608E-4	0.0	2.955098837626358E-4	6.95317373559143E-5
54	2.897155723163096E-6	3.563501539490608E-4	0.0	2.955098837626358E-4	6.95317373559143E-5
55	2.897155723163096E-6	3.563501539490608E-4	0.0	3.042013509321251E-4	6.95317373559143E-5
56	2.897155723163096E-6	3.563501539490608E-4	0.0	3.2448144099426676E-4	6.95317373559143E-5
57	2.897155723163096E-6	3.5924730967222394E-4	0.0	3.3317290816375607E-4	6.95317373559143E-5
58	2.897155723163096E-6	3.62144465395387E-4	0.0	3.3896721961008226E-4	7.24288930790774E-5
59	2.897155723163096E-6	3.62144465395387E-4	0.0	3.650416211185501E-4	7.24288930790774E-5
60	2.897155723163096E-6	3.679387768417132E-4	0.0	3.7952739973436556E-4	7.24288930790774E-5
61	2.897155723163096E-6	3.708359325648763E-4	0.0	3.9401317835018106E-4	7.24288930790774E-5
62	2.897155723163096E-6	3.853217111806918E-4	0.0	4.0560180124283343E-4	7.53260488022405E-5
63	2.897155723163096E-6	3.9401317835018106E-4	2.897155723163096E-6	4.1139611268915967E-4	7.53260488022405E-5
64	2.897155723163096E-6	3.969103340733442E-4	2.897155723163096E-6	4.1429326841232274E-4	7.82232045254036E-5
65	5.794311446326192E-6	4.0849895696599655E-4	5.794311446326192E-6	4.1719042413548586E-4	8.112036024856669E-5
>>END_MODULE
