##FastQC	0.11.7
>>Basic Statistics	pass
#Measure	Value
Filename	SRR1099957_1_val_1.fq.gz
File type	Conventional base calls
Encoding	Sanger / Illumina 1.9
Total Sequences	28980443
Sequences flagged as poor quality	0
Sequence length	20-76
%GC	49
>>END_MODULE
>>Per base sequence quality	pass
#Base	Mean	Median	Lower Quartile	Upper Quartile	10th Percentile	90th Percentile
1	32.38398346774754	34.0	31.0	34.0	30.0	34.0
2	32.58565864572878	34.0	31.0	34.0	30.0	34.0
3	32.03546260490221	34.0	31.0	34.0	30.0	34.0
4	35.847115553064526	37.0	35.0	37.0	35.0	37.0
5	35.849665134518474	37.0	35.0	37.0	35.0	37.0
6	35.895071859322506	37.0	35.0	37.0	35.0	37.0
7	35.92235474109212	37.0	35.0	37.0	35.0	37.0
8	35.926642425721376	37.0	36.0	37.0	35.0	37.0
9	37.697945783644506	39.0	38.0	39.0	35.0	39.0
10-11	37.71080937237571	39.0	38.0	39.0	35.0	39.0
12-13	37.667526131329325	39.0	38.0	39.0	35.0	39.0
14-15	39.1470720961719	41.0	39.0	41.0	36.0	41.0
16-17	39.13256486451915	41.0	39.0	41.0	36.0	41.0
18-19	39.13268760246349	41.0	39.0	41.0	36.0	41.0
20-21	39.122548463113745	41.0	39.0	41.0	35.0	41.0
22-23	39.091099447688734	41.0	39.0	41.0	35.0	41.0
24-25	39.059575865761815	41.0	39.0	41.0	35.0	41.0
26-27	39.009958050918534	41.0	39.0	41.0	35.0	41.0
28-29	38.961004551128966	41.0	39.0	41.0	35.0	41.0
30-31	38.903911493022136	41.0	39.0	41.0	35.0	41.0
32-33	38.846576488401894	41.0	38.5	41.0	34.5	41.0
34-35	38.78180031951467	41.0	38.0	41.0	34.0	41.0
36-37	38.71819845653086	40.5	38.0	41.0	34.0	41.0
38-39	38.63528175964675	40.0	38.0	41.0	34.0	41.0
40-41	38.579618104086634	40.0	38.0	41.0	34.0	41.0
42-43	38.51535232021715	40.0	38.0	41.0	34.0	41.0
44-45	38.451212660556436	40.0	38.0	41.0	33.5	41.0
46-47	38.36459237504963	40.0	38.0	41.0	33.0	41.0
48-49	38.27340155769741	40.0	37.0	41.0	33.0	41.0
50-51	38.1903207546203	40.0	37.0	41.0	33.0	41.0
52-53	38.07831269633662	40.0	37.0	41.0	33.0	41.0
54-55	37.94642058499767	40.0	36.0	41.0	33.0	41.0
56-57	37.776525472741014	39.5	36.0	41.0	33.0	41.0
58-59	37.582571956332814	39.0	35.0	41.0	33.0	41.0
60-61	37.36165700278447	39.0	35.0	41.0	33.0	41.0
62-63	37.140581147084276	38.5	35.0	41.0	32.0	41.0
64-65	36.8954055578991	37.5	35.0	41.0	32.0	41.0
66-67	36.6490422176264	37.0	35.0	40.0	32.0	41.0
68-69	36.396955527359054	36.5	35.0	39.5	32.0	41.0
70-71	36.14115029219651	36.0	35.0	39.0	32.0	41.0
72-73	35.902767861858756	36.0	35.0	39.0	32.0	41.0
74-75	35.71465702611739	35.0	35.0	38.5	32.0	40.5
76	34.962064592732375	35.0	34.0	37.0	31.0	39.0
>>END_MODULE
>>Per sequence quality scores	pass
#Quality	Count
14	2.0
15	12.0
16	60.0
17	124.0
18	195.0
19	503.0
20	5930.0
21	20446.0
22	42958.0
23	69860.0
24	98967.0
25	132347.0
26	168822.0
27	207226.0
28	249522.0
29	299118.0
30	360367.0
31	436735.0
32	537951.0
33	676673.0
34	885670.0
35	1239149.0
36	1932206.0
37	3369345.0
38	5788983.0
39	9171766.0
40	3285506.0
>>END_MODULE
>>Per base sequence content	fail
#Base	G	A	T	C
1	27.641482021448176	12.682911956902053	15.786909518940146	43.88869650270963
2	21.58874123180123	22.197433907322907	35.147641981015596	21.066182879860268
3	26.543721845978364	23.822133352712	24.264488747155916	25.369656054153715
4	26.68662258465909	31.667999236400775	18.83404584985925	22.811332329080884
5	27.28983636424016	31.781208568675396	20.856253071048663	20.07270199603578
6	21.512685379158967	33.64583165106418	22.130763143543007	22.710719826233845
7	19.11203979708085	15.905102188525438	40.63972706708399	24.343130947309724
8	21.200736795935608	20.480707553773243	27.445434661258446	30.873120989032703
9	21.765361617122934	20.13286580929388	29.799112238033526	28.30266033554966
10-11	25.7452093193644	29.770924931360575	20.366597200204342	24.117268549070683
12-13	23.089927559665075	23.503167127290265	27.827105013725877	25.579800299318777
14-15	23.70310293612199	24.84307255483057	26.743133496857656	24.710691012189788
16-17	24.548576620616842	25.159706049972748	25.566124348846785	24.725592980563622
18-19	24.48638224880843	25.51199579949019	25.31387439916611	24.687747552535274
20-21	24.31891319054762	25.521237528039027	25.618489297973955	24.5413599834394
22-23	24.46167826679966	25.739364867319786	25.548848161838695	24.250108704041867
24-25	24.463262415076166	25.804756848617888	25.475102213092672	24.25687852321328
26-27	24.302285334624308	25.78059237305296	25.570073129056077	24.347049163266657
28-29	24.453225301100442	25.48528590082511	25.581469930203088	24.480018867871358
30-31	24.17444702233267	25.684389365208048	25.670602622999496	24.470560989459784
32-33	24.192620014545035	25.770174451805584	25.698484347470156	24.338721186179225
34-35	24.521955121640637	25.721892526211406	25.437240937583923	24.318911414564038
36-37	24.370084230495156	25.659177658926136	25.504770625645644	24.465967484933067
38-39	24.287842637904294	25.68986013856228	25.676719433351145	24.345577790182276
40-41	24.355401421459316	25.65273987138979	25.63588270830713	24.355975998843764
42-43	24.186003458735108	25.648016831864588	25.751805292216	24.414174417184302
44-45	24.288504377440788	25.675743349418173	25.725444590758105	24.310307682382934
46-47	24.37623596844101	25.66966574326025	25.583175908339502	24.37092237995924
48-49	24.320178379623876	25.631764361838112	25.652137085468475	24.395920173069545
50-51	24.249671525772683	25.71414215793223	25.6647624596538	24.371423856641286
52-53	24.385368919371732	25.698548293671696	25.567799535075174	24.348283251881398
54-55	24.28336968640104	25.652876390596614	25.66302017254393	24.40073375045842
56-57	24.228733879819604	25.640335270907805	25.738655051768145	24.392275797504446
58-59	24.372521551204734	25.645544959671323	25.596173387674547	24.385760101449396
60-61	24.23425321122396	25.70929021271241	25.722870898743857	24.333585677319775
62-63	24.13866771377166	25.72012663953599	25.869115053070452	24.2720905936219
64-65	24.32029747642564	25.670504977608964	25.72610259668247	24.283094949282923
66-67	24.320033162388928	25.662643241148718	25.670953974909143	24.346369621553208
68-69	24.2240065833373	25.71354652530793	25.751854371510923	24.31059251984385
70-71	24.306466522476917	25.665431770756086	25.74414571487207	24.283955991894928
72-73	24.267633161014395	25.539957934448122	25.877250966474026	24.315157938063457
74-75	24.469051211812666	22.14472294043631	27.464756085109084	25.921469762641948
76	25.510098101755347	0.0	37.75896031459103	36.730941583653625
>>END_MODULE
>>Per sequence GC content	pass
#GC Content	Count
0	1110.0
1	1084.0
2	1146.0
3	1246.0
4	1300.5
5	1457.5
6	1726.0
7	1997.0
8	2251.5
9	2562.5
10	2969.5
11	3479.0
12	3961.0
13	4658.0
14	5878.0
15	7606.5
16	9704.5
17	11951.0
18	16493.5
19	24597.0
20	34272.5
21	43057.5
22	59210.0
23	88030.5
24	119410.0
25	145437.5
26	186222.5
27	247805.5
28	305641.0
29	347015.5
30	402066.5
31	479932.0
32	548670.5
33	593728.0
34	650909.0
35	727336.5
36	792339.5
37	835951.0
38	881448.0
39	948698.5
40	1007982.5
41	1062151.5
42	1096324.0
43	1118157.5
44	1149325.0
45	1162455.5
46	1157775.0
47	1165262.0
48	1181043.5
49	1191831.0
50	1196490.0
51	1197142.0
52	1191999.0
53	1174687.5
54	1156101.0
55	1129259.0
56	1104028.0
57	1072250.5
58	1041075.5
59	1010320.0
60	961899.5
61	895434.5
62	840580.5
63	782105.5
64	695827.5
65	615032.5
66	527617.5
67	466259.5
68	414080.5
69	343859.0
70	274932.5
71	228562.0
72	195664.0
73	152435.5
74	114030.0
75	91308.5
76	76651.0
77	59687.0
78	44123.0
79	33592.0
80	27073.5
81	19355.5
82	13145.5
83	9403.0
84	6925.0
85	4213.0
86	2622.5
87	2016.5
88	1573.0
89	1151.0
90	880.0
91	690.0
92	570.5
93	410.5
94	231.0
95	147.0
96	128.0
97	127.5
98	74.5
99	19.5
100	18.0
>>END_MODULE
>>Per base N content	pass
#Base	N-Count
1	0.1772264143788278
2	0.004440925903030538
3	4.3132535965720054E-4
4	0.06075131425699738
5	0.04252868046219998
6	0.0059591911690238825
7	0.0014768580314662547
8	0.0012767230645853137
9	0.0028570991823692964
10-11	0.005075836832445936
12-13	0.00681149007970651
14-15	0.007187605793327589
16-17	0.007066834692623574
18-19	0.010379413454790874
20-21	0.009469403508331177
22-23	0.008841590884951588
24-25	0.008805881382377274
26-27	0.00603012203187329
28-29	0.0044602089974413095
30-31	0.0036619152408289605
32-33	0.003724741853927256
34-35	0.003207609752775557
36-37	0.0017990460688208955
38-39	0.0034654460341248267
40-41	0.003662579690617207
42-43	0.002366156211027153
44-45	0.004094798675441301
46-47	0.003226686921581779
48-49	0.0025068936526759294
50-51	0.004513275814760511
52-53	0.004275642221451904
54-55	0.0034959253242383337
56-57	0.0017117367417500676
58-59	0.0012163964137058148
60-61	0.0020521582437654324
62-63	0.0019696140950930738
64-65	0.0020017632080116202
66-67	9.308641704905106E-4
68-69	2.9230374341357733E-4
70-71	1.6894428759795102E-4
72-73	5.720658522756323E-4
74-75	0.0
76	0.0
>>END_MODULE
>>Sequence Length Distribution	warn
#Length	Count
20-21	11859.0
22-23	12963.0
24-25	13803.0
26-27	15345.0
28-29	16604.0
30-31	17364.0
32-33	18726.0
34-35	20025.0
36-37	20809.0
38-39	22230.0
40-41	23814.0
42-43	24539.0
44-45	26283.0
46-47	28007.0
48-49	29386.0
50-51	31524.0
52-53	33596.0
54-55	36402.0
56-57	39680.0
58-59	43387.0
60-61	48853.0
62-63	54807.0
64-65	64543.0
66-67	78694.0
68-69	99632.0
70-71	161747.0
72-73	895520.0
74-75	8912033.0
76-77	1.8178268E7
>>END_MODULE
>>Sequence Duplication Levels	pass
#Total Deduplicated Percentage	81.99522752308297
#Duplication Level	Percentage of deduplicated	Percentage of total
1	89.53349701577694	73.413194587459
2	7.168395092091148	11.755483731027299
3	1.784099869406525	4.388630241476719
4	0.6624481249479024	2.172703389093718
5	0.2989294543856773	1.2255394312852332
6	0.15571030537125613	0.7660501149962924
7	0.09246704801174853	0.5307299648077811
8	0.05816250666000561	0.3815238373519991
9	0.04392347249057264	0.32413636084215414
>10	0.17993942111927183	2.618263114291994
>50	0.012951163899194451	0.7373809896895616
>100	0.008983144183661803	1.3510872273941084
>500	3.918471686832688E-4	0.22433588608124075
>1k	1.0153448744398218E-4	0.11094112420289247
>5k	0.0	0.0
>10k+	0.0	0.0
>>END_MODULE
>>Overrepresented sequences	pass
>>END_MODULE
>>Adapter Content	pass
#Position	Illumina Universal Adapter	Illumina Small RNA 3' Adapter	Illumina Small RNA 5' Adapter	Nextera Transposase Sequence	SOLID Small RNA Adapter
1	0.0	0.0	0.0	3.4506028772576045E-6	0.0
2	0.0	1.0351808631772814E-5	0.0	2.415422014080323E-5	0.0
3	0.0	1.3802411509030418E-5	0.0	2.415422014080323E-5	0.0
4	0.0	1.3802411509030418E-5	0.0	2.415422014080323E-5	0.0
5	0.0	1.3802411509030418E-5	0.0	2.415422014080323E-5	0.0
6	0.0	1.3802411509030418E-5	3.4506028772576045E-6	3.450602877257604E-5	0.0
7	0.0	1.3802411509030418E-5	3.4506028772576045E-6	3.450602877257604E-5	0.0
8	0.0	1.3802411509030418E-5	3.4506028772576045E-6	4.1407234527091254E-5	0.0
9	0.0	1.3802411509030418E-5	3.4506028772576045E-6	4.1407234527091254E-5	3.4506028772576045E-6
10	0.0	1.725301438628802E-5	3.4506028772576045E-6	4.1407234527091254E-5	3.4506028772576045E-6
11	0.0	1.725301438628802E-5	3.4506028772576045E-6	4.4857837404348854E-5	3.4506028772576045E-6
12	0.0	1.725301438628802E-5	3.4506028772576045E-6	5.520964603612167E-5	3.4506028772576045E-6
13	0.0	2.0703617263545627E-5	3.4506028772576045E-6	5.866024891337927E-5	6.901205754515209E-6
14	0.0	2.415422014080323E-5	3.4506028772576045E-6	6.901205754515208E-5	6.901205754515209E-6
15	0.0	3.450602877257604E-5	3.4506028772576045E-6	6.901205754515208E-5	6.901205754515209E-6
16	0.0	3.795663164983365E-5	3.4506028772576045E-6	6.901205754515208E-5	1.0351808631772814E-5
17	0.0	4.1407234527091254E-5	3.4506028772576045E-6	6.901205754515208E-5	1.0351808631772814E-5
18	0.0	4.1407234527091254E-5	3.4506028772576045E-6	7.24626604224097E-5	1.3802411509030418E-5
19	0.0	4.4857837404348854E-5	3.4506028772576045E-6	7.24626604224097E-5	1.3802411509030418E-5
20	0.0	4.830844028160646E-5	3.4506028772576045E-6	7.24626604224097E-5	1.3802411509030418E-5
21	0.0	5.1759043158864066E-5	3.4506028772576045E-6	7.59132632996673E-5	1.3802411509030418E-5
22	0.0	5.1759043158864066E-5	3.4506028772576045E-6	7.59132632996673E-5	1.725301438628802E-5
23	0.0	6.556145466789448E-5	3.4506028772576045E-6	7.59132632996673E-5	2.0703617263545627E-5
24	0.0	7.24626604224097E-5	3.4506028772576045E-6	8.281446905418251E-5	2.0703617263545627E-5
25	0.0	7.24626604224097E-5	3.4506028772576045E-6	9.316627768595532E-5	2.415422014080323E-5
26	0.0	7.24626604224097E-5	3.4506028772576045E-6	1.0006748344047053E-4	3.105542589531844E-5
27	0.0	7.59132632996673E-5	3.4506028772576045E-6	1.0006748344047053E-4	3.105542589531844E-5
28	0.0	7.59132632996673E-5	3.4506028772576045E-6	1.0006748344047053E-4	3.105542589531844E-5
29	0.0	7.93638661769249E-5	3.4506028772576045E-6	1.0006748344047053E-4	3.105542589531844E-5
30	0.0	7.93638661769249E-5	3.4506028772576045E-6	1.0351808631772813E-4	3.105542589531844E-5
31	0.0	8.281446905418251E-5	3.4506028772576045E-6	1.0696868919498573E-4	3.105542589531844E-5
32	0.0	8.626507193144011E-5	3.4506028772576045E-6	1.2077110070401616E-4	3.105542589531844E-5
33	0.0	8.626507193144011E-5	3.4506028772576045E-6	1.2077110070401616E-4	3.105542589531844E-5
34	0.0	8.971567480869771E-5	3.4506028772576045E-6	1.2077110070401616E-4	3.105542589531844E-5
35	0.0	1.0351808631772813E-4	3.4506028772576045E-6	1.2077110070401616E-4	3.105542589531844E-5
36	0.0	1.0696868919498573E-4	3.4506028772576045E-6	1.3802411509030417E-4	3.105542589531844E-5
37	0.0	1.2767230645853136E-4	3.4506028772576045E-6	1.4147471796756178E-4	3.795663164983365E-5
38	0.0	1.3112290933578897E-4	3.4506028772576045E-6	1.449253208448194E-4	3.795663164983365E-5
39	0.0	1.3112290933578897E-4	3.4506028772576045E-6	1.449253208448194E-4	3.795663164983365E-5
40	0.0	1.3802411509030417E-4	3.4506028772576045E-6	1.449253208448194E-4	3.795663164983365E-5
41	0.0	1.3802411509030417E-4	3.4506028772576045E-6	1.4837592372207698E-4	3.795663164983365E-5
42	0.0	1.3802411509030417E-4	3.4506028772576045E-6	1.518265265993346E-4	3.795663164983365E-5
43	0.0	1.4147471796756178E-4	3.4506028772576045E-6	1.518265265993346E-4	4.1407234527091254E-5
44	0.0	1.449253208448194E-4	3.4506028772576045E-6	1.552771294765922E-4	4.1407234527091254E-5
45	0.0	1.449253208448194E-4	3.4506028772576045E-6	1.587277323538498E-4	4.1407234527091254E-5
46	0.0	1.449253208448194E-4	3.4506028772576045E-6	1.621783352311074E-4	4.1407234527091254E-5
47	0.0	1.4837592372207698E-4	3.4506028772576045E-6	1.621783352311074E-4	4.1407234527091254E-5
48	0.0	1.518265265993346E-4	3.4506028772576045E-6	1.621783352311074E-4	4.1407234527091254E-5
49	0.0	1.552771294765922E-4	3.4506028772576045E-6	1.6562893810836502E-4	4.1407234527091254E-5
50	0.0	1.6562893810836502E-4	3.4506028772576045E-6	1.690795409856226E-4	4.830844028160646E-5
51	0.0	1.6562893810836502E-4	3.4506028772576045E-6	1.7253014386288022E-4	5.1759043158864066E-5
52	0.0	1.6562893810836502E-4	3.4506028772576045E-6	1.7943134961739542E-4	5.1759043158864066E-5
53	0.0	1.6562893810836502E-4	3.4506028772576045E-6	1.8288195249465303E-4	5.1759043158864066E-5
54	0.0	1.6562893810836502E-4	3.4506028772576045E-6	1.8288195249465303E-4	5.520964603612167E-5
55	0.0	1.6562893810836502E-4	3.4506028772576045E-6	1.8288195249465303E-4	5.520964603612167E-5
56	0.0	1.7253014386288022E-4	3.4506028772576045E-6	1.8633255537191064E-4	5.866024891337927E-5
57	0.0	1.9323376112642584E-4	3.4506028772576045E-6	1.9323376112642584E-4	6.211085179063688E-5
58	0.0	1.9323376112642584E-4	3.4506028772576045E-6	2.0013496688094107E-4	6.211085179063688E-5
59	0.0	1.9668436400368345E-4	3.4506028772576045E-6	2.0703617263545627E-4	6.211085179063688E-5
60	0.0	1.9668436400368345E-4	3.4506028772576045E-6	2.1048677551271388E-4	6.211085179063688E-5
61	0.0	2.0358556975819865E-4	3.4506028772576045E-6	2.1738798126722908E-4	6.211085179063688E-5
62	0.0	2.0358556975819865E-4	3.4506028772576045E-6	2.311903927762595E-4	6.211085179063688E-5
63	0.0	2.2428918702174428E-4	3.4506028772576045E-6	2.380915985307747E-4	6.211085179063688E-5
64	0.0	2.346409956535171E-4	3.4506028772576045E-6	2.380915985307747E-4	6.211085179063688E-5
65	0.0	2.553446129170627E-4	6.901205754515209E-6	2.4154220140803231E-4	6.556145466789448E-5
>>END_MODULE
