##FastQC	0.11.7
>>Basic Statistics	pass
#Measure	Value
Filename	SRR655277_2.fastq.gz
File type	Conventional base calls
Encoding	Sanger / Illumina 1.9
Total Sequences	49408418
Sequences flagged as poor quality	0
Sequence length	76
%GC	47
>>END_MODULE
>>Per base sequence quality	fail
#Base	Mean	Median	Lower Quartile	Upper Quartile	10th Percentile	90th Percentile
1	27.74128888320205	31.0	27.0	33.0	10.0	34.0
2	28.59130033266801	31.0	28.0	34.0	16.0	34.0
3	28.589936314091254	31.0	28.0	34.0	16.0	34.0
4	32.77532504683716	35.0	33.0	37.0	22.0	37.0
5	32.308937740123554	35.0	33.0	37.0	19.0	37.0
6	30.562098628618305	35.0	30.0	37.0	10.0	37.0
7	32.140869051909334	35.0	32.0	37.0	17.0	37.0
8	32.58091020036302	35.0	33.0	37.0	21.0	37.0
9	33.64881077552412	38.0	33.0	39.0	17.0	39.0
10-11	34.051064152671316	38.0	34.5	39.0	21.5	39.0
12-13	34.343471187440166	38.0	35.0	39.0	25.0	39.0
14-15	35.545296623340576	39.0	36.0	41.0	25.0	41.0
16-17	34.1680546521445	38.5	33.0	41.0	14.5	41.0
18-19	33.23577387156982	38.0	31.5	40.0	14.0	41.0
20-21	33.97794671345275	38.5	32.5	40.0	16.5	41.0
22-23	34.023206652761075	38.5	33.0	40.0	17.0	41.0
24-25	34.35958671050751	39.0	33.5	41.0	17.5	41.0
26-27	34.8458104446898	39.0	34.0	41.0	23.0	41.0
28-29	34.85575813214663	39.0	34.0	41.0	22.0	41.0
30-31	34.8378544724909	39.0	34.5	41.0	23.0	41.0
32-33	34.52850484911296	39.0	34.0	41.0	19.5	41.0
34-35	34.320039087266466	38.5	34.0	40.5	17.5	41.0
36-37	33.91067506958025	38.0	33.0	40.0	15.5	41.0
38-39	33.97132846876417	38.0	33.0	40.0	15.5	41.0
40-41	33.31075040694483	38.0	32.0	40.0	12.0	41.0
42-43	33.2569217658416	38.0	32.0	40.0	12.0	41.0
44-45	33.35719450681461	38.0	33.0	40.0	11.5	41.0
46-47	32.83774703128523	38.0	31.5	40.0	9.0	41.0
48-49	32.653348585255245	38.0	31.0	40.0	9.0	41.0
50-51	31.830269793297166	36.5	30.5	39.5	8.0	40.5
52-53	31.998850206051934	37.0	30.5	39.5	7.0	40.0
54-55	31.943625193585433	37.0	30.5	40.0	4.5	41.0
56-57	30.693776169882632	36.0	28.0	39.5	2.0	41.0
58-59	31.281120800103338	36.0	29.5	39.0	2.0	41.0
60-61	30.665661304921763	35.5	29.0	39.0	2.0	41.0
62-63	29.863028239438876	35.0	27.0	39.0	2.0	40.5
64-65	29.68990648516615	35.0	27.0	38.5	2.0	40.0
66-67	29.786791169877166	35.0	28.0	38.0	2.0	40.0
68-69	29.104959219702195	35.0	27.0	38.0	2.0	40.0
70-71	28.88566863241806	34.0	27.5	37.0	2.0	40.0
72-73	28.485835794216282	34.0	27.5	37.0	2.0	39.0
74-75	26.35551091718824	34.0	12.0	36.0	2.0	39.0
76	23.10454607148118	30.0	2.0	34.0	2.0	36.0
>>END_MODULE
>>Per sequence quality scores	pass
#Quality	Count
2	1445272.0
3	220285.0
4	169997.0
5	181946.0
6	172244.0
7	157943.0
8	165444.0
9	180204.0
10	198607.0
11	216862.0
12	232677.0
13	245304.0
14	252698.0
15	258412.0
16	264675.0
17	275812.0
18	292806.0
19	325069.0
20	360664.0
21	398404.0
22	441282.0
23	491301.0
24	548949.0
25	617130.0
26	699000.0
27	801904.0
28	925885.0
29	1083058.0
30	1286517.0
31	1549931.0
32	1906290.0
33	2392990.0
34	3085997.0
35	4034682.0
36	5281478.0
37	6583997.0
38	7044933.0
39	4534243.0
40	83526.0
>>END_MODULE
>>Per base sequence content	fail
#Base	G	A	T	C
1	25.11914807866708	15.77475846295154	17.603344303029424	41.50274915535196
2	22.227431908324498	23.042162939615324	32.9009395580396	21.829465594020576
3	25.261778483928637	25.10769109021599	26.5014091467222	23.129121279133173
4	26.515805457539376	29.473327241899273	20.537635143271725	23.47323215728963
5	26.290595767643183	31.801522114040772	20.860920742016766	21.04696137629928
6	21.204994129554226	33.60460202961539	19.593626661105333	25.596777179725045
7	20.227708377229252	17.103624402483156	39.84529353524308	22.82337368504451
8	20.244706685317222	24.432633211858864	26.155849078352762	29.166811024471155
9	20.69370225616996	23.12737503323556	28.850146504635138	27.328776205959343
10-11	25.34634291279471	30.920985152000434	20.084000707033088	23.648671228171768
12-13	23.646965747770523	23.53578478641318	27.622671353954807	25.19457811186149
14-15	23.187580376041797	25.440761619273854	27.257034417730843	24.114623586953506
16-17	23.47388971325583	25.870804909733003	26.305921522532742	24.349383854478425
18-19	23.23166295066053	26.444736836174894	25.1973304119335	25.12626980123108
20-21	23.910664033311868	27.049538256474133	25.52860513013715	23.511192580076848
22-23	24.90743160664738	26.35798529989791	25.370902013192254	23.36368108026246
24-25	23.4582885278539	27.233681036232305	26.493295072357448	22.81473536355635
26-27	23.357289933466312	27.556349370597566	25.809460465075603	23.276900230860527
28-29	23.820152255897057	27.18759751903706	25.93246425390628	23.059785971159606
30-31	23.841910783802984	26.910966493023018	26.206087333632205	23.041035389541793
32-33	23.96369635128663	26.51450203142362	26.555871383877438	22.965930233412312
34-35	24.581098091712015	26.726171027741373	25.856231117907928	22.83649976263868
36-37	22.914974556471705	26.708710015251917	26.2143931659912	24.161922262285177
38-39	23.655289682859465	25.97363157441978	26.94137606653356	23.429702676187194
40-41	24.6010324919768	26.239262943514763	25.462541618876212	23.69716294563223
42-43	24.534887237491592	26.049821848158484	26.546777675415235	22.86851323893469
44-45	24.11140887276502	26.100213049914707	26.404872661982758	23.38350541533752
46-47	24.20484113508753	26.366051209167306	25.816974557811008	23.61213309793415
48-49	23.19913873298418	26.235780359051958	25.777155896365905	24.787925011597956
50-51	24.344806960391686	26.00377250050788	26.431858895039095	23.219561644061336
52-53	23.535691615855477	26.666455784708536	26.90305276185432	22.894799837581665
54-55	23.460536937066543	26.56971404590652	26.328460998298166	23.641288018728776
56-57	23.406811092224906	25.916994417804982	27.919597001064528	22.75659748890558
58-59	22.895314478366082	27.500073401278062	26.60510536477006	22.9995067555858
60-61	23.208716725641125	27.809222536931888	25.99988830537493	22.982172432052057
62-63	23.237048460024486	27.996881200932417	26.25103137003221	22.515038969010888
64-65	23.24691704412635	27.663233610185856	26.27216167406689	22.81768767162091
66-67	22.83435329478902	27.98368589194314	26.21208472354775	22.96987608972009
68-69	23.283968630067655	27.73137207888067	26.039372573760577	22.94528671729109
70-71	23.222915126168893	26.990849974547388	26.473581556044127	23.31265334323959
72-73	23.199003461800856	27.210538928455573	26.3619770078104	23.228480601933164
74-75	23.76882358956699	26.80276270591186	26.762028658466026	22.66638504605513
76	23.663280744735324	27.357528011247865	26.11907837986216	22.86011286415465
>>END_MODULE
>>Per sequence GC content	pass
#GC Content	Count
0	68293.0
1	47280.5
2	16135.0
3	4988.0
4	3974.0
5	3607.0
6	3077.0
7	2888.0
8	2862.0
9	2949.5
10	3223.0
11	3876.0
12	4343.0
13	5047.5
14	7242.5
15	11397.5
16	18337.0
17	22612.0
18	30883.0
19	52030.5
20	83544.5
21	102182.0
22	129678.0
23	193398.5
24	272459.5
25	315296.0
26	369820.5
27	486025.5
28	617755.0
29	687804.0
30	761997.0
31	909087.0
32	1059066.0
33	1136148.0
34	1213732.0
35	1361623.5
36	1494718.0
37	1557505.0
38	1622138.0
39	1760763.0
40	1894127.0
41	2012300.0
42	2071101.0
43	2110017.0
44	2173619.5
45	2202755.0
46	2207204.0
47	2205908.5
48	2176091.5
49	2109975.0
50	2072380.0
51	2048414.0
52	1970529.0
53	1875173.5
54	1833737.0
55	1783177.0
56	1683694.5
57	1572619.0
58	1510466.0
59	1435552.0
60	1296522.0
61	1165921.5
62	1099437.0
63	1031038.0
64	889131.5
65	750050.5
66	618556.5
67	552636.0
68	494152.5
69	384758.5
70	289808.0
71	245768.0
72	210961.5
73	149549.0
74	103766.0
75	84589.0
76	70651.5
77	46512.0
78	29578.5
79	22847.0
80	18248.0
81	10782.5
82	5934.5
83	3953.0
84	2905.0
85	1315.5
86	589.5
87	405.0
88	324.5
89	188.0
90	106.5
91	66.0
92	51.0
93	45.5
94	34.0
95	23.5
96	19.0
97	14.5
98	10.5
99	5.5
100	0.0
>>END_MODULE
>>Per base N content	pass
#Base	N-Count
1	0.37614035729700956
2	0.5059583166576999
3	0.45991555528047867
4	0.46786359360868424
5	0.4707740288304718
6	0.38939518363044934
7	0.35900562531672237
8	0.33869532110904665
9	0.38007895739547864
10-11	0.3703802052516638
12-13	0.3918502308655177
14-15	0.369922793318337
16-17	0.3399015932872006
18-19	0.30881174944722983
20-21	0.30273990962430736
22-23	0.28249538368137994
24-25	0.2624269410933173
26-27	0.2612844232333041
28-29	0.2655023279636276
30-31	0.26506515549637716
32-33	0.26146151856147265
34-35	0.2719830050012935
36-37	0.2956733000437294
38-39	0.2781034195427994
40-41	0.25854804741977366
42-43	0.24966089786562282
44-45	0.2903088295601774
46-47	0.29491937993238315
48-49	0.2703415843024968
50-51	0.2624998031711924
52-53	0.24963762247963492
54-55	0.252781823534605
56-57	0.25703615930386603
58-59	0.2520521907825504
60-61	0.247428484757395
62-63	0.24330975341084587
64-65	0.25412774802868615
66-67	0.24592266848131022
68-69	0.24225021736174593
70-71	0.24636388884177593
72-73	0.27250821914597634
74-75	0.28097135188582645
76	0.3546946190424474
>>END_MODULE
>>Sequence Length Distribution	pass
#Length	Count
76	4.9408418E7
>>END_MODULE
>>Sequence Duplication Levels	pass
#Total Deduplicated Percentage	70.99974673997094
#Duplication Level	Percentage of deduplicated	Percentage of total
1	89.26845757771015	63.38037879885261
2	6.021026930036587	8.549827742942849
3	1.9883811427542086	4.235236726742484
4	0.8802907406325314	2.500016785698047
5	0.49327854344998034	1.7511325828605178
6	0.32056839617352645	1.3656164964695428
7	0.21693239215425786	1.078150143185386
8	0.14025252052266268	0.7966314749401303
9	0.1062299147883319	0.6788067341562234
>10	0.5024831023933191	6.180901727257361
>50	0.031579112648222885	1.560301898004608
>100	0.025085464825709638	3.6895475095120167
>500	0.003835778726553416	1.8834449921605045
>1k	0.0015433011469935631	1.6845093246180234
>5k	3.1475449552543275E-5	0.14440947693945674
>10k+	2.3606587164407218E-5	0.5210875856601291
>>END_MODULE
>>Overrepresented sequences	warn
#Sequence	Count	Percentage	Possible Source
NNNNNNNNNNNNNNNNNNNNNNNNNNNNNNNNNNNNNNNNNNNNNNNNNN	57467	0.11631013970129543	No Hit
>>END_MODULE
>>Adapter Content	pass
#Position	Illumina Universal Adapter	Illumina Small RNA 3' Adapter	Illumina Small RNA 5' Adapter	Nextera Transposase Sequence	SOLID Small RNA Adapter
1	0.20514520420386664	2.0239466076408274E-6	0.0	6.071839822922482E-6	0.0
2	0.20604586044426682	4.655077197573903E-5	0.0	5.8694451621584E-5	0.0
3	0.20612277041535715	4.655077197573903E-5	0.0	6.071839822922483E-5	6.071839822922482E-6
4	0.20620777617287808	4.857471858337986E-5	2.0239466076408274E-6	6.881418465978813E-5	6.071839822922482E-6
5	0.2062684945711073	4.857471858337986E-5	2.0239466076408274E-6	6.881418465978813E-5	6.071839822922482E-6
6	0.20634338059559001	4.857471858337986E-5	2.0239466076408274E-6	7.286207787506979E-5	1.0119733038204138E-5
7	0.20649112869794778	8.298181091327393E-5	2.0239466076408274E-6	8.702970412855559E-5	1.0119733038204138E-5
8	0.20687163066018427	8.298181091327393E-5	2.0239466076408274E-6	1.1131706342024551E-4	1.0119733038204138E-5
9	0.20719343817079916	8.702970412855559E-5	2.0239466076408274E-6	1.254846896737313E-4	1.4167626253485793E-5
10	0.2077257361286087	8.702970412855559E-5	2.0239466076408274E-6	1.2953258288901296E-4	1.4167626253485793E-5
11	0.21893637638833124	9.714943716675972E-5	2.0239466076408274E-6	1.335804761042946E-4	1.4167626253485793E-5
12	0.21964475770100553	9.917338377440054E-5	2.0239466076408274E-6	1.4167626253485792E-4	1.619157286112662E-5
13	0.22032480376117283	9.917338377440054E-5	2.0239466076408274E-6	1.4370020914249875E-4	1.619157286112662E-5
14	0.220966394835795	1.032212769896822E-4	2.0239466076408274E-6	1.5584388878834372E-4	1.619157286112662E-5
15	0.2221969543732406	1.032212769896822E-4	2.0239466076408274E-6	2.0239466076408275E-4	1.619157286112662E-5
16	0.2230045090696893	1.0524522359732303E-4	2.0239466076408274E-6	2.0846650058700523E-4	1.8215519468767448E-5
17	0.22624889548173754	1.0524522359732303E-4	2.0239466076408274E-6	2.1656228701756854E-4	1.8215519468767448E-5
18	0.22702204308585633	1.0524522359732303E-4	2.0239466076408274E-6	2.2263412684049103E-4	2.428735929168993E-5
19	0.22852785936194112	1.0524522359732303E-4	2.0239466076408274E-6	2.428735929168993E-4	2.428735929168993E-5
20	0.2301834476869913	1.0726917020496386E-4	4.047893215281655E-6	2.5501727256274425E-4	2.428735929168993E-5
21	0.2330878110689559	1.1536495663552717E-4	4.047893215281655E-6	2.5501727256274425E-4	2.428735929168993E-5
22	0.23441956793678356	1.17388903243168E-4	4.047893215281655E-6	2.6108911238566674E-4	2.428735929168993E-5
23	0.23677746573468514	1.17388903243168E-4	4.047893215281655E-6	2.732327920315117E-4	2.6311305899330757E-5
24	0.23773681642670688	1.2143679645844966E-4	4.047893215281655E-6	2.9144831150027916E-4	3.0359199114612414E-5
25	0.23856865848244727	1.2953258288901296E-4	4.047893215281655E-6	3.0561593775376496E-4	3.238314572225324E-5
26	0.23942883579069463	1.2953258288901296E-4	4.047893215281655E-6	3.3192724365309573E-4	3.440709232989407E-5
27	0.24067558690100135	1.335804761042946E-4	4.047893215281655E-6	3.3192724365309573E-4	3.6431038937534895E-5
28	0.243106346776778	1.3560442271193544E-4	4.047893215281655E-6	3.3395119026073656E-4	3.8454985545175724E-5
29	0.24402724248325458	1.3560442271193544E-4	4.047893215281655E-6	3.4002303008365904E-4	4.250287876045738E-5
30	0.24490968320418596	1.4167626253485792E-4	4.047893215281655E-6	3.4002303008365904E-4	4.452682536809821E-5
31	0.24634263740239568	1.4370020914249875E-4	4.047893215281655E-6	3.440709232989407E-4	4.655077197573903E-5
32	0.24902436665751979	1.4572415575013958E-4	4.047893215281655E-6	3.52166709729504E-4	4.655077197573903E-5
33	0.2735566234887343	1.4572415575013958E-4	4.047893215281655E-6	3.52166709729504E-4	4.857471858337986E-5
34	0.2772847331400087	1.4572415575013958E-4	4.047893215281655E-6	3.5419065633714484E-4	4.857471858337986E-5
35	0.2780457370644816	1.4572415575013958E-4	4.047893215281655E-6	3.5621460294478567E-4	5.0598665191020686E-5
36	0.27856184344943	1.4977204896542124E-4	4.047893215281655E-6	3.6228644276770815E-4	5.2622611798661515E-5
37	0.2791548598054688	1.5989178200362538E-4	4.047893215281655E-6	3.703822291982714E-4	5.464655840630234E-5
38	0.2805331674452722	1.5989178200362538E-4	4.047893215281655E-6	3.825259088441164E-4	5.667050501394317E-5
39	0.2813467939815438	1.619157286112662E-4	6.071839822922482E-6	3.8657380205939804E-4	5.8694451621584E-5
40	0.28273319740777775	1.6393967521890704E-4	6.071839822922482E-6	3.8859774866703887E-4	6.071839822922483E-5
41	0.2849737063024362	1.8013124808003366E-4	6.071839822922482E-6	3.906216952746797E-4	6.476629144450648E-5
42	0.28575090179977025	1.8013124808003366E-4	8.09578643056331E-6	4.128851079587288E-4	6.476629144450648E-5
43	0.2875481663873553	1.841791412953153E-4	8.09578643056331E-6	4.189569477816513E-4	6.476629144450648E-5
44	0.289138988420961	1.8620308790295612E-4	8.09578643056331E-6	4.189569477816513E-4	6.476629144450648E-5
45	0.29039585926430594	1.983467675488011E-4	8.09578643056331E-6	4.2300484099693295E-4	6.67902380521473E-5
46	0.2911082884701955	2.0239466076408275E-4	8.09578643056331E-6	4.270527342122146E-4	6.67902380521473E-5
47	0.29175999927785584	2.1049044719464606E-4	1.0119733038204138E-5	4.3717246725041874E-4	6.881418465978813E-5
48	0.2925371947751899	2.1858623362520937E-4	1.0119733038204138E-5	4.715795595803128E-4	6.881418465978813E-5
49	0.2942514775518617	2.206101802328502E-4	1.0119733038204138E-5	4.7360350618795365E-4	7.083813126742896E-5
50	0.29679557843766624	2.287059666634135E-4	1.0119733038204138E-5	4.918190256567211E-4	7.488602448271062E-5
51	0.2977286178237887	2.3882569970161765E-4	1.0119733038204138E-5	5.080105985178477E-4	7.690997109035145E-5
52	0.2990360873323246	2.6311305899330757E-4	1.0119733038204138E-5	5.16106384948411E-4	8.09578643056331E-5
53	0.3005661909677011	2.671609522085892E-4	1.0119733038204138E-5	5.201542781636927E-4	8.09578643056331E-5
54	0.3019890254328726	2.712088454238709E-4	1.0119733038204138E-5	5.201542781636927E-4	8.09578643056331E-5
55	0.30302123820276944	2.793046318544342E-4	1.0119733038204138E-5	5.28250064594256E-4	8.298181091327393E-5
56	0.30375997871455834	2.8335252506971585E-4	1.0119733038204138E-5	5.464655840630234E-4	8.500575752091476E-5
57	0.3052556752576049	2.8942436489263833E-4	1.0119733038204138E-5	5.565853171012276E-4	8.500575752091476E-5
58	0.3069922214469607	2.9347225810792E-4	1.0119733038204138E-5	5.6265715692415E-4	8.702970412855559E-5
59	0.31279487637106695	3.096638309690466E-4	1.0119733038204138E-5	5.687289967470726E-4	8.905365073619642E-5
60	0.3178587907833843	3.096638309690466E-4	1.2143679645844965E-5	6.112318755075299E-4	8.905365073619642E-5
61	0.3193059126078475	3.137117241843283E-4	1.2143679645844965E-5	6.152797687228116E-4	9.107759734383725E-5
62	0.3202470477804005	3.1775961739960993E-4	1.2143679645844965E-5	6.274234483686565E-4	9.310154395147806E-5
63	0.32111532087507844	3.299032970454549E-4	1.2143679645844965E-5	6.496868610527056E-4	9.512549055911889E-5
64	0.32231754516001704	3.3395119026073656E-4	1.2143679645844965E-5	6.517108076603465E-4	1.0119733038204137E-4
65	0.32434958755408844	3.4204697669129987E-4	1.4167626253485793E-5	6.719502737367548E-4	1.032212769896822E-4
>>END_MODULE
