##FastQC	0.11.7
>>Basic Statistics	pass
#Measure	Value
Filename	SRR807971_2_val_2.fq.gz
File type	Conventional base calls
Encoding	Sanger / Illumina 1.9
Total Sequences	53440654
Sequences flagged as poor quality	0
Sequence length	20-76
%GC	49
>>END_MODULE
>>Per base sequence quality	pass
#Base	Mean	Median	Lower Quartile	Upper Quartile	10th Percentile	90th Percentile
1	30.51013309081135	31.0	30.0	34.0	26.0	34.0
2	30.657031873150355	31.0	30.0	34.0	26.0	34.0
3	30.740086620197424	31.0	30.0	34.0	26.0	34.0
4	34.244546520706876	37.0	35.0	37.0	30.0	37.0
5	34.24850885994022	37.0	35.0	37.0	30.0	37.0
6	34.260242754514195	37.0	35.0	37.0	30.0	37.0
7	34.370279413122454	37.0	35.0	37.0	30.0	37.0
8	34.33294444712447	37.0	35.0	37.0	30.0	37.0
9	35.73565752020924	38.0	35.0	39.0	30.0	39.0
10-11	35.678916176811754	38.0	35.0	39.0	30.0	39.0
12-13	35.597402325952075	38.0	35.0	39.0	29.5	39.0
14-15	36.58390056379176	39.0	35.5	41.0	29.0	41.0
16-17	36.49651015685549	39.0	35.0	41.0	29.0	41.0
18-19	36.42101301754279	39.0	35.0	41.0	28.5	41.0
20-21	36.35769701109161	39.0	35.0	40.5	28.0	41.0
22-23	36.28763368610836	39.0	34.5	40.0	28.0	41.0
24-25	36.25918463536678	39.0	34.0	40.0	28.0	41.0
26-27	36.271613555923366	39.0	35.0	40.0	28.0	41.0
28-29	36.207376694405774	39.0	34.5	40.0	28.0	41.0
30-31	36.10095485316691	38.0	34.0	40.0	28.0	41.0
32-33	36.00958362984218	38.0	34.0	40.0	27.0	41.0
34-35	35.89413057781819	38.0	34.0	40.0	27.0	41.0
36-37	35.8257182448032	38.0	34.0	40.0	27.0	41.0
38-39	35.89546260041666	38.0	34.0	40.0	27.5	41.0
40-41	35.840008862506494	38.0	34.0	40.0	27.0	41.0
42-43	35.728196065983894	38.0	34.0	40.0	27.0	41.0
44-45	35.64428215174532	38.0	33.0	40.0	27.0	41.0
46-47	35.59494737739169	38.0	33.0	40.0	27.0	41.0
48-49	35.50365064616504	38.0	33.0	40.0	27.0	41.0
50-51	34.619466835535235	37.0	32.0	39.5	26.0	40.5
52-53	34.77410323704751	37.0	32.5	39.5	26.5	40.0
54-55	35.22483027899057	37.0	33.0	40.0	27.0	41.0
56-57	35.154735930138585	37.0	33.0	40.0	27.0	41.0
58-59	34.97030870312763	37.0	33.0	40.0	27.0	41.0
60-61	34.74666598049674	36.0	32.5	39.5	26.5	41.0
62-63	34.47757133785747	36.0	32.0	39.0	26.0	41.0
64-65	34.24364515197745	35.5	32.0	39.0	26.0	40.0
66-67	33.989668471990186	35.0	32.0	38.5	26.0	40.0
68-69	33.75648259458005	35.0	31.0	38.0	26.0	40.0
70-71	33.59296540252923	35.0	31.0	37.0	26.0	39.5
72-73	33.54663144198059	35.0	31.0	37.0	26.5	39.0
74-75	33.68847684982158	35.0	32.0	36.0	28.0	39.0
76	31.851330116858072	33.0	29.0	35.0	26.0	37.0
>>END_MODULE
>>Per sequence quality scores	pass
#Quality	Count
15	1.0
16	0.0
17	16.0
18	803.0
19	13395.0
20	118815.0
21	265783.0
22	434159.0
23	602408.0
24	766903.0
25	928911.0
26	1088560.0
27	1254054.0
28	1433377.0
29	1633259.0
30	1861415.0
31	2134445.0
32	2480485.0
33	2918924.0
34	3512263.0
35	4297664.0
36	5390265.0
37	6847063.0
38	8151473.0
39	6924727.0
40	381486.0
>>END_MODULE
>>Per base sequence content	fail
#Base	G	A	T	C
1	28.59697462341222	12.730736008978521	14.294367218343574	44.377922149265686
2	23.26735766082148	21.07272515336661	34.21081001481354	21.449107170998367
3	26.701143349051936	23.673433330872186	23.2755262625721	26.349897057503778
4	26.65488695139725	30.927797716844356	19.686899832063165	22.730415499695226
5	27.31386988385348	31.007992492397314	21.700793758227277	19.977343865521924
6	22.04904049876007	33.10821703192474	22.002835862858756	22.83990660645643
7	19.654254275536523	16.50948249966416	39.4455167356551	24.39074648914422
8	21.62720226372036	21.870948007002102	27.027813706089667	29.47403602318787
9	21.34207267452212	20.887931994783955	29.780507809350322	27.989487521343605
10-11	25.676982140349995	29.348522783642156	20.74506522474249	24.229429851265362
12-13	23.216073502667932	23.36582574977033	27.385837864159374	26.032262883402364
14-15	23.776497403754043	24.945689696897407	26.657717893989584	24.620095005358962
16-17	24.643942788477418	25.027876053989175	25.44481316021833	24.88336799731508
18-19	24.407506784988385	25.38518002512743	25.30672440126338	24.9005887886208
20-21	24.388890754947543	25.606158884771453	25.560392392067637	24.44455796821337
22-23	24.403047477469105	25.575403424431865	25.507548067503045	24.514001030595985
24-25	24.368285373526916	25.551310183579822	25.412041435511906	24.668363007381352
26-27	24.378131661229606	25.731658479394408	25.362913152031425	24.527296707344558
28-29	24.496768537673564	25.545007380538326	25.30144819715207	24.656775884636044
30-31	24.048464007023775	25.579398692133864	25.54742293064523	24.824714370197125
32-33	24.174607645804016	25.59982018104589	25.592653842213053	24.632918330937034
34-35	24.543821902056763	25.5938768356378	25.220451480200552	24.64184978210488
36-37	24.396543176815303	25.54103783930362	25.46360180604025	24.598817177840832
38-39	23.982625529476064	25.64665597982576	25.678585107742624	24.69213338295555
40-41	24.299682455159864	25.45591707389455	25.55949222803412	24.68490824291147
42-43	24.079419288345203	25.463492461732457	25.694789078515985	24.76229917140635
44-45	23.98537943774465	25.675387794598947	25.833552136956932	24.505680630699466
46-47	24.345222742590668	25.449034287967386	25.56303028422086	24.642712685221085
48-49	24.089547546690977	25.437131530394403	25.765321522498464	24.70799940041616
50-51	24.171788780868862	25.57867439694686	25.779500795167788	24.47003602701649
52-53	24.12256750384129	25.514752677899182	25.675766255743117	24.686913562516416
54-55	24.073948477793774	25.537728070218645	25.768944592496762	24.619378859490816
56-57	23.99931832868295	25.615596739713116	25.814084277195036	24.5710006544089
58-59	24.12039588259275	25.57407154753426	25.734340640216235	24.571191929656756
60-61	24.007852133550063	25.556630338423037	25.809370362113782	24.62614716591312
62-63	23.732479548384426	25.64477539501376	26.061896030041897	24.560849026559925
64-65	23.955849651440957	25.58069788955976	25.833516953543196	24.629935505456086
66-67	23.909279061679623	25.64534294363132	25.798676483421662	24.64670151126739
68-69	23.765573027883217	25.665759032616837	25.97409703560018	24.594570903899765
70-71	23.76299057287979	25.709660374305955	25.954709429668448	24.572639623145808
72-73	23.482108941860247	25.43729924570136	26.30833585031657	24.772255962121818
74-75	23.799383147785306	21.88733209454396	28.18812832683693	26.1251564308338
76	25.555193440115527	0.0	38.05619390445376	36.38861265543072
>>END_MODULE
>>Per sequence GC content	pass
#GC Content	Count
0	5262.0
1	4385.0
2	3367.5
3	3216.0
4	3298.5
5	3612.5
6	4131.5
7	4750.5
8	5412.5
9	6248.5
10	7409.0
11	8835.5
12	10079.5
13	11818.5
14	14824.5
15	18687.5
16	23505.5
17	28918.0
18	37747.5
19	51606.5
20	69044.0
21	86316.0
22	113371.0
23	156372.5
24	199079.5
25	235820.0
26	296039.5
27	380571.0
28	462675.0
29	531225.0
30	622247.5
31	742662.0
32	856327.5
33	936930.0
34	1027067.5
35	1162065.0
36	1274562.0
37	1362185.5
38	1472223.0
39	1650767.0
40	1823589.0
41	2008256.0
42	2182859.5
43	2316769.0
44	2404787.5
45	2418633.0
46	2437898.5
47	2491690.5
48	2556978.0
49	2574600.0
50	2587105.5
51	2643799.0
52	2667405.5
53	2652644.0
54	2654102.5
55	2678717.0
56	2638399.5
57	2450056.5
58	2279363.0
59	2129733.5
60	1967145.0
61	1733625.5
62	1517103.5
63	1378507.5
64	1199432.0
65	1040397.5
66	885601.5
67	773653.0
68	692054.5
69	587320.5
70	480890.0
71	405342.5
72	348854.0
73	283258.0
74	225413.5
75	187752.0
76	159372.5
77	128753.5
78	102269.5
79	84229.5
80	69408.0
81	55030.5
82	43781.0
83	33651.0
84	25580.0
85	19323.5
86	14858.0
87	12013.0
88	9209.0
89	6531.5
90	4938.0
91	4022.0
92	3592.0
93	2742.5
94	1658.5
95	1083.0
96	818.5
97	767.5
98	470.5
99	171.5
100	170.0
>>END_MODULE
>>Per base N content	pass
#Base	N-Count
1	0.19551407435994325
2	0.02088672043571922
3	0.019346694372415426
4	0.01731827608247459
5	0.014754684701276298
6	2.41389261441299E-4
7	9.543296382562983E-5
8	2.451317306109315E-4
9	3.0875370649468474E-4
10-11	0.0010871872937782536
12-13	0.0032241371896384353
14-15	0.003122154904765948
16-17	0.0026552818758542886
18-19	4.7342234995851663E-4
20-21	6.356416915681718E-4
22-23	5.104349703502025E-4
24-25	9.754106958739808E-4
26-27	0.0034489637490803704
28-29	0.0012106073796923449
30-31	9.249415263825247E-4
32-33	5.291451935391372E-4
34-35	0.001118216181821913
36-37	8.529140109056653E-5
38-39	4.328523631776766E-5
40-41	3.47679853146211E-4
42-43	8.53635501676152E-5
44-45	6.0429042498020436E-5
46-47	1.1070128233720385E-4
48-49	1.3594646609427162E-4
50-51	5.152366219727631E-4
52-53	0.0015004688641609009
54-55	7.709314007718426E-5
56-57	5.039263725674416E-6
58-59	1.6248083703546767E-5
60-61	4.7014985294194017E-4
62-63	9.308811345364132E-6
64-65	8.492809273310997E-4
66-67	6.857123501552916E-4
68-69	8.649153921560317E-4
70-71	2.4095984936642578E-4
72-73	1.0352327119521519E-4
74-75	0.0
76	0.0
>>END_MODULE
>>Sequence Length Distribution	warn
#Length	Count
20-21	121198.0
22-23	128599.0
24-25	138324.0
26-27	147761.0
28-29	157550.0
30-31	166170.0
32-33	175251.0
34-35	184632.0
36-37	190418.0
38-39	204468.0
40-41	223094.0
42-43	240107.0
44-45	256924.0
46-47	278231.0
48-49	293172.0
50-51	254964.0
52-53	264335.0
54-55	316801.0
56-57	362153.0
58-59	411107.0
60-61	458591.0
62-63	517717.0
64-65	600884.0
66-67	716323.0
68-69	905836.0
70-71	1277434.0
72-73	2890025.0
74-75	1.5495687E7
76-77	2.6062898E7
>>END_MODULE
>>Sequence Duplication Levels	pass
#Total Deduplicated Percentage	72.91253037781598
#Duplication Level	Percentage of deduplicated	Percentage of total
1	88.12281079570948	64.25257119120698
2	7.366342866642397	10.741973960749435
3	2.06146432378769	4.5091974039286145
4	0.8977164443848964	2.618191100875148
5	0.4642321606856314	1.6924170759175123
6	0.26691926143836825	1.1677055254829538
7	0.17543367253432046	0.8953919084565323
8	0.11814140927711468	0.6891191274236491
9	0.09143359776493153	0.5999989477129719
>10	0.387187148147846	4.868911447705047
>50	0.02339521876260098	1.1957590751632194
>100	0.020032367661445054	3.0582939141900876
>500	0.0031631365647568975	1.579343159990687
>1k	0.0017113815187656284	2.0605023424123505
>5k	1.6215119689789377E-5	0.0706238187848565
>10k+	0.0	0.0
>>END_MODULE
>>Overrepresented sequences	pass
>>END_MODULE
>>Adapter Content	pass
#Position	Illumina Universal Adapter	Illumina Small RNA 3' Adapter	Illumina Small RNA 5' Adapter	Nextera Transposase Sequence	SOLID Small RNA Adapter
1	0.0	1.8712345848162711E-6	0.0	1.8712345848162711E-6	0.0
2	0.0	1.1227407508897626E-5	0.0	2.4326049602611525E-5	0.0
3	0.0	1.1227407508897626E-5	0.0	2.4326049602611525E-5	7.4849383392650844E-6
4	0.0	1.1227407508897626E-5	0.0	2.8068518772244068E-5	7.4849383392650844E-6
5	0.0	1.1227407508897626E-5	0.0	3.181098794187661E-5	7.4849383392650844E-6
6	0.0	1.1227407508897626E-5	0.0	3.181098794187661E-5	9.356172924081355E-6
7	0.0	2.8068518772244068E-5	0.0	3.181098794187661E-5	1.1227407508897626E-5
8	0.0	3.368222252669288E-5	0.0	3.181098794187661E-5	1.1227407508897626E-5
9	0.0	3.368222252669288E-5	0.0	3.742469169632542E-5	1.1227407508897626E-5
10	0.0	3.368222252669288E-5	0.0	3.742469169632542E-5	1.1227407508897626E-5
11	0.0	3.368222252669288E-5	0.0	3.742469169632542E-5	1.1227407508897626E-5
12	0.0	3.555345711150915E-5	0.0	4.1167160865957966E-5	1.1227407508897626E-5
13	0.0	3.742469169632542E-5	0.0	4.865209920522305E-5	1.3098642093713898E-5
14	0.0	3.742469169632542E-5	0.0	5.052333379003932E-5	1.3098642093713898E-5
15	0.0	3.742469169632542E-5	0.0	6.175074129893695E-5	1.3098642093713898E-5
16	0.0	4.3038395450774235E-5	0.0	6.175074129893695E-5	1.3098642093713898E-5
17	0.0	4.678086462040678E-5	0.0	6.362197588375322E-5	1.684111126334644E-5
18	0.0	4.678086462040678E-5	0.0	7.11069142230183E-5	2.2454815017795252E-5
19	0.0	4.678086462040678E-5	0.0	7.859185256228339E-5	2.2454815017795252E-5
20	0.0	5.239456837485559E-5	0.0	8.233432173191593E-5	2.2454815017795252E-5
21	0.0	5.239456837485559E-5	0.0	8.607679090154847E-5	2.2454815017795252E-5
22	0.0	5.239456837485559E-5	0.0	9.356172924081356E-5	2.6197284187427795E-5
23	0.0	5.4265802959671867E-5	0.0	9.543296382562983E-5	2.8068518772244068E-5
24	0.0	5.6137037544488136E-5	0.0	1.0478913674971118E-4	2.8068518772244068E-5
25	0.0	6.175074129893695E-5	0.0	1.0478913674971118E-4	2.8068518772244068E-5
26	0.0	6.175074129893695E-5	0.0	1.0666037133452746E-4	2.9939753357060338E-5
27	0.0	6.175074129893695E-5	0.0	1.0853160591934373E-4	2.9939753357060338E-5
28	0.0	6.175074129893695E-5	0.0	1.0853160591934373E-4	3.181098794187661E-5
29	0.0	6.175074129893695E-5	0.0	1.1227407508897627E-4	3.181098794187661E-5
30	0.0	6.362197588375322E-5	0.0	1.1414530967379254E-4	3.9295926281141696E-5
31	0.0	6.362197588375322E-5	0.0	1.1601654425860881E-4	3.9295926281141696E-5
32	0.0	6.362197588375322E-5	0.0	1.1788777884342509E-4	4.1167160865957966E-5
33	0.0	6.736444505338576E-5	0.0	1.1788777884342509E-4	4.1167160865957966E-5
34	0.0	7.11069142230183E-5	0.0	1.1788777884342509E-4	4.1167160865957966E-5
35	0.0	7.11069142230183E-5	0.0	1.1788777884342509E-4	4.1167160865957966E-5
36	0.0	7.11069142230183E-5	0.0	1.1975901342824135E-4	4.865209920522305E-5
37	0.0	7.672061797746712E-5	0.0	1.1975901342824135E-4	4.865209920522305E-5
38	0.0	7.859185256228339E-5	0.0	1.2163024801305763E-4	5.052333379003932E-5
39	0.0	7.859185256228339E-5	0.0	1.235014825978739E-4	5.052333379003932E-5
40	0.0	7.859185256228339E-5	0.0	1.235014825978739E-4	5.052333379003932E-5
41	0.0	8.046308714709965E-5	0.0	1.2537271718269017E-4	5.6137037544488136E-5
42	0.0	8.046308714709965E-5	0.0	1.3285765552195524E-4	5.9879506714120675E-5
43	0.0	8.046308714709965E-5	0.0	1.3285765552195524E-4	5.9879506714120675E-5
44	0.0	8.046308714709965E-5	0.0	1.3285765552195524E-4	6.175074129893695E-5
45	0.0	8.233432173191593E-5	0.0	1.366001246915878E-4	6.175074129893695E-5
46	0.0	8.233432173191593E-5	0.0	1.366001246915878E-4	6.362197588375322E-5
47	0.0	8.607679090154847E-5	0.0	1.366001246915878E-4	6.549321046856948E-5
48	0.0	9.169049465599729E-5	0.0	1.422138284460366E-4	6.549321046856948E-5
49	0.0	9.169049465599729E-5	0.0	1.4408506303085288E-4	6.549321046856948E-5
50	0.0	9.356172924081356E-5	0.0	1.4408506303085288E-4	6.736444505338576E-5
51	0.0	9.356172924081356E-5	0.0	1.5157000137011795E-4	6.923567963820204E-5
52	0.0	9.543296382562983E-5	0.0	1.5157000137011795E-4	7.297814880783458E-5
53	0.0	1.0478913674971118E-4	0.0	1.5157000137011795E-4	7.297814880783458E-5
54	0.0	1.0478913674971118E-4	0.0	1.5157000137011795E-4	7.297814880783458E-5
55	0.0	1.0478913674971118E-4	0.0	1.5157000137011795E-4	7.484938339265084E-5
56	0.0	1.0478913674971118E-4	0.0	1.6466864346383186E-4	7.859185256228339E-5
57	0.0	1.0666037133452746E-4	0.0	1.6466864346383186E-4	7.859185256228339E-5
58	0.0	1.1227407508897627E-4	0.0	1.7215358180309694E-4	7.859185256228339E-5
59	0.0	1.1227407508897627E-4	0.0	1.7776728555754577E-4	7.859185256228339E-5
60	0.0	1.1414530967379254E-4	0.0	1.8338098931199457E-4	8.420555631673221E-5
61	0.0	1.1788777884342509E-4	0.0	1.9086592765125965E-4	8.607679090154847E-5
62	0.0	1.2163024801305763E-4	1.8712345848162711E-6	1.9273716223607593E-4	9.169049465599729E-5
63	0.0	1.2537271718269017E-4	1.8712345848162711E-6	1.9647963140570848E-4	9.169049465599729E-5
64	0.0	1.2911518635232272E-4	1.8712345848162711E-6	2.0396456974497356E-4	9.169049465599729E-5
65	0.0	1.3472889010677152E-4	3.7424691696325422E-6	2.0583580432978983E-4	9.356172924081356E-5
>>END_MODULE
