##FastQC	0.11.7
>>Basic Statistics	pass
#Measure	Value
Filename	SRR614167_2_val_2.fq.gz
File type	Conventional base calls
Encoding	Sanger / Illumina 1.9
Total Sequences	26429805
Sequences flagged as poor quality	0
Sequence length	20-76
%GC	51
>>END_MODULE
>>Per base sequence quality	pass
#Base	Mean	Median	Lower Quartile	Upper Quartile	10th Percentile	90th Percentile
1	31.150437129596682	33.0	31.0	34.0	27.0	34.0
2	31.370034171648257	33.0	31.0	34.0	27.0	34.0
3	31.524737583194426	34.0	31.0	34.0	27.0	34.0
4	34.92386054304979	37.0	35.0	37.0	32.0	37.0
5	34.95845780928009	37.0	35.0	37.0	32.0	37.0
6	34.888999370218585	37.0	35.0	37.0	31.0	37.0
7	34.737376268950904	37.0	35.0	37.0	30.0	37.0
8	34.763554290317316	37.0	35.0	37.0	31.0	37.0
9	36.251014791823096	39.0	37.0	39.0	30.0	39.0
10-11	36.28890676643282	39.0	37.0	39.0	30.0	39.0
12-13	36.307887288612235	39.0	37.0	39.0	31.0	39.0
14-15	37.48470760567473	40.0	37.0	41.0	31.0	41.0
16-17	37.45000753883731	40.0	37.0	41.0	31.0	41.0
18-19	37.574605071811916	40.0	37.0	41.0	31.0	41.0
20-21	37.40054702348978	40.0	37.0	41.0	31.0	41.0
22-23	36.807400049593774	40.0	36.0	41.0	29.0	41.0
24-25	37.03197899521269	40.0	36.0	41.0	30.0	41.0
26-27	37.09695089817978	40.0	36.0	41.0	30.0	41.0
28-29	36.725342824694465	40.0	36.0	41.0	29.5	41.0
30-31	37.1633402155717	40.0	36.0	41.0	30.0	41.0
32-33	36.81264805228772	40.0	36.0	41.0	28.0	41.0
34-35	36.66115982036087	40.0	35.0	41.0	30.0	41.0
36-37	36.95661359387769	40.0	36.0	41.0	30.0	41.0
38-39	37.15215718271084	40.0	36.0	41.0	30.0	41.0
40-41	36.94025293505031	39.5	35.0	41.0	30.0	41.0
42-43	36.849286597984715	39.0	35.0	41.0	30.0	41.0
44-45	36.83022493506898	39.0	35.0	41.0	30.0	41.0
46-47	36.840987767234125	39.0	35.0	41.0	30.0	41.0
48-49	36.58718963541931	39.0	35.0	41.0	30.0	41.0
50-51	35.69215970516837	38.0	34.0	40.0	28.5	40.5
52-53	36.03592282015708	38.0	34.5	40.0	29.5	40.5
54-55	36.42360320012261	38.0	35.0	40.0	30.0	41.0
56-57	36.286730919285695	38.0	35.0	40.0	30.0	41.0
58-59	36.04873055218276	37.5	34.5	40.0	29.5	41.0
60-61	35.663349772845635	37.0	34.0	40.0	29.0	41.0
62-63	35.320446657027254	36.0	34.0	40.0	28.0	41.0
64-65	35.09962654514035	36.0	34.0	39.0	28.0	41.0
66-67	34.906915965406625	35.0	34.0	39.0	29.0	41.0
68-69	34.769086978074036	35.0	33.0	38.5	29.0	40.0
70-71	34.752460507093545	35.0	34.0	37.5	29.0	40.0
72-73	34.722966080310414	35.0	34.0	37.0	30.0	39.5
74-75	34.69241340693702	35.0	34.0	37.0	30.0	39.0
76	34.178062336274316	35.0	33.0	36.0	29.0	39.0
>>END_MODULE
>>Per sequence quality scores	pass
#Quality	Count
7	1.0
8	0.0
9	3.0
10	39.0
11	147.0
12	430.0
13	722.0
14	1176.0
15	1749.0
16	2322.0
17	3577.0
18	8238.0
19	30241.0
20	120459.0
21	181402.0
22	230825.0
23	274689.0
24	316696.0
25	358969.0
26	402253.0
27	450015.0
28	501869.0
29	564265.0
30	638077.0
31	732463.0
32	858619.0
33	1037488.0
34	1320766.0
35	1776663.0
36	2580497.0
37	3603910.0
38	4819026.0
39	5087609.0
40	524600.0
>>END_MODULE
>>Per base sequence content	fail
#Base	G	A	T	C
1	27.42043098935475	20.87471975693769	16.448314575659126	35.25653467804843
2	22.458735299917826	30.218039469216745	25.50422857428365	21.81899665658178
3	36.87539420592068	21.73801935801886	19.96895569220099	21.417630743859473
4	28.06376605861225	25.383999099866646	15.604437881560987	30.947796959960115
5	25.95000418491122	36.54455268598807	17.118342437486874	20.387100691613835
6	31.28934267364426	30.140155001604185	16.845725794941576	21.724776529809986
7	20.88434815391277	23.939817071878245	32.906277726131684	22.269557048077303
8	20.234378677883587	30.772666056231024	21.52690475675088	27.46605050913451
9	30.256136127616273	20.529613569773513	23.61260307072124	25.601647231888975
10-11	25.16349169447435	30.966144250018957	16.67186570822676	27.19849834727993
12-13	32.998901750953195	19.451485436276215	22.69177324264686	24.85783957012373
14-15	23.37185144521576	26.00302029461579	22.284799278831397	28.34032898133705
16-17	22.816399273497947	27.158660587093436	27.336184433187015	22.6887557062216
18-19	27.535413541089245	22.958951433020097	20.970157160181547	28.53547786570911
20-21	28.850863916693157	27.406739892474857	21.167285422426936	22.57511076840505
22-23	24.525314491889397	27.04045036808605	25.85538839036999	22.57884674965457
24-25	23.294990860388427	27.30800840097046	26.569771827988248	22.82722891065286
26-27	32.088627518194116	22.169743015403757	22.688624535190336	23.053004931211795
28-29	24.64702540778334	25.73481399541488	26.117831107192007	23.500329489609772
30-31	31.191990082074888	23.220884675339345	22.178140949412644	23.40898429317312
32-33	29.280175909210822	22.928767273296508	24.336930826766586	23.454125990726084
34-35	27.49446538295532	25.678361972025705	22.835501403245253	23.99167124177372
36-37	24.56200827719794	23.64033482418912	24.884394230904704	26.91326266770823
38-39	28.284003365569937	23.173883163851766	23.67397151857337	24.868141952004923
40-41	27.1801419235427	25.283308811495036	22.978094055482906	24.55845520947936
42-43	25.397673478012152	23.543374204379646	26.208152643487846	24.850799674120353
44-45	24.981981162049316	24.97653596818486	23.846364373704173	26.195118496061653
46-47	26.601745764112156	24.980623448763495	23.358665604297197	25.05896518282715
48-49	25.97811836071192	24.117343717093746	23.568927352106055	26.33561057008828
50-51	25.791127992433076	24.114923488750154	24.681592784047293	25.412355734769477
52-53	26.017975296479324	24.295267849680652	24.57632538880715	25.110431465032878
54-55	25.585509502933686	24.288589348665983	24.113269614495028	26.0126315339053
56-57	25.38045671436227	24.175969284025133	24.43439599989999	26.009178001712602
58-59	25.561986182012014	24.536070051230887	24.04463852498787	25.85730524176923
60-61	25.71945117652793	24.701146748593498	24.160911275720284	25.41849079915829
62-63	25.189029107392972	24.69955761385279	24.57986632710476	25.531546951649474
64-65	25.423769218341036	24.582416365005574	24.536907151799266	25.456907264854124
66-67	25.217665290734654	24.65704451257468	24.38028167766587	25.745008519024797
68-69	25.583700080520387	24.422083223207295	24.34822260854759	25.645994087724727
70-71	25.47151712072869	24.67869281726313	24.36156309587691	25.488226966131265
72-73	25.34910634513213	24.640932134257053	24.335407891920177	25.67455362869064
74-75	25.858561686669717	21.20143641110694	26.086314443304936	26.853687458918408
76	27.278778002731414	0.0	35.39094242293095	37.33027957433764
>>END_MODULE
>>Per sequence GC content	warn
#GC Content	Count
0	6263.0
1	5203.5
2	3372.0
3	2408.0
4	2268.5
5	2492.0
6	2923.5
7	3402.5
8	3747.5
9	4082.5
10	4537.0
11	5200.5
12	5864.0
13	6525.5
14	7523.0
15	8910.5
16	10919.5
17	13254.5
18	17233.5
19	23837.0
20	32068.0
21	39942.0
22	52406.5
23	72799.0
24	92686.0
25	107953.0
26	132516.0
27	167533.0
28	200672.0
29	225249.5
30	255913.0
31	298497.5
32	334314.5
33	358854.0
34	392494.5
35	433611.0
36	468470.0
37	496241.0
38	528193.0
39	567488.5
40	603557.5
41	658807.5
42	722590.0
43	778005.0
44	918544.5
45	1137914.0
46	1375088.5
47	1592269.5
48	1719054.5
49	1943501.0
50	2229079.0
51	2301308.5
52	2098746.5
53	1856119.5
54	1678135.5
55	1439782.0
56	1289194.5
57	1226060.0
58	1156172.5
59	1077484.5
60	1002731.0
61	917355.5
62	848070.0
63	862588.0
64	841573.0
65	754284.5
66	670509.0
67	617222.0
68	552948.5
69	474708.0
70	395518.5
71	327933.5
72	282798.5
73	209059.5
74	154664.0
75	139867.0
76	122689.5
77	95965.0
78	71451.0
79	57318.0
80	50328.5
81	41355.0
82	30576.0
83	22810.5
84	17131.0
85	12597.5
86	10034.5
87	8970.5
88	8160.0
89	7325.0
90	6751.0
91	6863.0
92	7425.5
93	6510.5
94	4605.0
95	2605.0
96	1123.0
97	857.5
98	741.0
99	620.0
100	614.0
>>END_MODULE
>>Per base N content	pass
#Base	N-Count
1	0.018827229334457823
2	0.04061702309192217
3	0.06032961650681872
4	0.06031448207809327
5	0.05098032316167297
6	0.031297998604227315
7	0.04042784273285407
8	0.01877047522673739
9	0.014740933578586753
10-11	0.007026158535789424
12-13	0.006918325731120604
14-15	0.0060102600075937
16-17	0.005768109147986525
18-19	0.005126787730745649
20-21	0.016488925213380433
22-23	0.03990759107294458
24-25	0.05525813262849864
26-27	0.06961780410733655
28-29	0.06609313654503357
30-31	0.04667445323173043
32-33	0.03160060186361295
34-35	0.01391611648512789
36-37	0.003736131828263587
38-39	0.0023619541303884837
40-41	0.0021555951888982436
42-43	0.0023693772506805633
44-45	0.0019727634615339324
46-47	0.0049389516207060955
48-49	0.008985172800552662
50-51	0.006322442631559568
52-53	0.007752925542378777
54-55	0.00800899218361464
56-57	0.007038619827785268
58-59	0.0038017384080975525
60-61	4.583178479190468E-4
62-63	4.861261329589993E-4
64-65	4.309039493783307E-4
66-67	5.221077433659569E-4
68-69	2.8159646705317815E-4
70-71	0.0011879680981816349
72-73	0.0010778827674536827
74-75	0.0
76	0.0
>>END_MODULE
>>Sequence Length Distribution	warn
#Length	Count
20-21	346246.0
22-23	275617.0
24-25	292123.0
26-27	301873.0
28-29	250907.0
30-31	195962.0
32-33	451469.0
34-35	318757.0
36-37	163253.0
38-39	228017.0
40-41	235327.0
42-43	174953.0
44-45	168404.0
46-47	152419.0
48-49	178043.0
50-51	215478.0
52-53	187166.0
54-55	157787.0
56-57	147707.0
58-59	139859.0
60-61	117738.0
62-63	116800.0
64-65	127878.0
66-67	140309.0
68-69	164238.0
70-71	243725.0
72-73	759870.0
74-75	6457522.0
76-77	1.3720358E7
>>END_MODULE
>>Sequence Duplication Levels	warn
#Total Deduplicated Percentage	66.31655039355896
#Duplication Level	Percentage of deduplicated	Percentage of total
1	80.36616393947365	53.29606760829124
2	12.08769777925887	16.03228837840663
3	4.023255886777381	8.004253552849647
4	1.5848950724877682	4.204190957725534
5	0.7339406914889318	2.4336207426504624
6	0.38821997995555174	1.544724591870528
7	0.24463435743589806	1.1356314685025555
8	0.14478939549017827	0.7681546593981876
9	0.09525374136341304	0.568520958537163
>10	0.32659002409620513	3.2314002763209206
>50	0.0031589849632264093	0.1333872726519412
>100	9.566693815678129E-4	0.14112574907604344
>500	1.5208162690271635E-4	0.07184802911184864
>1k	8.634076735833812E-5	0.1048678237383442
>5k	2.158478242777812E-5	0.11503673626219639
>10k+	1.8347065063611405E-4	8.214881194606724
>>END_MODULE
>>Overrepresented sequences	warn
#Sequence	Count	Percentage	Possible Source
AAGCAGAAGACGGCATACGAG	195404	0.7393319776668803	Illumina Single End Adapter 1 (100% over 21bp)
AAGCAGAAGACGGCATACGAGATATGGTAGGG	181924	0.6883289528621191	RNA PCR Primer, Index 31 (96% over 28bp)
AAGCAGAAGACGGCATACGAGATATGG	119860	0.45350315675806163	Illumina PCR Primer Index 6 (96% over 27bp)
AAGCAGAAGACGGCATACGAGAT	107029	0.4049556930140044	Illumina Single End Adapter 1 (95% over 23bp)
AAGCAGAAGACGGCATACGAGATATGGTAGGGGG	90924	0.34402069935816776	RNA PCR Primer, Index 31 (96% over 28bp)
AAGCAGAAGACGGCATACGAGATATGGT	82429	0.31187895635249674	RNA PCR Primer, Index 31 (96% over 28bp)
AAGCAGAAGACGGCATACGAGATATGGTAGGGTGACTGG	60085	0.22733803749214193	RNA PCR Primer, Index 31 (96% over 28bp)
AAGCAGAAGACGGCATACGAGATATGGTAGG	55517	0.21005451988767984	RNA PCR Primer, Index 31 (96% over 28bp)
AAGCAGAAGACGGCATACGAGATATG	51063	0.19320233350189303	Illumina PCR Primer Index 9 (96% over 26bp)
AAGCAGAAGACGGCATACGAGATAT	43820	0.16579766668728735	Illumina PCR Primer Index 6 (100% over 25bp)
AAGCAGAAGACGGCATACGAGATATGGTAGGGT	36650	0.13866920319692105	RNA PCR Primer, Index 31 (96% over 28bp)
CAAGCAGAAGACGGCATACGAGATATGGTAGGG	36611	0.13852164251684793	RNA PCR Primer, Index 31 (96% over 29bp)
>>END_MODULE
>>Adapter Content	pass
#Position	Illumina Universal Adapter	Illumina Small RNA 3' Adapter	Illumina Small RNA 5' Adapter	Nextera Transposase Sequence	SOLID Small RNA Adapter
1	7.567214362724205E-6	0.0	0.0	0.0	0.0
2	7.567214362724205E-6	3.7836071813621025E-6	0.0	7.567214362724205E-6	0.0
3	7.567214362724205E-6	3.7836071813621025E-6	0.0	7.567214362724205E-6	0.0
4	7.567214362724205E-6	3.7836071813621025E-6	0.0	7.567214362724205E-6	0.0
5	7.567214362724205E-6	3.7836071813621025E-6	0.0	7.567214362724205E-6	0.0
6	1.1350821544086307E-5	7.567214362724205E-6	0.0	7.567214362724205E-6	0.0
7	1.1350821544086307E-5	7.567214362724205E-6	0.0	7.567214362724205E-6	0.0
8	1.1350821544086307E-5	7.567214362724205E-6	0.0	7.567214362724205E-6	0.0
9	1.1350821544086307E-5	7.567214362724205E-6	0.0	7.567214362724205E-6	0.0
10	2.2701643088172614E-5	7.567214362724205E-6	0.0	1.8918035906810512E-5	0.0
11	3.405246463225892E-5	7.567214362724205E-6	0.0	1.8918035906810512E-5	0.0
12	3.405246463225892E-5	7.567214362724205E-6	0.0	1.8918035906810512E-5	0.0
13	3.405246463225892E-5	7.567214362724205E-6	0.0	3.026885745089682E-5	0.0
14	3.405246463225892E-5	7.567214362724205E-6	0.0	3.026885745089682E-5	0.0
15	4.1619678994983125E-5	1.8918035906810512E-5	0.0	3.7836071813621024E-5	0.0
16	5.297050053906943E-5	1.8918035906810512E-5	0.0	3.7836071813621024E-5	0.0
17	5.675410772043154E-5	1.8918035906810512E-5	0.0	3.7836071813621024E-5	0.0
18	5.675410772043154E-5	1.8918035906810512E-5	0.0	3.7836071813621024E-5	0.0
19	5.675410772043154E-5	1.8918035906810512E-5	0.0	3.7836071813621024E-5	0.0
20	6.432132208315574E-5	1.8918035906810512E-5	0.0	3.7836071813621024E-5	0.0
21	6.810492926451784E-5	1.8918035906810512E-5	0.0	3.7836071813621024E-5	0.0
22	7.188853644587995E-5	3.026885745089682E-5	0.0	3.7836071813621024E-5	0.0
23	7.945575080860415E-5	3.026885745089682E-5	0.0	3.7836071813621024E-5	0.0
24	7.945575080860415E-5	3.026885745089682E-5	0.0	3.7836071813621024E-5	0.0
25	7.945575080860415E-5	3.026885745089682E-5	0.0	4.1619678994983125E-5	0.0
26	7.945575080860415E-5	3.026885745089682E-5	0.0	4.1619678994983125E-5	0.0
27	7.945575080860415E-5	3.026885745089682E-5	0.0	4.1619678994983125E-5	0.0
28	7.945575080860415E-5	3.026885745089682E-5	0.0	4.1619678994983125E-5	0.0
29	8.323935798996625E-5	3.026885745089682E-5	0.0	4.1619678994983125E-5	0.0
30	8.323935798996625E-5	3.026885745089682E-5	0.0	4.1619678994983125E-5	0.0
31	8.323935798996625E-5	3.026885745089682E-5	0.0	4.1619678994983125E-5	0.0
32	8.323935798996625E-5	4.918689335770733E-5	0.0	4.1619678994983125E-5	0.0
33	8.323935798996625E-5	4.918689335770733E-5	0.0	4.1619678994983125E-5	0.0
34	8.702296517132835E-5	4.918689335770733E-5	0.0	4.1619678994983125E-5	0.0
35	1.2107542980358728E-4	7.188853644587995E-5	0.0	4.1619678994983125E-5	3.7836071813621025E-6
36	1.362098585290357E-4	8.323935798996625E-5	0.0	4.1619678994983125E-5	3.7836071813621025E-6
37	1.362098585290357E-4	8.323935798996625E-5	0.0	4.1619678994983125E-5	3.7836071813621025E-6
38	1.362098585290357E-4	8.323935798996625E-5	0.0	4.1619678994983125E-5	3.7836071813621025E-6
39	1.362098585290357E-4	8.323935798996625E-5	0.0	4.1619678994983125E-5	3.7836071813621025E-6
40	1.4756068007312198E-4	8.323935798996625E-5	0.0	4.1619678994983125E-5	3.7836071813621025E-6
41	1.4756068007312198E-4	8.323935798996625E-5	0.0	4.1619678994983125E-5	3.7836071813621025E-6
42	1.664787159799325E-4	8.323935798996625E-5	0.0	4.1619678994983125E-5	3.7836071813621025E-6
43	1.664787159799325E-4	9.080657235269045E-5	0.0	4.1619678994983125E-5	3.7836071813621025E-6
44	1.664787159799325E-4	9.080657235269045E-5	0.0	4.1619678994983125E-5	7.567214362724205E-6
45	1.664787159799325E-4	9.080657235269045E-5	0.0	4.1619678994983125E-5	1.8918035906810512E-5
46	1.664787159799325E-4	1.0215739389677676E-4	0.0	4.1619678994983125E-5	1.8918035906810512E-5
47	1.7782953752401882E-4	1.0594100107813886E-4	0.0	5.675410772043154E-5	1.8918035906810512E-5
48	1.7782953752401882E-4	1.1729182262222518E-4	0.0	5.675410772043154E-5	1.8918035906810512E-5
49	1.7782953752401882E-4	1.1729182262222518E-4	0.0	6.810492926451784E-5	1.8918035906810512E-5
50	1.7782953752401882E-4	1.1729182262222518E-4	0.0	6.810492926451784E-5	1.8918035906810512E-5
51	1.7782953752401882E-4	1.1729182262222518E-4	0.0	6.810492926451784E-5	1.8918035906810512E-5
52	1.7782953752401882E-4	1.2864264416631148E-4	0.0	7.567214362724205E-5	1.8918035906810512E-5
53	1.7782953752401882E-4	1.2864264416631148E-4	0.0	7.567214362724205E-5	1.8918035906810512E-5
54	1.7782953752401882E-4	1.3242625134767357E-4	0.0	7.567214362724205E-5	1.8918035906810512E-5
55	1.7782953752401882E-4	1.3999346571039778E-4	0.0	7.567214362724205E-5	1.8918035906810512E-5
56	1.7782953752401882E-4	1.437770728917599E-4	0.0	7.567214362724205E-5	1.8918035906810512E-5
57	1.7782953752401882E-4	1.437770728917599E-4	0.0	9.080657235269045E-5	1.8918035906810512E-5
58	1.7782953752401882E-4	1.437770728917599E-4	0.0	9.080657235269045E-5	1.8918035906810512E-5
59	1.7782953752401882E-4	1.437770728917599E-4	0.0	9.080657235269045E-5	1.8918035906810512E-5
60	1.7782953752401882E-4	1.437770728917599E-4	0.0	9.080657235269045E-5	1.8918035906810512E-5
61	1.7782953752401882E-4	1.589115016172083E-4	0.0	9.837378671541466E-5	2.2701643088172614E-5
62	1.7782953752401882E-4	1.816131447053809E-4	0.0	9.837378671541466E-5	2.2701643088172614E-5
63	1.7782953752401882E-4	1.816131447053809E-4	0.0	9.837378671541466E-5	2.2701643088172614E-5
64	1.7782953752401882E-4	1.816131447053809E-4	0.0	9.837378671541466E-5	2.2701643088172614E-5
65	1.816131447053809E-4	2.0053118061219143E-4	0.0	1.0215739389677676E-4	2.6485250269534715E-5
>>END_MODULE
