##FastQC	0.11.7
>>Basic Statistics	pass
#Measure	Value
Filename	SRR665217_1_val_1.fq.gz
File type	Conventional base calls
Encoding	Sanger / Illumina 1.9
Total Sequences	68212074
Sequences flagged as poor quality	0
Sequence length	20-76
%GC	47
>>END_MODULE
>>Per base sequence quality	pass
#Base	Mean	Median	Lower Quartile	Upper Quartile	10th Percentile	90th Percentile
1	31.493068455886565	31.0	31.0	34.0	29.0	34.0
2	31.77992149894167	33.0	31.0	34.0	28.0	34.0
3	31.969657395258206	34.0	31.0	34.0	28.0	34.0
4	35.48660055403095	37.0	35.0	37.0	32.0	37.0
5	35.28984638408737	37.0	35.0	37.0	32.0	37.0
6	35.23889342523143	37.0	35.0	37.0	32.0	37.0
7	35.26154217213803	37.0	35.0	37.0	32.0	37.0
8	35.236516162813054	37.0	35.0	37.0	32.0	37.0
9	36.754259781046976	39.0	37.0	39.0	32.0	39.0
10-11	36.76111817095607	39.0	37.0	39.0	32.0	39.0
12-13	36.70447443072908	39.0	37.0	39.0	32.0	39.0
14-15	37.83304795863559	40.0	37.0	41.0	32.0	41.0
16-17	37.6639360137327	40.0	37.0	41.0	31.5	41.0
18-19	37.82544055910102	40.0	37.0	41.0	32.0	41.0
20-21	37.6952292876393	40.0	37.0	41.0	31.5	41.0
22-23	37.63347407633416	40.0	37.0	41.0	31.0	41.0
24-25	37.47075125841911	40.0	37.0	41.0	31.0	41.0
26-27	37.36000034474678	40.0	37.0	41.0	31.0	41.0
28-29	37.438325466167264	40.0	37.0	41.0	31.0	41.0
30-31	37.43961564084722	40.0	37.0	41.0	31.0	41.0
32-33	37.308864141743	40.0	36.0	41.0	30.0	41.0
34-35	37.285974163582296	40.0	36.0	41.0	30.0	41.0
36-37	37.22389161000764	40.0	36.0	41.0	30.0	41.0
38-39	37.10880924964435	39.5	36.0	41.0	30.0	41.0
40-41	37.08120739184367	39.0	36.0	41.0	30.0	41.0
42-43	37.12924143677496	39.0	36.0	41.0	30.0	41.0
44-45	37.09508312114394	39.0	35.5	41.0	30.0	41.0
46-47	36.93050229411877	39.0	35.0	41.0	30.0	41.0
48-49	36.842969324759835	39.0	35.0	41.0	30.0	41.0
50-51	36.244000754023986	38.5	34.5	39.5	29.5	40.5
52-53	36.27084556964505	38.0	34.5	40.0	30.0	41.0
54-55	36.511349059774396	38.0	35.0	40.0	30.0	41.0
56-57	36.370675143561115	38.0	35.0	40.0	30.0	41.0
58-59	36.14830708448131	38.0	34.0	40.0	29.0	41.0
60-61	35.929474895273664	37.5	34.0	40.0	29.0	41.0
62-63	35.64652852632646	37.0	34.0	40.0	29.0	41.0
64-65	35.3530528745771	36.5	34.0	39.5	29.0	41.0
66-67	35.17005620051617	36.0	33.5	39.0	29.0	41.0
68-69	34.888934488083436	35.5	33.0	39.0	29.0	40.0
70-71	34.68109269995057	35.0	33.0	38.5	29.0	40.0
72-73	34.55419699037538	35.0	33.0	37.5	29.0	40.0
74-75	34.52388272921007	35.0	33.0	37.0	29.0	39.0
76	32.80937636755995	34.0	30.0	35.0	26.0	38.0
>>END_MODULE
>>Per sequence quality scores	pass
#Quality	Count
8	1.0
9	0.0
10	1.0
11	0.0
12	4.0
13	1.0
14	14.0
15	52.0
16	166.0
17	436.0
18	1234.0
19	5112.0
20	41254.0
21	136356.0
22	272512.0
23	419175.0
24	568569.0
25	726952.0
26	891411.0
27	1048438.0
28	1215011.0
29	1414770.0
30	1601402.0
31	1920466.0
32	2286730.0
33	2764463.0
34	3503574.0
35	4586405.0
36	6357941.0
37	9232264.0
38	1.3089716E7
39	1.5014293E7
40	1113351.0
>>END_MODULE
>>Per base sequence content	fail
#Base	G	A	T	C
1	25.385325171602798	13.476377805694648	15.42099493828969	45.717302084412864
2	22.286226420582768	21.532126090942445	34.969543692590925	21.21210379588386
3	25.332695115590543	23.617877110566667	27.12202121559398	23.92740655824882
4	25.787202409768707	32.74374997513363	19.756040486719275	21.71300712837839
5	26.17151508230729	30.83126424873308	24.021378941616977	18.975841727342647
6	23.251295332989322	33.349680587841995	21.947700749123566	21.451323330045117
7	18.31275420607552	16.361468733230907	40.120167952291254	25.205609108402317
8	20.179179966081552	21.28895287486904	27.419313576243958	31.112553582805454
9	22.78370495507135	20.919160974120807	29.997718070339292	26.299416000468558
10-11	24.27105847148033	29.911391467615978	21.514849481064953	24.30270057983874
12-13	21.934405548219065	23.675774299023118	29.85039497927518	24.539425173482638
14-15	22.29510095365655	25.145317915020225	27.87541473865367	24.684166392669557
16-17	24.22810902410317	25.338404693484517	25.62830522368372	24.80518105872859
18-19	23.01519908586398	25.599644470731732	27.753971541414685	23.631184901989606
20-21	24.36156640187397	26.220169826750745	25.748754101919463	23.66950966945582
22-23	23.66990353180029	26.903035390765613	25.842388437095753	23.584672640338344
24-25	23.384036656376573	26.966701942573305	25.944148399010313	23.705113002039802
26-27	23.66658596703016	26.806384942885565	25.916550019848106	23.610479070236167
28-29	23.492833194184396	27.044048843323974	25.75027095517472	23.712847007316906
30-31	23.53486107054854	26.68445565361859	25.94375184302485	23.836931432808022
32-33	23.638642429047145	26.235258105052893	25.980594879347436	24.145504586552526
34-35	23.487615745883264	26.65517738519837	25.798649518628626	24.058557350289746
36-37	23.390963356849785	26.618279286744766	25.917548174081865	24.07320918232358
38-39	23.743482987161716	26.209289415080296	26.4306780290764	23.616549568681588
40-41	23.51903456586767	26.081968038200877	26.304729345960627	24.09426804997083
42-43	23.6694032446067	26.627275245542485	26.010596402941694	23.692725106909123
44-45	23.261216132268597	26.585540028852677	26.095856196777024	24.057387642101705
46-47	23.351761148710683	26.173873173649003	26.411960641810357	24.062405035829954
48-49	23.27690714496394	26.56627194372647	26.055584569996938	24.101236341312656
50-51	23.73621967826372	26.138277287811125	26.497821465158083	23.627681568767077
52-53	23.379804014160555	26.610342177222325	25.831058520709092	24.178795287908027
54-55	23.276301250594848	26.247131626846105	25.971338192381367	24.505228930177683
56-57	23.60872667264444	26.16060790484806	26.57872881766194	23.65193660484556
58-59	23.293125890306214	26.591388316947096	26.42413337932272	23.691352413423974
60-61	23.281232231574574	26.19724072670867	26.05356321090344	24.467963830813314
62-63	23.185313548851123	26.962469862640106	26.232974720615847	23.619241867892924
64-65	23.27114198062452	26.292611351117205	26.47431342961426	23.96193323864401
66-67	23.199217007808777	26.381590982602145	26.40862923307582	24.010562776513268
68-69	23.464214861827955	26.44063332803231	26.480905061837273	23.614246748302467
70-71	23.182758640327446	26.616572040303122	26.523117029387766	23.677552289981666
72-73	23.33731468208386	26.20137393232078	26.371593201760433	24.089718183834922
74-75	23.413266941068255	22.81031034803758	28.16526383253454	25.611158878359632
76	24.23216695042935	0.0	39.546159732223195	36.22167331734745
>>END_MODULE
>>Per sequence GC content	fail
#GC Content	Count
0	15684.0
1	11626.5
2	6729.0
3	5826.5
4	5937.0
5	6618.0
6	7655.0
7	8780.0
8	10078.5
9	11663.0
10	13786.5
11	16481.5
12	18933.5
13	22296.0
14	28156.0
15	37015.0
16	47853.0
17	58173.0
18	78031.0
19	113187.0
20	152332.5
21	187328.5
22	246771.5
23	340895.0
24	431914.5
25	505380.0
26	615725.0
27	768108.5
28	907468.0
29	1011785.5
30	1143898.5
31	1316705.0
32	1474639.0
33	1593138.5
34	1721130.0
35	1870508.5
36	1975541.5
37	2052157.0
38	2155011.0
39	2310882.0
40	2446088.0
41	2550205.0
42	2627537.5
43	2702014.0
44	2789032.5
45	2850688.5
46	2888156.5
47	2936137.5
48	3017130.0
49	3038682.0
50	3012630.5
51	2967661.0
52	2831002.0
53	3113745.0
54	3458470.5
55	3378476.0
56	3320866.0
57	3234944.0
58	2670490.5
59	2116627.5
60	2009527.0
61	1892221.0
62	1790392.0
63	1670991.5
64	1503653.0
65	1342717.0
66	1162537.0
67	1031608.5
68	918748.0
69	767747.0
70	619889.5
71	516067.0
72	435120.0
73	336024.0
74	249326.5
75	195828.0
76	158875.5
77	117749.5
78	84638.0
79	63862.0
80	49524.5
81	35471.5
82	25918.5
83	18986.5
84	13673.5
85	9601.5
86	7108.5
87	5731.0
88	4297.5
89	3025.0
90	2247.0
91	1729.5
92	1493.5
93	1030.0
94	515.5
95	338.5
96	276.0
97	267.0
98	158.5
99	50.0
100	50.0
>>END_MODULE
>>Per base N content	pass
#Base	N-Count
1	0.8227648964316787
2	0.010007026028852312
3	0.004952202450258293
4	0.1436475894282294
5	0.030031340199390508
6	0.007186411015738943
7	0.0064079564565065125
8	0.0029217701253300113
9	0.003311730413005768
10-11	0.0034209486138773617
12-13	0.004103379117309936
14-15	0.001754088286481364
16-17	0.0013472688134361667
18-19	0.0024277226931994477
20-21	0.002286050086581839
22-23	0.0016006944450395713
24-25	0.0010230960462419712
26-27	9.714350422534638E-4
28-29	0.00101111568645325
30-31	7.713293940814074E-4
32-33	0.0015572413072297443
34-35	0.0014546991162853302
36-37	0.0018710247975815659
38-39	0.0027928951375242633
40-41	0.0029371062058965924
42-43	0.0016393887269944075
44-45	6.750114603719395E-4
46-47	0.0012064119384635412
48-49	0.0028424257672690417
50-51	0.0034278213200000284
52-53	0.0029951360742504762
54-55	0.0021541801970809656
56-57	0.0015432433304896844
58-59	0.002664343040353193
60-61	0.0026704999637413257
62-63	0.0010380501322893132
64-65	0.0032445605799661524
66-67	0.0010756583958939627
68-69	9.951372485823692E-4
70-71	2.437209105383971E-4
72-73	9.195748989157293E-5
74-75	0.0
76	0.0
>>END_MODULE
>>Sequence Length Distribution	warn
#Length	Count
20-21	1086878.0
22-23	100464.0
24-25	89775.0
26-27	98762.0
28-29	105909.0
30-31	110480.0
32-33	115988.0
34-35	119715.0
36-37	128500.0
38-39	134798.0
40-41	142451.0
42-43	161262.0
44-45	165515.0
46-47	179100.0
48-49	197008.0
50-51	171262.0
52-53	195645.0
54-55	237904.0
56-57	262373.0
58-59	296369.0
60-61	376152.0
62-63	387749.0
64-65	429238.0
66-67	511444.0
68-69	658844.0
70-71	956371.0
72-73	2931909.0
74-75	2.1013104E7
76-77	3.6847105E7
>>END_MODULE
>>Sequence Duplication Levels	warn
#Total Deduplicated Percentage	58.368922036068696
#Duplication Level	Percentage of deduplicated	Percentage of total
1	81.66531906698458	47.66716641671497
2	10.642009258970829	12.42325217487979
3	3.568687058124514	6.2490125000039125
4	1.5902902256907978	3.7129410479227305
5	0.8139576667277288	2.3754915794945597
6	0.489181348824364	1.7131792806616937
7	0.2797646031413239	1.1430690816445341
8	0.1963829226829806	0.917012760263856
9	0.132072309773933	0.6938026517086389
>10	0.5515446907828662	5.379095395427221
>50	0.03134758970564043	1.2777649219826759
>100	0.02924263923171464	3.618940966141617
>500	0.0057477082458535665	2.3631764213061626
>1k	0.004304507919199421	4.391853872195765
>5k	1.088290086793103E-4	0.4178324916171993
>10k+	3.9574184974294654E-5	5.65640843803464
>>END_MODULE
>>Overrepresented sequences	fail
#Sequence	Count	Percentage	Possible Source
CGTATGCCGTCTTCTGCTTG	939477	1.3772884255066045	No Hit
>>END_MODULE
>>Adapter Content	pass
#Position	Illumina Universal Adapter	Illumina Small RNA 3' Adapter	Illumina Small RNA 5' Adapter	Nextera Transposase Sequence	SOLID Small RNA Adapter
1	0.0	4.398048357245375E-6	0.0	0.0	0.0
2	0.0	1.3194145071736128E-5	0.0	1.1728128952654336E-5	0.0
3	0.0	2.199024178622688E-5	0.0	1.466016119081792E-5	1.466016119081792E-6
4	0.0	2.199024178622688E-5	0.0	2.0524225667145085E-5	1.466016119081792E-6
5	0.0	2.199024178622688E-5	0.0	2.0524225667145085E-5	4.398048357245375E-6
6	0.0	2.199024178622688E-5	0.0	2.0524225667145085E-5	4.398048357245375E-6
7	0.0	2.4922274024390462E-5	0.0	2.199024178622688E-5	4.398048357245375E-6
8	0.0	2.932032238163584E-5	0.0	3.6650402977044796E-5	5.864064476327168E-6
9	0.0	3.811641909612659E-5	0.0	3.811641909612659E-5	5.864064476327168E-6
10	0.0	3.811641909612659E-5	0.0	3.811641909612659E-5	5.864064476327168E-6
11	0.0	6.157267700143526E-5	0.0	3.811641909612659E-5	8.79609671449075E-6
12	0.0	6.450470923959884E-5	0.0	3.958243521520838E-5	1.1728128952654336E-5
13	0.0	6.743674147776243E-5	0.0	4.398048357245376E-5	1.3194145071736128E-5
14	0.0	6.743674147776243E-5	0.0	4.398048357245376E-5	1.3194145071736128E-5
15	0.0	6.890275759684421E-5	0.0	5.131056416786272E-5	1.3194145071736128E-5
16	0.0	7.330080595408959E-5	0.0	5.131056416786272E-5	1.3194145071736128E-5
17	0.0	7.623283819225318E-5	0.0	5.131056416786272E-5	1.3194145071736128E-5
18	0.0	8.063088654949856E-5	0.0	5.570861252510809E-5	1.466016119081792E-5
19	0.0	8.063088654949856E-5	0.0	6.597072535868064E-5	1.466016119081792E-5
20	0.0	8.063088654949856E-5	0.0	6.597072535868064E-5	1.612617730989971E-5
21	1.466016119081792E-6	8.356291878766213E-5	0.0	6.743674147776243E-5	1.612617730989971E-5
22	1.466016119081792E-6	8.356291878766213E-5	0.0	7.18347898350078E-5	2.7854306262554045E-5
23	1.466016119081792E-6	9.08929993830711E-5	0.0	7.769885431133497E-5	2.932032238163584E-5
24	1.466016119081792E-6	9.23590155021529E-5	0.0	8.356291878766213E-5	2.932032238163584E-5
25	1.466016119081792E-6	9.23590155021529E-5	0.0	8.502893490674393E-5	2.932032238163584E-5
26	1.466016119081792E-6	9.529104774031647E-5	0.0	9.675706385939826E-5	3.078633850071763E-5
27	1.466016119081792E-6	9.529104774031647E-5	0.0	9.822307997848005E-5	3.225235461979942E-5
28	1.466016119081792E-6	9.529104774031647E-5	0.0	1.0262112833572543E-4	3.811641909612659E-5
29	1.466016119081792E-6	1.0262112833572543E-4	0.0	1.084851928120526E-4	3.958243521520838E-5
30	1.466016119081792E-6	1.0408714445480723E-4	0.0	1.1141722505021618E-4	3.958243521520838E-5
31	1.466016119081792E-6	1.0995120893113439E-4	0.0	1.1288324116929798E-4	3.958243521520838E-5
32	1.466016119081792E-6	1.1288324116929798E-4	0.0	1.1874730564562515E-4	4.104845133429017E-5
33	1.466016119081792E-6	1.1288324116929798E-4	0.0	1.3047543459827947E-4	4.104845133429017E-5
34	1.466016119081792E-6	1.1288324116929798E-4	0.0	1.3194145071736128E-4	4.104845133429017E-5
35	1.466016119081792E-6	1.260773862410341E-4	0.0	1.4660161190817918E-4	4.104845133429017E-5
36	1.466016119081792E-6	1.3194145071736128E-4	0.0	1.5832974086083353E-4	4.104845133429017E-5
37	1.466016119081792E-6	1.3780551519368842E-4	0.0	1.597957569799153E-4	4.104845133429017E-5
38	1.466016119081792E-6	1.3780551519368842E-4	0.0	1.6126177309899712E-4	4.104845133429017E-5
39	1.466016119081792E-6	1.40737547431852E-4	0.0	1.7885396652797861E-4	4.251446745337196E-5
40	1.466016119081792E-6	1.40737547431852E-4	0.0	1.8765006324246937E-4	4.251446745337196E-5
41	1.466016119081792E-6	1.40737547431852E-4	0.0	1.8765006324246937E-4	4.544649969153555E-5
42	1.466016119081792E-6	1.48067628027261E-4	0.0	1.964461599569601E-4	4.544649969153555E-5
43	1.466016119081792E-6	1.5099966026542455E-4	0.0	2.0231022443328728E-4	4.837853192969913E-5
44	2.932032238163584E-6	1.5099966026542455E-4	0.0	2.140383533859416E-4	4.837853192969913E-5
45	2.932032238163584E-6	1.5099966026542455E-4	0.0	2.2430046621951417E-4	4.837853192969913E-5
46	2.932032238163584E-6	1.5246567638450636E-4	0.0	2.2430046621951417E-4	4.837853192969913E-5
47	2.932032238163584E-6	1.5393169250358814E-4	0.0	2.3163054681492312E-4	4.837853192969913E-5
48	2.932032238163584E-6	1.5539770862266995E-4	0.0	2.360285951721685E-4	5.277658028694451E-5
49	2.932032238163584E-6	1.5539770862266995E-4	0.0	2.360285951721685E-4	5.277658028694451E-5
50	2.932032238163584E-6	1.6712583757532427E-4	0.0	2.374946112912503E-4	5.570861252510809E-5
51	2.932032238163584E-6	1.6859185369440607E-4	0.0	2.4189265964849567E-4	5.570861252510809E-5
52	2.932032238163584E-6	1.7298990205165144E-4	0.0	2.4189265964849567E-4	5.570861252510809E-5
53	2.932032238163584E-6	1.803199826470604E-4	0.0	2.4335867576757744E-4	5.864064476327168E-5
54	2.932032238163584E-6	1.817859987661422E-4	0.0	2.521547724820682E-4	5.864064476327168E-5
55	2.932032238163584E-6	1.817859987661422E-4	0.0	2.521547724820682E-4	5.864064476327168E-5
56	2.932032238163584E-6	1.8911607936155115E-4	0.0	2.741450142682951E-4	6.157267700143526E-5
57	2.932032238163584E-6	2.0084420831420547E-4	0.0	2.8000907874462227E-4	6.157267700143526E-5
58	2.932032238163584E-6	2.0964030502869624E-4	0.0	2.873391593400312E-4	6.303869312051705E-5
59	2.932032238163584E-6	2.1257233726685982E-4	0.0	3.019993205308491E-4	6.303869312051705E-5
60	2.932032238163584E-6	2.1257233726685982E-4	0.0	3.122614333644217E-4	6.303869312051705E-5
61	2.932032238163584E-6	2.2869851457675954E-4	2.932032238163584E-6	3.1519346560258526E-4	6.303869312051705E-5
62	2.932032238163584E-6	2.3016453069584132E-4	4.398048357245375E-6	3.2105753007891243E-4	6.450470923959884E-5
63	2.932032238163584E-6	2.3163054681492312E-4	4.398048357245375E-6	3.3131964291248497E-4	6.450470923959884E-5
64	2.932032238163584E-6	2.3163054681492312E-4	4.398048357245375E-6	3.3718370738881215E-4	6.450470923959884E-5
65	4.398048357245375E-6	2.360285951721685E-4	5.864064476327168E-6	3.386497235078939E-4	6.597072535868064E-5
>>END_MODULE
