##FastQC	0.11.7
>>Basic Statistics	pass
#Measure	Value
Filename	SRR1084917_1.fastq.gz
File type	Conventional base calls
Encoding	Sanger / Illumina 1.9
Total Sequences	28078690
Sequences flagged as poor quality	0
Sequence length	76
%GC	49
>>END_MODULE
>>Per base sequence quality	fail
#Base	Mean	Median	Lower Quartile	Upper Quartile	10th Percentile	90th Percentile
1	31.816691270141163	34.0	31.0	34.0	29.0	34.0
2	32.03318092831254	34.0	31.0	34.0	30.0	34.0
3	31.878023974765206	34.0	31.0	34.0	28.0	34.0
4	35.299738378108096	37.0	35.0	37.0	33.0	37.0
5	35.151461624456125	37.0	35.0	37.0	33.0	37.0
6	35.10718242197196	37.0	35.0	37.0	32.0	37.0
7	35.076194152932345	37.0	35.0	37.0	33.0	37.0
8	35.07507668626991	37.0	36.0	37.0	33.0	37.0
9	36.80300363015511	39.0	38.0	39.0	33.0	39.0
10-11	36.830992471514875	39.0	38.0	39.0	33.0	39.0
12-13	36.77398051689733	39.0	38.0	39.0	33.0	39.0
14-15	38.233328388895636	41.0	39.0	41.0	33.0	41.0
16-17	38.206515599552546	41.0	39.0	41.0	33.0	41.0
18-19	38.1821223675321	41.0	39.0	41.0	33.0	41.0
20-21	38.155024860490286	41.0	39.0	41.0	33.0	41.0
22-23	38.10181048332383	41.0	39.0	41.0	33.0	41.0
24-25	38.050487255637634	41.0	39.0	41.0	33.0	41.0
26-27	37.95721264061821	41.0	39.0	41.0	33.0	41.0
28-29	37.9083208832036	41.0	39.0	41.0	32.5	41.0
30-31	37.82821415457772	41.0	39.0	41.0	32.0	41.0
32-33	37.75631762023086	41.0	38.5	41.0	32.0	41.0
34-35	37.67573216556755	41.0	38.0	41.0	32.0	41.0
36-37	37.57345063106577	41.0	38.0	41.0	31.5	41.0
38-39	37.47414733379655	41.0	38.0	41.0	31.0	41.0
40-41	37.370928202134785	41.0	38.0	41.0	31.0	41.0
42-43	37.23818185606237	41.0	38.0	41.0	31.0	41.0
44-45	37.10101454163282	40.0	37.0	41.0	31.0	41.0
46-47	36.95594440125234	40.0	37.0	41.0	30.0	41.0
48-49	36.78117748726881	40.0	36.5	41.0	30.0	41.0
50-51	36.59875460714157	40.0	36.0	41.0	30.0	41.0
52-53	36.398274919520816	40.0	35.5	41.0	30.0	41.0
54-55	36.17072267260332	39.5	35.0	41.0	30.0	41.0
56-57	35.9252684687213	39.0	35.0	41.0	29.5	41.0
58-59	35.66790193915742	39.0	35.0	41.0	29.0	41.0
60-61	35.36647470020859	38.5	35.0	41.0	29.0	41.0
62-63	35.04202826057768	37.5	35.0	41.0	28.0	41.0
64-65	34.718087257632035	37.0	35.0	40.0	28.0	41.0
66-67	34.37815517746732	36.5	35.0	40.0	28.0	41.0
68-69	34.03017455586425	36.0	35.0	39.0	27.5	41.0
70-71	33.65714376276101	35.5	34.5	39.0	26.5	41.0
72-73	33.25045774927534	35.0	34.0	38.5	26.0	41.0
74-75	32.65942006197582	35.0	34.0	37.0	22.5	39.5
76	19.448404466162774	28.0	2.0	35.0	2.0	37.0
>>END_MODULE
>>Per sequence quality scores	pass
#Quality	Count
2	384569.0
3	113301.0
4	69250.0
5	48297.0
6	40614.0
7	38023.0
8	37762.0
9	39514.0
10	41582.0
11	44964.0
12	49274.0
13	53600.0
14	57827.0
15	61774.0
16	66106.0
17	69557.0
18	72926.0
19	75445.0
20	77383.0
21	81698.0
22	89445.0
23	99829.0
24	116561.0
25	135697.0
26	157611.0
27	177455.0
28	198037.0
29	230331.0
30	275279.0
31	335066.0
32	416546.0
33	530105.0
34	720732.0
35	1075429.0
36	1858553.0
37	3583326.0
38	6267199.0
39	8721340.0
40	1566683.0
>>END_MODULE
>>Per base sequence content	fail
#Base	G	A	T	C
1	26.845437469207024	13.080318874552669	16.687697033515946	43.38654662272437
2	22.826308362375496	21.735558301369203	34.53149325668532	20.906640079569982
3	26.645837884703568	24.13821030529361	24.563098770422144	24.652853039580677
4	26.515661893098162	31.522730092297746	18.901236941998082	23.06037107260601
5	27.39154441135185	31.727483411700387	20.41381044925446	20.467161727693302
6	21.624593269042766	33.053587507341085	21.27777950544232	24.044039718173828
7	19.275814817424596	15.084798384976619	40.31398383760488	25.3254029599939
8	21.283363096726305	20.414626826098804	26.324406054911737	31.977604022263158
9	21.522103293867143	20.2536076377858	29.38903010208916	28.835258966257904
10-11	25.960291589407735	29.413410195476626	20.037151043414593	24.58914717170105
12-13	23.250444445980513	22.977690636305113	27.696529624966054	26.07533529274832
14-15	23.863985028671607	24.592797632170658	26.435997260394622	25.10722007876312
16-17	24.858726833626	24.868479752713245	25.164975276983885	25.10781813667687
18-19	24.7239648507828	25.252899951822798	24.968885855456683	25.05424934193772
20-21	24.67399253274722	25.265531627820582	25.2839868763867	24.776488963045498
22-23	24.678955369566705	25.587753055868166	25.243800192148885	24.489491382416237
24-25	24.65322092089684	25.548134327938605	25.283457343048195	24.51518740811637
26-27	24.523264362087083	25.503974001982982	25.302703235363527	24.670058400566404
28-29	24.693638509346176	25.316347280271838	25.270914972161712	24.719099238220277
30-31	24.348433472496435	25.45494901637509	25.491057299664543	24.705560211463933
32-33	24.41550387785084	25.55139887371538	25.395626536517714	24.637470711916066
34-35	24.8355374746869	25.516284964100205	25.082409088685196	24.565768472527694
36-37	24.68233123979034	25.457435928393586	25.236157472336313	24.624075359479765
38-39	24.55372533289628	25.408381914677637	25.458792537599933	24.57910021482615
40-41	24.647923194457007	25.380404003815322	25.393500335778675	24.578172465949002
42-43	24.4171025400423	25.4501105712592	25.562386331635388	24.570400557063113
44-45	24.52933729819897	25.450429479219	25.5281283379396	24.492104884642433
46-47	24.70451470190848	25.351096864169403	25.310715036391652	24.63367339753047
48-49	24.53000023896062	25.38788136281509	25.405276054216543	24.676842344007746
50-51	24.572015452526692	25.427944395188	25.394337824660894	24.60570232762441
52-53	24.641608704652363	25.435737326088308	25.252436520859145	24.670217448400187
54-55	24.578757424602696	25.418655232777326	25.382289686159982	24.62029765646
56-57	24.545485916154895	25.35067495700089	25.458769566387563	24.64506956045665
58-59	24.654514808340966	25.382535730721223	25.332100105633604	24.630849355304203
60-61	24.570632264741025	25.391849988551833	25.446412819573915	24.591104927133223
62-63	24.461852397104636	25.513127567592107	25.54017504851235	24.484844986790907
64-65	24.6734310080738	25.44320979324095	25.393789520892827	24.48956967779242
66-67	24.56570040798414	25.564745442140335	25.313544025438727	24.556010124436803
68-69	24.618448167463885	25.574651882319284	25.342326865280988	24.464573084935846
70-71	24.662611765247934	25.51023811364767	25.327706700052065	24.499443421052327
72-73	24.589795136373482	25.616533888305003	25.338195676229592	24.455475299091923
74-75	24.644220330508006	25.647539851554274	25.358885769939306	24.349354047998418
76	24.741195610409054	25.388987419800884	25.361540233836173	24.508276735953892
>>END_MODULE
>>Per sequence GC content	pass
#GC Content	Count
0	502.0
1	367.0
2	248.0
3	309.0
4	354.0
5	429.5
6	622.5
7	786.0
8	832.0
9	1014.0
10	1401.5
11	1894.0
12	2181.0
13	2606.5
14	3848.5
15	5881.5
16	9080.0
17	11062.0
18	14739.5
19	23724.0
20	37489.0
21	45947.0
22	58204.5
23	86598.5
24	124512.0
25	146289.0
26	173633.0
27	230850.0
28	296008.0
29	331293.0
30	368349.5
31	441627.5
32	522546.0
33	567243.0
34	607045.5
35	680356.5
36	750670.0
37	787475.0
38	825729.5
39	898988.0
40	963420.0
41	1019652.5
42	1046457.0
43	1075123.0
44	1107449.0
45	1117693.5
46	1124278.0
47	1129975.5
48	1134787.0
49	1133041.0
50	1132181.0
51	1126655.0
52	1104206.0
53	1075921.0
54	1064559.0
55	1060037.5
56	1043639.0
57	1013283.5
58	994805.0
59	966403.5
60	909666.5
61	843527.0
62	805723.0
63	761655.0
64	670181.5
65	577519.5
66	483744.5
67	435226.0
68	393507.0
69	313390.5
70	242838.5
71	210684.0
72	184857.5
73	138541.0
74	101994.5
75	85938.0
76	73421.0
77	51722.0
78	35256.0
79	27972.0
80	23183.0
81	14625.5
82	8308.5
83	5760.0
84	4213.5
85	1968.0
86	969.5
87	670.0
88	541.5
89	356.5
90	283.5
91	232.5
92	198.0
93	195.0
94	189.5
95	163.0
96	139.0
97	190.0
98	213.0
99	115.5
100	46.0
>>END_MODULE
>>Per base N content	fail
#Base	N-Count
1	0.325453217368759
2	0.21756356867076065
3	0.1342085403556932
4	0.21453280049745913
5	0.2292343410607831
6	0.3653304338628333
7	0.4316440688650361
8	0.3590231595562329
9	0.35093873681428867
10-11	0.2360758283238997
12-13	0.30318544063131153
14-15	0.28148392962777113
16-17	0.2553199597274659
18-19	0.26262621226275157
20-21	0.25071504404229683
22-23	0.2500152250692607
24-25	0.23995599509806192
26-27	0.25072394759157207
28-29	0.24533551957017938
30-31	0.25380813706052524
32-33	0.23967642365081845
34-35	0.23776572197634574
36-37	0.2383497948088034
38-39	0.23767846719344815
40-41	0.225124462715319
42-43	0.23017099444454142
44-45	0.22836357394166182
46-47	0.2177345168168458
48-49	0.21910388269538217
50-51	0.21496551299223718
52-53	0.20491162515060354
54-55	0.20535858332422202
56-57	0.199496486481385
58-59	0.2023972628352676
60-61	0.22537198138517148
62-63	0.22487516333561147
64-65	0.21666074877424837
66-67	0.21701154861569397
68-69	0.21433870312325826
70-71	0.2096091377482354
72-73	0.2101291050259111
74-75	0.21811736943568236
76	40.36443295609588
>>END_MODULE
>>Sequence Length Distribution	pass
#Length	Count
76	2.807869E7
>>END_MODULE
>>Sequence Duplication Levels	pass
#Total Deduplicated Percentage	80.00446347229574
#Duplication Level	Percentage of deduplicated	Percentage of total
1	88.82127682173878	71.06098597047469
2	8.04993788011514	12.880619221678433
3	1.797378009102097	4.31394789825349
4	0.6061883164085202	1.9399108406975163
5	0.2574772327710583	1.029966393208996
6	0.13889034762999897	0.6667108646171227
7	0.07331229659597303	0.41057176685578456
8	0.04247171113577605	0.2718341169734473
9	0.02971313880752029	0.21394653555361587
>10	0.14721302319828955	2.2274173855201505
>50	0.0187291957116684	1.043361160546111
>100	0.015466648937311844	2.4746155772650216
>500	0.0015720255778753178	0.8551554799414829
>1k	3.635277288417703E-4	0.45443132991556345
>5k	0.0	0.0
>10k+	9.824540894454907E-6	0.15652545849861332
>>END_MODULE
>>Overrepresented sequences	pass
>>END_MODULE
>>Adapter Content	pass
#Position	Illumina Universal Adapter	Illumina Small RNA 3' Adapter	Illumina Small RNA 5' Adapter	Nextera Transposase Sequence	SOLID Small RNA Adapter
1	3.917561681118314E-5	1.4245678840430234E-5	0.0	3.5614197101075584E-6	0.0
2	9.259691246279652E-5	6.76669744920436E-5	0.0	6.054413507182849E-5	3.5614197101075584E-6
3	3.2052777390968024E-4	6.76669744920436E-5	0.0	7.122839420215116E-5	7.122839420215117E-6
4	9.793904202795786E-4	7.122839420215116E-5	0.0	7.835123362236628E-5	7.122839420215117E-6
5	0.0011254086283939884	7.122839420215116E-5	0.0	8.191265333247384E-5	7.122839420215117E-6
6	0.0013853922672318402	8.191265333247384E-5	3.5614197101075584E-6	8.54740730425814E-5	7.122839420215117E-6
7	0.0014459364023036688	1.2108827014365699E-4	3.5614197101075584E-6	8.903549275268896E-5	7.122839420215117E-6
8	0.0016240073878090466	1.2464968985376456E-4	3.5614197101075584E-6	9.615833217290407E-5	7.122839420215117E-6
9	0.0018839910266468985	1.2464968985376456E-4	3.5614197101075584E-6	1.0684259130322675E-4	7.122839420215117E-6
10	0.0024431339211337852	1.3177252927397965E-4	3.5614197101075584E-6	1.0684259130322675E-4	7.122839420215117E-6
11	0.0028847499651871223	1.3177252927397965E-4	3.5614197101075584E-6	1.1040401101333431E-4	1.4245678840430234E-5
12	0.0032551376150383084	1.353339489840872E-4	3.5614197101075584E-6	1.1040401101333431E-4	1.4245678840430234E-5
13	0.0038285261883656252	1.3889536869419477E-4	3.5614197101075584E-6	1.2464968985376456E-4	1.780709855053779E-5
14	0.004369861984301974	1.4601820811440988E-4	3.5614197101075584E-6	1.2464968985376456E-4	1.780709855053779E-5
15	0.004918320619658538	1.53141047534625E-4	3.5614197101075584E-6	1.6026388695484012E-4	1.780709855053779E-5
16	0.005520200550666716	1.5670246724473256E-4	3.5614197101075584E-6	1.7450956579527036E-4	2.492993797075291E-5
17	0.006164817518196183	1.5670246724473256E-4	3.5614197101075584E-6	1.958780840559157E-4	2.492993797075291E-5
18	0.006891347139058125	1.5670246724473256E-4	3.5614197101075584E-6	1.9943950376602327E-4	2.492993797075291E-5
19	0.007653490957021143	1.6382530666494768E-4	3.5614197101075584E-6	2.0656234318623838E-4	2.492993797075291E-5
20	0.008426319034114484	1.6738672637505524E-4	3.5614197101075584E-6	2.0656234318623838E-4	2.8491357680860467E-5
21	0.009085181680484382	1.7450956579527036E-4	3.5614197101075584E-6	2.0656234318623838E-4	2.8491357680860467E-5
22	0.009783219943665463	1.7450956579527036E-4	3.5614197101075584E-6	2.0656234318623838E-4	2.8491357680860467E-5
23	0.010424275491484824	1.8163240521548547E-4	3.5614197101075584E-6	2.1012376289634594E-4	2.8491357680860467E-5
24	0.01110094523640526	1.8519382492559303E-4	3.5614197101075584E-6	2.2436944173677618E-4	2.8491357680860467E-5
25	0.011749123623644836	1.8519382492559303E-4	3.5614197101075584E-6	2.2436944173677618E-4	2.8491357680860467E-5
26	0.012318950777262045	1.8519382492559303E-4	3.5614197101075584E-6	2.314922811569913E-4	3.917561681118314E-5
27	0.01286740941261861	1.8519382492559303E-4	3.5614197101075584E-6	2.3505370086709886E-4	4.27370365212907E-5
28	0.013558324836379474	1.8519382492559303E-4	3.5614197101075584E-6	2.3505370086709886E-4	4.27370365212907E-5
29	0.014156643347677545	1.8519382492559303E-4	3.5614197101075584E-6	2.4573795999742156E-4	4.27370365212907E-5
30	0.014644557847962281	1.9231666434580815E-4	3.5614197101075584E-6	2.4573795999742156E-4	4.27370365212907E-5
31	0.01511110382998637	1.9943950376602327E-4	3.5614197101075584E-6	2.4573795999742156E-4	4.27370365212907E-5
32	0.0157379136989653	2.0656234318623838E-4	3.5614197101075584E-6	2.492993797075291E-4	4.27370365212907E-5
33	0.01623295103867025	2.0656234318623838E-4	3.5614197101075584E-6	2.564222191277442E-4	4.27370365212907E-5
34	0.016699497020694343	2.0656234318623838E-4	3.5614197101075584E-6	2.6710647825806686E-4	4.27370365212907E-5
35	0.01706988467054553	2.1012376289634594E-4	3.5614197101075584E-6	2.6710647825806686E-4	4.27370365212907E-5
36	0.01741534238242596	2.1724660231656106E-4	3.5614197101075584E-6	2.706678979681744E-4	4.27370365212907E-5
37	0.017817782809668115	2.2080802202666862E-4	3.5614197101075584E-6	2.74229317678282E-4	4.27370365212907E-5
38	0.01830213589024274	2.2080802202666862E-4	3.5614197101075584E-6	2.9559783593892733E-4	4.27370365212907E-5
39	0.018629786503572637	2.2080802202666862E-4	3.5614197101075584E-6	3.0272067535914245E-4	4.27370365212907E-5
40	0.018971682795742965	2.2080802202666862E-4	3.5614197101075584E-6	3.0628209506925E-4	4.27370365212907E-5
41	0.019384807482115442	2.3505370086709886E-4	3.5614197101075584E-6	3.0984351477935756E-4	4.27370365212907E-5
42	0.019783686489647487	2.3861512057720641E-4	3.5614197101075584E-6	3.5614197101075583E-4	4.629845623139826E-5
43	0.0201184599423976	2.492993797075291E-4	3.5614197101075584E-6	3.6326481043097095E-4	4.629845623139826E-5
44	0.0204496719754376	2.564222191277442E-4	3.5614197101075584E-6	3.7038764985118606E-4	4.629845623139826E-5
45	0.02084142814354943	2.884749965187122E-4	3.5614197101075584E-6	3.8107190898150874E-4	4.629845623139826E-5
46	0.021211815793400618	2.9203641622881977E-4	3.5614197101075584E-6	3.8107190898150874E-4	4.985987594150582E-5
47	0.02163206331919331	2.991592556490349E-4	3.5614197101075584E-6	3.95317587821939E-4	5.3421295651613376E-5
48	0.022038065166145572	3.0984351477935756E-4	3.5614197101075584E-6	4.024404272421541E-4	5.3421295651613376E-5
49	0.022429821334257402	3.134049344894651E-4	3.5614197101075584E-6	4.0600184695226165E-4	5.3421295651613376E-5
50	0.022892805896571385	3.134049344894651E-4	3.5614197101075584E-6	4.0600184695226165E-4	5.3421295651613376E-5
51	0.023377158977146012	3.2052777390968024E-4	3.5614197101075584E-6	4.1312468637247677E-4	5.3421295651613376E-5
52	0.023829459280329673	3.4545771188043315E-4	3.5614197101075584E-6	4.2380894550279945E-4	5.6982715361720934E-5
53	0.02437435649597613	3.668262301410785E-4	3.5614197101075584E-6	4.27370365212907E-4	6.054413507182849E-5
54	0.02494418364959334	3.7038764985118606E-4	3.5614197101075584E-6	4.3093178492301456E-4	6.054413507182849E-5
55	0.025446343828718507	3.8107190898150874E-4	3.5614197101075584E-6	4.344932046331221E-4	6.410555478193605E-5
56	0.026041100920306468	3.8819474840172386E-4	3.5614197101075584E-6	4.451774637634448E-4	6.410555478193605E-5
57	0.026710647825806687	4.095632666623692E-4	3.5614197101075584E-6	4.558617228937675E-4	6.410555478193605E-5
58	0.02754045861826175	4.1312468637247677E-4	3.5614197101075584E-6	4.629845623139826E-4	6.76669744920436E-5
59	0.028512726199121114	4.1668610608258433E-4	3.5614197101075584E-6	4.8435308057462795E-4	6.76669744920436E-5
60	0.029513485137661336	4.2380894550279945E-4	3.5614197101075584E-6	5.092830185453809E-4	6.76669744920436E-5
61	0.03080628049243038	4.3093178492301456E-4	3.5614197101075584E-6	5.16405857965596E-4	7.122839420215116E-5
62	0.032319883869226095	4.380546243432297E-4	3.5614197101075584E-6	5.16405857965596E-4	7.122839420215116E-5
63	0.03400087397239686	4.5942314260387503E-4	3.5614197101075584E-6	5.413357959363488E-4	7.122839420215116E-5
64	0.03574596963034957	4.5942314260387503E-4	3.5614197101075584E-6	5.555814747767791E-4	7.122839420215116E-5
65	0.03680371128425151	4.7366882144430527E-4	7.122839420215117E-6	5.662657339071018E-4	7.478981391225872E-5
>>END_MODULE
