##FastQC	0.11.7
>>Basic Statistics	pass
#Measure	Value
Filename	SRR1120296_2_val_2.fq.gz
File type	Conventional base calls
Encoding	Sanger / Illumina 1.9
Total Sequences	28474559
Sequences flagged as poor quality	0
Sequence length	20-76
%GC	50
>>END_MODULE
>>Per base sequence quality	pass
#Base	Mean	Median	Lower Quartile	Upper Quartile	10th Percentile	90th Percentile
1	31.763638025087587	33.0	31.0	34.0	30.0	34.0
2	31.880876469412573	34.0	31.0	34.0	30.0	34.0
3	31.923254930831412	34.0	31.0	34.0	30.0	34.0
4	35.349246989215885	37.0	35.0	37.0	32.0	37.0
5	35.38272403094987	37.0	35.0	37.0	33.0	37.0
6	35.348975799765675	37.0	35.0	37.0	32.0	37.0
7	35.38153971058867	37.0	35.0	37.0	32.0	37.0
8	35.388662103599216	37.0	35.0	37.0	32.0	37.0
9	37.023410863009325	39.0	37.0	39.0	33.0	39.0
10-11	37.07621847628966	39.0	37.0	39.0	33.0	39.0
12-13	37.03547141853891	39.0	37.0	39.0	33.0	39.0
14-15	38.39544854759647	40.0	38.0	41.0	33.0	41.0
16-17	38.363782561127636	40.0	38.0	41.0	33.0	41.0
18-19	38.36164595209358	40.0	38.0	41.0	33.0	41.0
20-21	38.36883864278401	40.0	38.0	41.0	33.0	41.0
22-23	38.33751359974803	40.0	38.0	41.0	33.0	41.0
24-25	38.31388955966506	40.0	38.0	41.0	33.0	41.0
26-27	38.25376141227055	40.0	38.0	41.0	33.0	41.0
28-29	38.197939104065796	40.0	38.0	41.0	32.0	41.0
30-31	38.127105598062016	40.0	38.0	41.0	32.0	41.0
32-33	38.08844622683729	40.0	38.0	41.0	32.0	41.0
34-35	38.03832643182193	40.0	38.0	41.0	32.0	41.0
36-37	37.956061018177245	40.0	37.0	41.0	32.0	41.0
38-39	37.878954479343165	40.0	37.0	41.0	32.0	41.0
40-41	37.819753987765324	40.0	37.0	41.0	32.0	41.0
42-43	37.73333117412979	40.0	37.0	41.0	32.0	41.0
44-45	37.595023307772735	40.0	36.0	41.0	31.0	41.0
46-47	37.46032269247481	40.0	36.0	41.0	31.0	41.0
48-49	37.354268914613115	40.0	36.0	41.0	31.0	41.0
50-51	37.22179185826543	39.0	35.0	41.0	31.0	41.0
52-53	37.09658866146495	39.0	35.0	41.0	31.0	41.0
54-55	36.94223875532285	39.0	35.0	41.0	31.0	41.0
56-57	36.76041624741033	39.0	35.0	41.0	31.0	41.0
58-59	36.56989275168041	38.0	35.0	41.0	30.0	41.0
60-61	36.384652866617714	38.0	35.0	40.0	30.0	41.0
62-63	36.19208823011923	37.0	35.0	40.0	30.0	41.0
64-65	35.99425906112447	37.0	34.0	40.0	30.0	41.0
66-67	35.76285419027441	36.0	34.0	39.5	30.0	41.0
68-69	35.519639949604866	36.0	34.0	39.0	30.0	41.0
70-71	35.314128980071914	35.0	34.0	39.0	30.0	41.0
72-73	35.14818297528307	35.0	34.0	37.5	30.0	40.0
74-75	35.03899313920002	35.0	34.0	37.0	30.5	39.5
76	34.4821843319364	35.0	33.0	36.0	30.0	39.0
>>END_MODULE
>>Per sequence quality scores	pass
#Quality	Count
15	2.0
16	6.0
17	17.0
18	53.0
19	2103.0
20	28436.0
21	67418.0
22	113731.0
23	160181.0
24	206948.0
25	254045.0
26	300063.0
27	344443.0
28	392788.0
29	449794.0
30	517889.0
31	607499.0
32	726562.0
33	893131.0
34	1155921.0
35	1566241.0
36	2317386.0
37	3651366.0
38	5469827.0
39	7259137.0
40	1989572.0
>>END_MODULE
>>Per base sequence content	fail
#Base	G	A	T	C
1	25.93855239889045	12.408089340039867	15.91002369273655	45.743334568333125
2	23.40652769320076	20.45133611426434	33.99436048583265	22.147775706702255
3	28.005217214643913	22.59396451848511	23.595851456323675	25.804966810547302
4	27.73404963350507	29.605188123662764	18.47862529283369	24.18213694999848
5	28.428493156961576	30.86117408850406	20.34303686286625	20.367295891668117
6	22.527739728589598	32.72518559802137	20.90476666671233	23.842308006676706
7	20.051740921973792	15.977987120859224	39.21204516356826	24.75822679359872
8	21.350212114506046	20.588117843710265	26.661512704515534	31.40015733726816
9	21.91051723033456	20.38235266021351	29.273450152113345	28.43367995733858
10-11	26.174457505342435	29.046697268625476	20.023326815908067	24.75551841012402
12-13	23.756822642679	23.05082635575947	27.015790469526006	26.176560532035527
14-15	24.172448764675686	24.494614670344816	26.0104238440595	25.32251272092
16-17	25.061683525955353	24.64953928913416	24.91467805132018	25.374099133590306
18-19	24.968945384193624	25.040656348304495	24.64184730028361	25.348550967218266
20-21	24.85183960091119	25.010046916288744	24.96434047299055	25.173773009809512
22-23	24.87165236897045	25.13996716146266	25.05722020881112	24.931160260755767
24-25	24.77827972438628	25.160762406277605	25.088257311960245	24.97270055737587
26-27	24.68472546145655	25.157831620393356	25.13572935859758	25.021713559552516
28-29	24.83592266417037	25.027939663179037	25.007435512814187	25.128702159836408
30-31	24.600724854995676	25.155602183344527	25.13020763122556	25.11346533043423
32-33	24.641609422460647	25.180697738905504	25.09176189857284	25.085930940061
34-35	24.99330854000564	25.15539165486479	24.813778233584745	25.03752157154483
36-37	24.81376569886831	25.11091015037238	24.975648084316855	25.099676066442456
38-39	24.70559498442833	25.14329305894234	25.146872548612485	25.004239408016844
40-41	24.83199276020243	25.069636005209418	25.08050768609648	25.017863548491675
42-43	24.59241532480744	25.122901442797364	25.226034345980192	25.058648886415007
44-45	24.641603761017134	25.168580180466776	25.26125641219829	24.9285596463178
46-47	24.76108888647829	25.12465684593394	25.073632881164578	25.04062138642319
48-49	24.63386153730969	25.10325552392183	25.183748762946674	25.0791341758218
50-51	24.645664287996023	25.174867958282977	25.171712473368608	25.007755280352395
52-53	24.72628635898935	25.21018205254814	25.036272067793732	25.027259520668782
54-55	24.593743870631165	25.209296283624642	25.14509551997517	25.051864325769017
56-57	24.585080020515395	25.11371275187767	25.305492171817612	24.99571505578932
58-59	24.66498706639265	25.15433316258861	25.16357841788915	25.01710135312959
60-61	24.532708635979155	25.181945791644328	25.269820363863616	25.015525208512905
62-63	24.458866606085248	25.283294920918653	25.387099782232642	24.870738690763456
64-65	24.58983895188233	25.210334750563053	25.257655927179883	24.942170370374733
66-67	24.51273859971456	25.22871200667544	25.27170188017601	24.98684751343399
68-69	24.54740834053237	25.281738152379614	25.305155547365487	24.865697959722528
70-71	24.527746635591914	25.235887056993768	25.314181146185593	24.922185161228725
72-73	24.42076814750926	25.15935486073823	25.409449750571916	25.010427241180587
74-75	24.727988802626115	21.828665002232473	26.969789791404295	26.473556403737113
76	25.75632799650613	0.0	36.821291013501586	37.42238098999229
>>END_MODULE
>>Per sequence GC content	pass
#GC Content	Count
0	992.0
1	916.5
2	956.5
3	1080.5
4	1122.0
5	1271.5
6	1527.0
7	1800.5
8	2095.5
9	2439.0
10	2870.0
11	3372.0
12	3817.5
13	4462.5
14	5523.0
15	7067.0
16	9025.0
17	11049.5
18	14968.5
19	21921.0
20	30116.5
21	37803.0
22	51156.5
23	74023.5
24	98452.0
25	118619.0
26	151062.5
27	200360.5
28	248297.0
29	284980.5
30	335003.5
31	403597.5
32	470647.5
33	520554.5
34	573604.0
35	643425.5
36	701841.5
37	742203.5
38	788175.0
39	861516.5
40	929865.0
41	983362.5
42	1018299.5
43	1052850.5
44	1096947.0
45	1131938.5
46	1149088.5
47	1159849.0
48	1174016.0
49	1180055.0
50	1181126.0
51	1183485.0
52	1179296.5
53	1163769.5
54	1152535.5
55	1143588.0
56	1139376.5
57	1120369.0
58	1096972.5
59	1071205.0
60	1033916.5
61	981659.0
62	933409.0
63	880380.0
64	800918.5
65	720389.5
66	625125.0
67	556294.0
68	501383.5
69	425847.0
70	349925.5
71	297670.0
72	258879.5
73	210216.0
74	166528.5
75	139644.0
76	120392.5
77	96163.0
78	74702.0
79	61015.5
80	51442.0
81	40390.5
82	31228.5
83	24786.5
84	19348.5
85	13484.0
86	9286.5
87	7075.5
88	5275.0
89	3586.5
90	2616.5
91	1988.0
92	1603.0
93	1145.5
94	671.0
95	457.5
96	376.5
97	355.5
98	206.5
99	142.0
100	222.0
>>END_MODULE
>>Per base N content	pass
#Base	N-Count
1	0.07414689021171496
2	0.05024133999757468
3	0.049735625405120415
4	0.04869258905818348
5	0.052861222539039146
6	0.016969534102354314
7	0.008140600175756893
8	0.006904408949757572
9	0.0037050617711059195
10-11	0.0031308649942568033
12-13	0.0031484245287170206
14-15	0.004165121573963621
16-17	0.0027726504912683634
18-19	0.0018648225596751122
20-21	0.0017335899421151333
22-23	8.035839492458488E-4
24-25	0.0013626208797883185
26-27	0.001024189071860296
28-29	0.001962993338885733
30-31	5.268404805343845E-4
32-33	0.0018574436274269809
34-35	9.861281739958604E-4
36-37	1.9188339970692655E-4
38-39	5.571228368281905E-4
40-41	7.59727833388904E-4
42-43	5.807804073211355E-4
44-45	2.399680247979375E-4
46-47	6.515029913768823E-4
48-49	6.35004982450567E-4
50-51	3.6783803125007663E-4
52-53	7.465210942097691E-4
54-55	8.879945474960102E-4
56-57	2.3623470375750194E-4
58-59	2.059356785968789E-4
60-61	2.8700370797822414E-4
62-63	1.210550853095362E-4
64-65	3.497896089142299E-4
66-67	2.4590938520194607E-4
68-69	3.4565672659511845E-4
70-71	4.675611672870268E-5
72-73	2.4591428547864037E-5
74-75	0.0
76	0.0
>>END_MODULE
>>Sequence Length Distribution	warn
#Length	Count
20-21	31312.0
22-23	33304.0
24-25	36283.0
26-27	39413.0
28-29	41596.0
30-31	43564.0
32-33	46060.0
34-35	48481.0
36-37	50557.0
38-39	53802.0
40-41	56226.0
42-43	58288.0
44-45	61349.0
46-47	63150.0
48-49	64908.0
50-51	67336.0
52-53	70584.0
54-55	74144.0
56-57	78145.0
58-59	82742.0
60-61	89101.0
62-63	98025.0
64-65	112293.0
66-67	130797.0
68-69	159837.0
70-71	231767.0
72-73	912921.0
74-75	8419854.0
76-77	1.721872E7
>>END_MODULE
>>Sequence Duplication Levels	pass
#Total Deduplicated Percentage	81.7236416634718
#Duplication Level	Percentage of deduplicated	Percentage of total
1	90.29658726172931	73.79365940811978
2	6.926446012725315	11.321087838906934
3	1.563258706675473	3.832655831149462
4	0.531073591911869	1.7360507168935373
5	0.2367375887927709	0.9673528937387373
6	0.11673878349297137	0.5724191106245524
7	0.06877385627805009	0.3934314990397733
8	0.0442042015113772	0.2890022659468551
9	0.031122685039221575	0.22891132437753947
>10	0.15004515929685253	2.3431152837887765
>50	0.018343200585999635	1.0452642277027984
>100	0.015074920997439907	2.4583826676353717
>500	0.001345840133998319	0.7399286882150784
>1k	2.481908294706E-4	0.2787382438608361
>5k	0.0	0.0
>10k+	0.0	0.0
>>END_MODULE
>>Overrepresented sequences	pass
>>END_MODULE
>>Adapter Content	pass
#Position	Illumina Universal Adapter	Illumina Small RNA 3' Adapter	Illumina Small RNA 5' Adapter	Nextera Transposase Sequence	SOLID Small RNA Adapter
1	0.0	7.023813784087051E-6	0.0	7.023813784087051E-6	0.0
2	0.0	4.214288270452231E-5	0.0	3.511906892043526E-5	0.0
3	0.0	5.267860338065288E-5	0.0	3.511906892043526E-5	0.0
4	0.0	5.267860338065288E-5	0.0	4.565478959656583E-5	0.0
5	0.0	5.267860338065288E-5	0.0	4.916669648860936E-5	0.0
6	0.0	5.267860338065288E-5	0.0	5.267860338065288E-5	0.0
7	0.0	8.779767230108815E-5	0.0	5.267860338065288E-5	0.0
8	0.0	9.130957919313166E-5	0.0	6.321432405678346E-5	3.5119068920435254E-6
9	0.0	9.130957919313166E-5	0.0	7.726195162495756E-5	3.5119068920435254E-6
10	0.0	1.0535720676130576E-4	0.0	9.130957919313166E-5	3.5119068920435254E-6
11	0.0	1.0535720676130576E-4	0.0	9.130957919313166E-5	3.5119068920435254E-6
12	0.0	1.0535720676130576E-4	0.0	9.48214860851752E-5	3.5119068920435254E-6
13	0.0	1.229167412215234E-4	0.0	9.48214860851752E-5	7.023813784087051E-6
14	0.0	1.2994055500561045E-4	0.0	9.833339297721871E-5	7.023813784087051E-6
15	0.0	1.2994055500561045E-4	0.0	1.1589292743743635E-4	7.023813784087051E-6
16	0.0	1.3345246189765396E-4	0.0	1.2994055500561045E-4	1.0535720676130577E-5
17	0.0	1.3345246189765396E-4	0.0	1.6154771703400216E-4	1.0535720676130577E-5
18	0.0	1.3345246189765396E-4	0.0	1.755953446021763E-4	1.755953446021763E-5
19	0.0	1.3345246189765396E-4	0.0	1.8261915838626333E-4	1.755953446021763E-5
20	0.0	1.369643687896975E-4	0.0	1.896429721703504E-4	1.755953446021763E-5
21	0.0	1.510119963578716E-4	0.0	1.931548790623939E-4	1.755953446021763E-5
22	0.0	1.510119963578716E-4	0.0	1.931548790623939E-4	1.755953446021763E-5
23	0.0	1.5452390324991513E-4	0.0	1.931548790623939E-4	1.755953446021763E-5
24	0.0	1.5452390324991513E-4	7.023813784087051E-6	2.07202506630568E-4	1.755953446021763E-5
25	0.0	1.5803581014195865E-4	7.023813784087051E-6	2.177382273066986E-4	1.755953446021763E-5
26	0.0	1.5803581014195865E-4	7.023813784087051E-6	2.212501341987421E-4	2.1071441352261153E-5
27	0.0	1.650596239260457E-4	7.023813784087051E-6	2.2476204109078563E-4	2.8095255136348203E-5
28	0.0	1.6857153081808923E-4	7.023813784087051E-6	2.2476204109078563E-4	3.160716202839173E-5
29	0.0	1.7208343771013275E-4	7.023813784087051E-6	2.2827394798282917E-4	3.160716202839173E-5
30	0.0	1.755953446021763E-4	7.023813784087051E-6	2.2827394798282917E-4	3.160716202839173E-5
31	0.0	1.8261915838626333E-4	7.023813784087051E-6	2.352977617669162E-4	3.160716202839173E-5
32	0.0	1.931548790623939E-4	7.023813784087051E-6	2.3880966865895973E-4	3.160716202839173E-5
33	0.0	1.931548790623939E-4	7.023813784087051E-6	2.4232157555100327E-4	3.511906892043526E-5
34	0.0	1.9666678595443743E-4	7.023813784087051E-6	2.493453893350903E-4	3.511906892043526E-5
35	0.0	2.0017869284648095E-4	7.023813784087051E-6	2.5636920311917735E-4	3.511906892043526E-5
36	0.0	2.036905997385245E-4	7.023813784087051E-6	2.598811100112209E-4	3.511906892043526E-5
37	0.0	2.1071441352261153E-4	7.023813784087051E-6	2.6690492379530793E-4	3.511906892043526E-5
38	0.0	2.1071441352261153E-4	7.023813784087051E-6	2.73928737579395E-4	3.511906892043526E-5
39	0.0	2.1071441352261153E-4	7.023813784087051E-6	2.8446445825552555E-4	3.863097581247878E-5
40	0.0	2.1422632041465507E-4	7.023813784087051E-6	2.9148827203961264E-4	3.863097581247878E-5
41	0.0	2.1422632041465507E-4	7.023813784087051E-6	2.9500017893165613E-4	3.863097581247878E-5
42	0.0	2.177382273066986E-4	7.023813784087051E-6	3.0904780649983025E-4	3.863097581247878E-5
43	0.0	2.2476204109078563E-4	7.023813784087051E-6	3.1958352717596084E-4	4.214288270452231E-5
44	0.0	2.317858548748727E-4	7.023813784087051E-6	3.336311547441349E-4	4.214288270452231E-5
45	0.0	2.3880966865895973E-4	7.023813784087051E-6	3.3714306163617845E-4	4.214288270452231E-5
46	0.0	2.4232157555100327E-4	7.023813784087051E-6	3.441668754202655E-4	4.214288270452231E-5
47	0.0	2.598811100112209E-4	7.023813784087051E-6	3.441668754202655E-4	4.214288270452231E-5
48	0.0	2.598811100112209E-4	7.023813784087051E-6	3.511906892043526E-4	4.214288270452231E-5
49	0.0	2.6339301690326444E-4	7.023813784087051E-6	3.547025960963961E-4	4.214288270452231E-5
50	0.0	2.704168306873515E-4	7.023813784087051E-6	3.722621305566137E-4	4.214288270452231E-5
51	0.0	2.774406444714385E-4	7.023813784087051E-6	3.7577403744865724E-4	4.214288270452231E-5
52	0.0	2.985120858236997E-4	7.023813784087051E-6	3.827978512327443E-4	4.916669648860936E-5
53	0.0	3.125597133918738E-4	7.023813784087051E-6	3.968454788009184E-4	5.267860338065288E-5
54	0.0	3.160716202839173E-4	7.023813784087051E-6	4.0386929258500544E-4	5.267860338065288E-5
55	0.0	3.2309543406800433E-4	7.023813784087051E-6	4.14405013261136E-4	5.619051027269641E-5
56	0.0	3.301192478520914E-4	7.023813784087051E-6	4.389883615054407E-4	5.619051027269641E-5
57	0.0	3.3714306163617845E-4	7.023813784087051E-6	4.4601217528952776E-4	6.321432405678346E-5
58	0.0	3.441668754202655E-4	7.023813784087051E-6	4.4952408218157126E-4	6.321432405678346E-5
59	0.0	3.511906892043526E-4	7.023813784087051E-6	4.5654789596565835E-4	6.321432405678346E-5
60	0.0	3.582145029884396E-4	7.023813784087051E-6	4.6708361664178893E-4	6.321432405678346E-5
61	0.0	3.582145029884396E-4	7.023813784087051E-6	4.7761933731791946E-4	6.321432405678346E-5
62	0.0	3.617264098804831E-4	7.023813784087051E-6	4.916669648860936E-4	6.672623094882698E-5
63	0.0	3.687502236645702E-4	7.023813784087051E-6	5.022026855622242E-4	7.023813784087051E-5
64	0.0	3.792859443407008E-4	7.023813784087051E-6	5.022026855622242E-4	7.023813784087051E-5
65	0.0	3.863097581247878E-4	1.0535720676130577E-5	5.057145924542677E-4	7.375004473291403E-5
>>END_MODULE
