##FastQC	0.11.7
>>Basic Statistics	pass
#Measure	Value
Filename	SRR598253_1_val_1.fq.gz
File type	Conventional base calls
Encoding	Sanger / Illumina 1.9
Total Sequences	56342689
Sequences flagged as poor quality	0
Sequence length	20-76
%GC	48
>>END_MODULE
>>Per base sequence quality	pass
#Base	Mean	Median	Lower Quartile	Upper Quartile	10th Percentile	90th Percentile
1	31.30478646484196	31.0	31.0	34.0	28.0	34.0
2	31.581451002453928	31.0	31.0	34.0	28.0	34.0
3	31.75277937125081	31.0	31.0	34.0	28.0	34.0
4	35.27002546861049	37.0	35.0	37.0	32.0	37.0
5	35.02230221919298	37.0	35.0	37.0	32.0	37.0
6	34.902284251999404	37.0	35.0	37.0	32.0	37.0
7	34.88465204420755	37.0	35.0	37.0	32.0	37.0
8	34.85433989492408	37.0	35.0	37.0	31.0	37.0
9	36.38701656571627	39.0	35.0	39.0	32.0	39.0
10-11	36.49595544685487	39.0	35.0	39.0	32.0	39.0
12-13	36.31551084649155	39.0	35.0	39.0	31.0	39.0
14-15	37.34431813327191	40.0	36.0	41.0	31.0	41.0
16-17	37.32506925610171	40.0	36.0	41.0	31.0	41.0
18-19	37.405232433972046	40.0	36.0	41.0	31.0	41.0
20-21	37.330479872741336	40.0	36.0	41.0	31.0	41.0
22-23	37.15528181514088	39.5	36.0	41.0	30.5	41.0
24-25	37.07683225022487	39.0	36.0	41.0	30.0	41.0
26-27	36.96086434972062	39.0	36.0	41.0	30.0	41.0
28-29	36.86288704675047	39.0	36.0	41.0	30.0	41.0
30-31	37.00530075090206	39.0	36.0	41.0	30.0	41.0
32-33	36.90556010695659	39.0	36.0	41.0	30.0	41.0
34-35	36.88696316707708	39.0	35.5	41.0	30.0	41.0
36-37	36.86126013349741	39.0	35.0	41.0	30.0	41.0
38-39	36.86002990201691	39.0	35.0	41.0	30.0	41.0
40-41	36.814902788134916	39.0	35.0	41.0	30.0	41.0
42-43	36.856840465694184	39.0	35.0	41.0	30.0	41.0
44-45	36.7777961523843	39.0	35.0	40.0	30.0	41.0
46-47	36.58617718912409	39.0	35.0	40.0	30.0	41.0
48-49	36.51307528551224	39.0	35.0	40.0	30.0	41.0
50-51	36.34433701929674	38.0	35.0	40.0	29.0	41.0
52-53	36.14061328287494	38.0	34.0	40.0	29.0	41.0
54-55	36.01367602915292	38.0	34.0	40.0	29.0	41.0
56-57	35.84042866051787	38.0	34.0	40.0	29.0	41.0
58-59	35.61097628094807	37.0	34.0	40.0	28.5	41.0
60-61	35.39478695303691	37.0	34.0	40.0	28.0	41.0
62-63	35.11578038213449	36.0	33.0	39.0	28.0	41.0
64-65	34.85117656371891	36.0	33.0	39.0	28.0	40.0
66-67	34.67474531179158	35.0	33.0	39.0	28.0	40.0
68-69	34.3851418057789	35.0	33.0	38.0	28.0	40.0
70-71	34.150235790829925	35.0	32.0	37.0	28.0	39.5
72-73	34.14299762251598	35.0	33.0	37.0	29.0	39.0
74-75	34.19413342163949	35.0	33.0	36.5	29.0	39.0
76	31.64927444162362	32.0	29.0	34.0	26.0	36.0
>>END_MODULE
>>Per sequence quality scores	pass
#Quality	Count
7	1.0
8	0.0
9	0.0
10	0.0
11	0.0
12	1.0
13	1.0
14	1.0
15	11.0
16	21.0
17	75.0
18	189.0
19	2302.0
20	37069.0
21	131487.0
22	261885.0
23	396165.0
24	527229.0
25	657949.0
26	789701.0
27	927998.0
28	1073170.0
29	1250888.0
30	1466149.0
31	1739669.0
32	2102786.0
33	2589267.0
34	3293592.0
35	4296602.0
36	5882415.0
37	8187347.0
38	1.059398E7
39	9744534.0
40	390205.0
>>END_MODULE
>>Per base sequence content	fail
#Base	G	A	T	C
1	29.007561288481188	12.911680727536748	21.59389425572954	36.48686372825253
2	23.31632038675162	21.347654067238196	32.792432348074186	22.543593197935998
3	27.92199173751283	24.340865857944106	24.987208185312916	22.749934219230145
4	27.91156081315419	30.567811490120956	19.65151331237166	21.869114384353196
5	27.991121068493452	30.939081601164027	20.911458432249734	20.158338898092786
6	22.325455001584878	33.26684366909697	21.00244369574443	23.40525763357373
7	19.254952416286176	15.509409609138084	40.95388990383748	24.281748070738264
8	22.20093849640071	21.22443207555797	25.970925795863863	30.60370363217746
9	22.17923254121495	20.99053223368467	29.024486711592566	27.80574851350781
10-11	26.100575692655685	29.53340172203348	20.2220241268433	24.143998458467532
12-13	23.565578149716433	22.776895026965317	28.08647342943721	25.571053393881044
14-15	23.84274949599914	24.774732657597866	27.151210338629866	24.23130750777313
16-17	24.49103953501888	25.13416246532486	25.95200278639096	24.422795213265303
18-19	24.4167278151644	25.37754238823092	25.855798983460915	24.349930813143768
20-21	24.423310696144362	25.319162934256024	25.953056720944257	24.304469648655356
22-23	24.49087722358453	25.70799310584399	25.808908024681042	23.99222164589043
24-25	24.49724897209295	25.804096870826363	25.692369324538124	24.00628483254257
26-27	24.429049994302638	25.743848799350477	25.74962153232969	24.077479674017194
28-29	24.492178310588926	25.536339891833386	25.80306136682028	24.168420430757408
30-31	24.014794090959647	25.827329886691775	26.108235956157692	24.049640066190882
32-33	24.159030512253707	25.798580371316284	26.072833873998974	23.96955524243104
34-35	24.491028764077168	25.695691608497683	25.83978554091628	23.973494086508868
36-37	24.357333396032317	25.77202784861817	25.865379968224406	24.005258787125104
38-39	24.23083028102258	25.858563681495667	25.858187320065728	24.052418717416025
40-41	24.42502577689626	25.65778304508366	25.889017073828736	24.028174104191343
42-43	24.128569540420504	25.872012191431036	26.13144646060603	23.86797180754243
44-45	24.232970967034433	25.840827417687912	25.91269730645761	24.01350430882005
46-47	24.385205244484965	25.75398319520248	25.873159541568253	23.987652018744303
48-49	24.15716433313578	25.73599636411889	26.091624767179695	24.015214535565637
50-51	24.248997387359992	25.71564094062378	26.02700140744114	24.00836026457509
52-53	24.221650810464297	25.81077372456034	25.893554269670005	24.074021195305352
54-55	24.209706715467618	25.73233541312334	26.06624064646042	23.99171722494862
56-57	24.159472915868474	25.79663109450622	26.025109952269343	24.01878603735596
58-59	24.117903775559586	25.832384219095395	26.020828246548383	24.028883758796635
60-61	24.189253813868973	25.759770755452383	26.111730114741444	23.939245315937203
62-63	23.964914847701763	26.007553483309053	26.139413608739044	23.88811806025014
64-65	24.006594316070785	25.94134708645553	26.1852872068641	23.866771390609586
66-67	23.92974203632198	26.044540825995394	26.04431965660936	23.981397481073262
68-69	24.036990379755565	26.109135779881896	25.99672504569417	23.85714879466837
70-71	23.933607462580625	26.02156607505115	26.08344321319293	23.961383249175295
72-73	23.76058075118402	25.933203398162792	26.325521091344132	23.98069475930906
74-75	24.200714833100374	22.65512773495343	27.75356702971256	25.39059040223363
76	24.895215168327393	0.0	39.050175011183526	36.05460982048908
>>END_MODULE
>>Per sequence GC content	pass
#GC Content	Count
0	7249.0
1	5882.0
2	3709.5
3	2880.0
4	2958.0
5	3340.5
6	3937.0
7	4541.5
8	5149.0
9	5797.5
10	6532.0
11	7486.5
12	8475.5
13	9749.0
14	11620.0
15	14185.5
16	17517.5
17	21334.0
18	28339.0
19	40142.5
20	55506.5
21	70687.5
22	95235.0
23	137320.0
24	184307.0
25	225104.5
26	286153.5
27	376116.0
28	473601.5
29	557379.5
30	664122.0
31	802714.0
32	947987.5
33	1069554.5
34	1195908.5
35	1382188.0
36	1548024.0
37	1662685.0
38	1801954.0
39	2019373.5
40	2210779.5
41	2355821.0
42	2461706.0
43	2552608.0
44	2631772.0
45	2672504.0
46	2710422.5
47	2733888.5
48	2737053.0
49	2687617.5
50	2621821.5
51	2549586.0
52	2451403.0
53	2329303.0
54	2237420.0
55	2185793.5
56	2134043.5
57	2041447.0
58	1949469.5
59	1851240.0
60	1737053.0
61	1632468.0
62	1545277.0
63	1443208.0
64	1291828.0
65	1144240.0
66	982338.5
67	867175.5
68	775727.5
69	649477.5
70	523221.5
71	438667.5
72	372617.0
73	291626.5
74	221604.5
75	177745.0
76	146109.0
77	110065.0
78	79614.5
79	60504.0
80	47195.5
81	34026.0
82	24857.0
83	18054.0
84	13325.5
85	10252.0
86	8140.5
87	6847.5
88	5321.0
89	3788.0
90	2893.0
91	2366.5
92	2163.0
93	1596.0
94	880.0
95	559.0
96	412.0
97	387.0
98	245.5
99	105.0
100	105.0
>>END_MODULE
>>Per base N content	pass
#Base	N-Count
1	0.15617110500352585
2	0.011318238644946464
3	0.013907749415367803
4	0.04490555997424972
5	0.005372480536028375
6	0.012629855135242124
7	0.011540095290801616
8	0.008719853608690917
9	0.006826085279671335
10-11	0.007005345449522298
12-13	0.006476439205803613
14-15	9.282482062579584E-4
16-17	4.836474879642326E-4
18-19	6.034500767260149E-4
20-21	9.223616506349736E-4
22-23	0.0027287015067109077
24-25	0.005224293980345328
26-27	0.007725517621052159
28-29	0.009495188415119666
30-31	0.00453320825198917
32-33	0.0028608359875733178
34-35	0.016244778409522157
36-37	0.04146772346763566
38-39	0.0061134687414615965
40-41	2.3790383169087272E-4
42-43	1.8589993432744758E-4
44-45	4.6370974781172647E-4
46-47	2.707779326925378E-4
48-49	3.0997502085953587E-4
50-51	7.704461692288313E-5
52-53	2.760670414454664E-6
54-55	8.957717817297834E-5
56-57	1.168086215887363E-4
58-59	1.424437407971917E-4
60-61	2.1794317966883096E-4
62-63	3.1783846373512027E-4
64-65	2.175962520464691E-4
66-67	4.8619108636709895E-5
68-69	1.9246435644321827E-6
70-71	6.819490473975533E-6
72-73	1.8582953963653152E-4
74-75	0.0
76	0.0
>>END_MODULE
>>Sequence Length Distribution	warn
#Length	Count
20-21	85360.0
22-23	84698.0
24-25	88468.0
26-27	96326.0
28-29	95180.0
30-31	112554.0
32-33	112101.0
34-35	112802.0
36-37	120455.0
38-39	128322.0
40-41	134479.0
42-43	143943.0
44-45	148228.0
46-47	154391.0
48-49	169752.0
50-51	173592.0
52-53	189344.0
54-55	203320.0
56-57	224391.0
58-59	245420.0
60-61	272143.0
62-63	311841.0
64-65	375682.0
66-67	465557.0
68-69	589109.0
70-71	828759.0
72-73	2288164.0
74-75	1.6862037E7
76-77	3.1526271E7
>>END_MODULE
>>Sequence Duplication Levels	warn
#Total Deduplicated Percentage	51.940566059021876
#Duplication Level	Percentage of deduplicated	Percentage of total
1	85.9111229854584	44.62272358630955
2	8.638987142894335	8.974277647570878
3	2.447762710533317	3.8141454228979863
4	1.045126176354014	2.171377808117145
5	0.5629345520479683	1.4619569643776693
6	0.31722626930670883	0.9886147197949304
7	0.20602096903224615	0.7490592026094156
8	0.1468875842633672	0.6103539418945253
9	0.10228807686476975	0.47816105521003915
>10	0.4824992268883466	4.410208518820373
>50	0.038382924254435076	1.4129159670714584
>100	0.0669818265209677	8.396440585932298
>500	0.01893604366042981	7.039172007068906
>1k	0.014421267599251523	13.315320949716666
>5k	3.897639891684933E-4	1.34774798931443
>10k+	3.248033243070777E-5	0.207523633293571
>>END_MODULE
>>Overrepresented sequences	pass
>>END_MODULE
>>Adapter Content	pass
#Position	Illumina Universal Adapter	Illumina Small RNA 3' Adapter	Illumina Small RNA 5' Adapter	Nextera Transposase Sequence	SOLID Small RNA Adapter
1	7.099412667364882E-6	3.549706333682441E-6	0.0	0.0	5.324559500523662E-6
2	7.099412667364882E-6	3.017250383630075E-5	0.0	1.2423972167888544E-5	5.324559500523662E-6
3	7.099412667364882E-6	3.017250383630075E-5	0.0	1.2423972167888544E-5	1.0649119001047324E-5
4	7.099412667364882E-6	3.017250383630075E-5	0.0	1.4198825334729764E-5	2.1298238002094648E-5
5	7.099412667364882E-6	3.017250383630075E-5	0.0	1.4198825334729764E-5	2.662279750261831E-5
6	7.099412667364882E-6	3.194735700314197E-5	0.0	2.1298238002094648E-5	2.662279750261831E-5
7	7.099412667364882E-6	3.904676967050685E-5	0.0	2.1298238002094648E-5	2.662279750261831E-5
8	7.099412667364882E-6	4.614618233787173E-5	0.0	2.8397650669459528E-5	2.662279750261831E-5
9	7.099412667364882E-6	4.9695888671554175E-5	0.0	3.194735700314197E-5	3.017250383630075E-5
10	8.874265834206102E-6	5.502044817207784E-5	0.0	3.549706333682441E-5	3.017250383630075E-5
11	8.874265834206102E-6	7.631868617417248E-5	0.0	3.727191650366563E-5	6.03450076726015E-5
12	8.874265834206102E-6	8.341809884153736E-5	0.0	4.2596476004189295E-5	6.389471400628394E-5
13	1.0649119001047324E-5	9.051751150890225E-5	1.7748531668412205E-6	4.2596476004189295E-5	7.454383300733127E-5
14	1.0649119001047324E-5	9.761692417626713E-5	1.7748531668412205E-6	4.792103550471296E-5	7.454383300733127E-5
15	1.0649119001047324E-5	1.0471633684363201E-4	1.7748531668412205E-6	5.8570154505760274E-5	7.454383300733127E-5
16	1.2423972167888544E-5	1.1714030901152055E-4	1.7748531668412205E-6	6.03450076726015E-5	7.631868617417248E-5
17	1.4198825334729764E-5	1.2423972167888543E-4	1.7748531668412205E-6	6.566956717312515E-5	7.80935393410137E-5
18	1.4198825334729764E-5	1.2423972167888543E-4	1.7748531668412205E-6	7.099412667364882E-5	7.80935393410137E-5
19	1.7748531668412204E-5	1.2423972167888543E-4	1.7748531668412205E-6	7.454383300733127E-5	7.80935393410137E-5
20	1.7748531668412204E-5	1.3311398751309153E-4	1.7748531668412205E-6	8.164324567469614E-5	7.80935393410137E-5
21	1.9523384835253426E-5	1.384385470136152E-4	1.7748531668412205E-6	8.164324567469614E-5	8.519295200837859E-5
22	1.9523384835253426E-5	1.473128128478213E-4	1.7748531668412205E-6	8.341809884153736E-5	8.519295200837859E-5
23	1.9523384835253426E-5	1.5796193184886863E-4	1.7748531668412205E-6	8.69678051752198E-5	8.69678051752198E-5
24	1.9523384835253426E-5	1.6328649134939228E-4	1.7748531668412205E-6	9.229236467574346E-5	9.051751150890225E-5
25	1.9523384835253426E-5	1.650613445162335E-4	1.7748531668412205E-6	9.761692417626713E-5	9.051751150890225E-5
26	1.9523384835253426E-5	1.6683619768307473E-4	1.7748531668412205E-6	1.0116663050994958E-4	1.0471633684363201E-4
27	1.9523384835253426E-5	1.6683619768307473E-4	1.7748531668412205E-6	1.0116663050994958E-4	1.1536545584467934E-4
28	1.9523384835253426E-5	1.6683619768307473E-4	1.7748531668412205E-6	1.0294148367679079E-4	1.4553795968098008E-4
29	1.9523384835253426E-5	1.6861105084991596E-4	1.7748531668412205E-6	1.0294148367679079E-4	1.5796193184886863E-4
30	1.9523384835253426E-5	1.7038590401675718E-4	1.7748531668412205E-6	1.0294148367679079E-4	1.5973678501570986E-4
31	1.9523384835253426E-5	1.7216075718359838E-4	1.7748531668412205E-6	1.0294148367679079E-4	1.650613445162335E-4
32	1.9523384835253426E-5	1.739356103504396E-4	1.7748531668412205E-6	1.0471633684363201E-4	1.7748531668412205E-4
33	1.9523384835253426E-5	1.7571046351728083E-4	1.7748531668412205E-6	1.0649119001047324E-4	1.810350230178045E-4
34	1.9523384835253426E-5	1.828098761846457E-4	1.7748531668412205E-6	1.0649119001047324E-4	1.828098761846457E-4
35	1.9523384835253426E-5	1.8635958251832815E-4	1.7748531668412205E-6	1.0826604317731445E-4	1.8458472935148693E-4
36	1.9523384835253426E-5	1.9345899518569303E-4	1.7748531668412205E-6	1.0826604317731445E-4	1.8813443568516938E-4
37	1.9523384835253426E-5	2.0055840785305793E-4	1.7748531668412205E-6	1.1004089634415567E-4	1.8813443568516938E-4
38	1.9523384835253426E-5	2.1298238002094648E-4	1.7748531668412205E-6	1.1536545584467934E-4	1.8813443568516938E-4
39	1.9523384835253426E-5	2.2895605852251745E-4	1.7748531668412205E-6	1.1714030901152055E-4	1.9168414201885183E-4
40	1.9523384835253426E-5	2.325057648561999E-4	1.7748531668412205E-6	1.1714030901152055E-4	1.9523384835253425E-4
41	1.9523384835253426E-5	2.3960517752356477E-4	1.7748531668412205E-6	1.2423972167888543E-4	1.987835546862167E-4
42	1.9523384835253426E-5	2.449297370240884E-4	1.7748531668412205E-6	1.2778942801256789E-4	1.987835546862167E-4
43	1.9523384835253426E-5	2.502542965246121E-4	1.7748531668412205E-6	1.295642811794091E-4	2.0055840785305793E-4
44	2.1298238002094648E-5	2.57353709191977E-4	1.7748531668412205E-6	1.313391343462503E-4	2.0055840785305793E-4
45	2.1298238002094648E-5	2.6445312185934184E-4	1.7748531668412205E-6	1.313391343462503E-4	2.0055840785305793E-4
46	2.1298238002094648E-5	2.7332738769354797E-4	1.7748531668412205E-6	1.313391343462503E-4	2.0233326101989915E-4
47	2.1298238002094648E-5	2.8220165352775404E-4	1.7748531668412205E-6	1.3488884067993276E-4	2.0410811418674035E-4
48	2.1298238002094648E-5	2.8930106619511894E-4	1.7748531668412205E-6	1.3488884067993276E-4	2.0588296735358157E-4
49	2.1298238002094648E-5	2.9640047886248384E-4	1.7748531668412205E-6	1.3488884067993276E-4	2.0588296735358157E-4
50	2.1298238002094648E-5	2.999501851961663E-4	3.549706333682441E-6	1.3488884067993276E-4	2.076578205204228E-4
51	2.1298238002094648E-5	3.0172503836300746E-4	3.549706333682441E-6	1.384385470136152E-4	2.076578205204228E-4
52	2.1298238002094648E-5	3.176987168645785E-4	3.549706333682441E-6	1.4021340018045643E-4	2.0943267368726402E-4
53	2.1298238002094648E-5	3.194735700314197E-4	3.549706333682441E-6	1.4021340018045643E-4	2.0943267368726402E-4
54	2.1298238002094648E-5	3.230232763651021E-4	3.549706333682441E-6	1.4021340018045643E-4	2.0943267368726402E-4
55	2.1298238002094648E-5	3.230232763651021E-4	3.549706333682441E-6	1.4021340018045643E-4	2.1830693952147012E-4
56	2.1298238002094648E-5	3.283478358656258E-4	3.549706333682441E-6	1.4908766601466253E-4	2.2008179268831135E-4
57	2.1298238002094648E-5	3.3367239536614946E-4	3.549706333682441E-6	1.561870786820274E-4	2.2185664585515257E-4
58	2.1298238002094648E-5	3.5142092703456166E-4	3.549706333682441E-6	1.561870786820274E-4	2.342806180230411E-4
59	2.1298238002094648E-5	3.602951928687678E-4	3.549706333682441E-6	1.650613445162335E-4	2.41380030690406E-4
60	2.1298238002094648E-5	3.602951928687678E-4	3.549706333682441E-6	1.739356103504396E-4	2.41380030690406E-4
61	2.1298238002094648E-5	3.656197523692914E-4	3.549706333682441E-6	1.7571046351728083E-4	2.449297370240884E-4
62	2.1298238002094648E-5	3.6916945870297385E-4	3.549706333682441E-6	1.7748531668412205E-4	2.5380400285829455E-4
63	2.1298238002094648E-5	3.8336828403770366E-4	3.549706333682441E-6	1.828098761846457E-4	2.591285623588182E-4
64	2.1298238002094648E-5	3.8336828403770366E-4	3.549706333682441E-6	1.8635958251832815E-4	2.6622797502618307E-4
65	2.3073091168935866E-5	3.9401740303875095E-4	5.324559500523662E-6	1.8813443568516938E-4	2.680028281930243E-4
>>END_MODULE
