##FastQC	0.11.7
>>Basic Statistics	pass
#Measure	Value
Filename	SRR1120296_1_val_1.fq.gz
File type	Conventional base calls
Encoding	Sanger / Illumina 1.9
Total Sequences	28474559
Sequences flagged as poor quality	0
Sequence length	20-76
%GC	50
>>END_MODULE
>>Per base sequence quality	pass
#Base	Mean	Median	Lower Quartile	Upper Quartile	10th Percentile	90th Percentile
1	31.8605522916088	33.0	31.0	34.0	30.0	34.0
2	32.20040946024836	34.0	31.0	34.0	30.0	34.0
3	31.47457047534959	34.0	31.0	34.0	27.0	34.0
4	35.44950272978767	37.0	35.0	37.0	32.0	37.0
5	35.484198438332264	37.0	35.0	37.0	33.0	37.0
6	35.54342218258762	37.0	35.0	37.0	33.0	37.0
7	35.590251353848885	37.0	35.0	37.0	33.0	37.0
8	35.61339492562466	37.0	35.0	37.0	33.0	37.0
9	37.2587240420475	39.0	37.0	39.0	33.0	39.0
10-11	37.3010380248558	39.0	37.0	39.0	33.5	39.0
12-13	37.28126514619594	39.0	37.0	39.0	33.0	39.0
14-15	38.68042483116244	41.0	38.0	41.0	34.0	41.0
16-17	38.66371057757207	41.0	38.0	41.0	34.0	41.0
18-19	38.6625116476782	41.0	38.0	41.0	34.0	41.0
20-21	38.65974975651489	41.0	38.0	41.0	34.0	41.0
22-23	38.62669069384369	40.0	38.0	41.0	34.0	41.0
24-25	38.59016898124952	40.5	38.0	41.0	34.0	41.0
26-27	38.532270533706196	40.0	38.0	41.0	33.5	41.0
28-29	38.481077121751596	40.0	38.0	41.0	33.0	41.0
30-31	38.42048186479803	40.0	38.0	41.0	33.0	41.0
32-33	38.360099956738	40.0	38.0	41.0	33.0	41.0
34-35	38.298409146322754	40.0	38.0	41.0	33.0	41.0
36-37	38.231727390690395	40.0	38.0	41.0	33.0	41.0
38-39	38.14688128078484	40.0	38.0	41.0	33.0	41.0
40-41	38.06357083672569	40.0	37.0	41.0	33.0	41.0
42-43	37.97260592116214	40.0	37.0	41.0	33.0	41.0
44-45	37.87638550533971	40.0	37.0	41.0	32.0	41.0
46-47	37.78171872263011	40.0	36.5	41.0	32.0	41.0
48-49	37.65171090323253	40.0	36.0	41.0	32.0	41.0
50-51	37.5233608002019	40.0	36.0	41.0	32.0	41.0
52-53	37.38060966405716	39.0	35.0	41.0	32.0	41.0
54-55	37.20736639552629	39.0	35.0	41.0	31.0	41.0
56-57	37.02612743246718	39.0	35.0	41.0	31.0	41.0
58-59	36.824164157946825	38.5	35.0	41.0	31.0	41.0
60-61	36.61231939720081	38.0	35.0	40.5	31.0	41.0
62-63	36.37150344729112	37.0	35.0	40.0	31.0	41.0
64-65	36.13271740315346	37.0	35.0	40.0	31.0	41.0
66-67	35.88625322952591	36.0	35.0	39.0	31.0	41.0
68-69	35.66606766307916	36.0	34.0	39.0	31.0	41.0
70-71	35.48534045725164	35.0	34.0	39.0	31.0	41.0
72-73	35.31497961777421	35.0	34.0	37.5	31.0	40.0
74-75	35.23163260695349	35.0	34.0	37.0	31.0	39.5
76	34.660818763963086	35.0	34.0	36.0	30.0	39.0
>>END_MODULE
>>Per sequence quality scores	pass
#Quality	Count
13	7.0
14	39.0
15	117.0
16	215.0
17	271.0
18	373.0
19	1156.0
20	11841.0
21	35699.0
22	69295.0
23	107492.0
24	147160.0
25	191308.0
26	236893.0
27	287535.0
28	339392.0
29	401139.0
30	474757.0
31	567629.0
32	686598.0
33	851545.0
34	1104726.0
35	1519030.0
36	2290202.0
37	3738733.0
38	5726633.0
39	7517704.0
40	2167070.0
>>END_MODULE
>>Per base sequence content	fail
#Base	G	A	T	C
1	26.444037025248846	12.828866450906862	15.871443264880627	44.85565325896366
2	23.448009554098185	20.801664135378523	33.46705348050803	22.283272830015267
3	27.80143923286804	22.882191287022266	23.824206394960168	25.492163085149528
4	27.597003666572384	29.89976652563744	18.74840091772424	23.75482889006594
5	28.481302937116414	31.054925124236103	20.303309895877156	20.160462042770323
6	22.589799627472548	32.97765133888184	20.949039729926554	23.483509303719053
7	20.127736355714177	16.065145653830992	39.28819673888812	24.518921251566724
8	21.47366564059214	20.706003161266906	26.646646574209893	31.173684623931063
9	21.991196977396587	20.500322729251764	29.263509154206268	28.24497113914538
10-11	26.266740464678044	29.170429317179273	20.02353409448804	24.539296123654648
12-13	23.834193469394364	23.123395428617858	27.056817491831897	25.985593610155878
14-15	24.254362291206373	24.557592051364573	26.060793063638556	25.1272525937905
16-17	25.148357575296377	24.718730595126658	24.959536528049263	25.173375301527706
18-19	25.058878421262765	25.10536263322655	24.695680233017807	25.140078712492876
20-21	24.95190914760318	25.052605860517424	25.000514206818636	24.99497078506076
22-23	24.974163209003702	25.203886067094228	25.058666771140476	24.763283952761597
24-25	24.88478024134341	25.204912323508292	25.1101910087711	24.8001164263772
26-27	24.79408961210505	25.210955519821454	25.145321275620592	24.849633592452903
28-29	24.934227035550954	25.058733490557355	25.05463014061523	24.95240933327646
30-31	24.69543352613695	25.19592849587134	25.16596031068083	24.94267766731089
32-33	24.755501187964118	25.225025408457775	25.093479751579324	24.925993651998784
34-35	25.091637101807528	25.180420043323853	24.838385603523594	24.889557251345025
36-37	24.941264359382593	25.13370739030955	24.975669500316723	24.94935874999113
38-39	24.840706020570636	25.1753192562323	25.128440029424937	24.85553469377213
40-41	24.962813623202667	25.083731648787776	25.067944000514515	24.885510727495046
42-43	24.7348432237693	25.147810382977394	25.210912331841513	24.906434061411794
44-45	24.78973127761241	25.18931170686723	25.217684829004362	24.803272186515997
46-47	24.902529105887044	25.135438192572764	25.054649467460276	24.90738323407992
48-49	24.795600818312167	25.108695409764024	25.13831743236315	24.957386339560657
50-51	24.804319705038854	25.172520738070542	25.126428591163712	24.896730965726892
52-53	24.90671250996574	25.201942969291736	24.987247648271556	24.90409687247097
54-55	24.772108827552692	25.189771344529667	25.087259285178966	24.950860542738674
56-57	24.780203716443086	25.08743951344674	25.223741517881002	24.908615252229165
58-59	24.85100913559404	25.12671242062466	25.086235636168148	24.93604280761316
60-61	24.74149158885991	25.13524002948495	25.196397051801036	24.926871329854105
62-63	24.676303151660026	25.22291644297678	25.28902121874762	24.811759186615582
64-65	24.79496695682358	25.150143007957222	25.17733920236435	24.877550832854848
66-67	24.740201145487248	25.174827367373915	25.164123446395685	24.92084804074315
68-69	24.769887171464546	25.22429571655852	25.178591929320167	24.82722518265677
70-71	24.76495266008649	25.133985162001192	25.206436356817807	24.894625821094508
72-73	24.68545183803859	24.989860928393064	25.317714231428145	25.006973002140203
74-75	25.052764675386456	20.91899154760492	27.1995963585124	26.828647418496214
76	26.023789820759834	0.0	36.71096361110949	37.26524656813067
>>END_MODULE
>>Per sequence GC content	pass
#GC Content	Count
0	1376.0
1	1273.5
2	1237.0
3	1320.0
4	1372.5
5	1505.5
6	1724.5
7	1956.5
8	2213.0
9	2574.0
10	3007.5
11	3489.5
12	3948.5
13	4650.0
14	5809.5
15	7470.0
16	9442.5
17	11510.0
18	15624.0
19	22584.0
20	30692.5
21	38555.5
22	51922.5
23	73985.5
24	97312.0
25	118102.5
26	151616.5
27	200081.0
28	246709.5
29	284976.5
30	337139.5
31	406098.0
32	472373.5
33	524425.0
34	581318.5
35	652054.0
36	707715.5
37	746907.5
38	796150.0
39	871289.5
40	938568.0
41	990875.0
42	1027217.0
43	1060183.5
44	1101445.5
45	1133941.5
46	1149484.0
47	1159653.5
48	1171541.5
49	1177556.0
50	1179865.5
51	1179394.0
52	1172256.5
53	1155358.5
54	1142158.0
55	1134567.5
56	1128680.5
57	1107045.0
58	1080498.5
59	1050284.5
60	1011903.0
61	961394.0
62	913438.0
63	857566.5
64	778379.5
65	699046.5
66	603822.5
67	532958.0
68	477824.5
69	404362.5
70	329254.5
71	276709.0
72	240191.0
73	194833.5
74	151935.5
75	125488.0
76	107242.0
77	84455.0
78	64145.5
79	51949.5
80	43554.0
81	33534.5
82	25079.0
83	19391.5
84	14904.0
85	9772.5
86	6074.0
87	4282.5
88	3153.5
89	2017.0
90	1369.5
91	1036.5
92	855.5
93	590.5
94	317.0
95	208.5
96	167.0
97	156.5
98	94.0
99	30.0
100	28.0
>>END_MODULE
>>Per base N content	pass
#Base	N-Count
1	0.12042679923506454
2	0.0032098828993277822
3	0.0032239305268959564
4	0.114010545343301
5	0.0351471641755716
6	0.027856445467689245
7	0.03179329309367004
8	0.026307694528298054
9	0.028000433650263026
10-11	0.03327180589522036
12-13	0.025498199989682016
14-15	0.022395430250561565
16-17	0.01666575415619255
18-19	0.01264988862514078
20-21	0.012973366295436725
22-23	0.010168640380549678
24-25	0.00843154749499146
26-27	0.0076780096909085365
28-29	0.004908274722231907
30-31	0.0052357372626980125
32-33	0.005128033401661804
34-35	0.008261360391058695
36-37	0.005571107321004691
38-39	0.006036682303882088
40-41	0.00412544151624413
42-43	0.0024669681577639104
44-45	0.0020543055950853753
46-47	0.00213398953333354
48-49	0.0011525390622874393
50-51	0.0022142183520600387
52-53	0.0013051162544388051
54-55	9.058130399374404E-4
56-57	0.0012635374422001267
58-59	7.04330718831285E-4
60-61	5.45332467807643E-4
62-63	0.0010718893364067106
64-65	8.808627020374391E-4
66-67	4.5207091315590153E-4
68-69	6.316937219256771E-4
70-71	2.6523985308364535E-4
72-73	1.2873218148379362E-4
74-75	0.0
76	0.0
>>END_MODULE
>>Sequence Length Distribution	warn
#Length	Count
20-21	19308.0
22-23	20746.0
24-25	22789.0
26-27	24482.0
28-29	26975.0
30-31	28244.0
32-33	29711.0
34-35	32165.0
36-37	33714.0
38-39	36068.0
40-41	38581.0
42-43	39865.0
44-45	41560.0
46-47	43783.0
48-49	46208.0
50-51	49027.0
52-53	52205.0
54-55	55557.0
56-57	60567.0
58-59	65860.0
60-61	72367.0
62-63	82054.0
64-65	95959.0
66-67	115445.0
68-69	147031.0
70-71	245681.0
72-73	1136778.0
74-75	9835332.0
76-77	1.5976497E7
>>END_MODULE
>>Sequence Duplication Levels	pass
#Total Deduplicated Percentage	81.24029798442868
#Duplication Level	Percentage of deduplicated	Percentage of total
1	90.25226879519569	73.32121210692452
2	6.885462442588031	11.187540411928873
3	1.534005856565631	3.738692786917518
4	0.5382340344382501	1.7490517337249873
5	0.2526947097726437	1.0264496760509147
6	0.13149324930801434	0.6409530454034312
7	0.08385523380658004	0.47686969274003493
8	0.05362812692825721	0.34854120095987035
9	0.03630492741181377	0.2654480809114923
>10	0.19690734272360155	2.9956410285830244
>50	0.019278599819257954	1.0943555879087015
>100	0.01455290177388384	2.3248464666733875
>500	0.0011245128000858112	0.6208935098665038
>1k	1.8926686840948638E-4	0.2095046714067936
>5k	0.0	0.0
>10k+	0.0	0.0
>>END_MODULE
>>Overrepresented sequences	pass
>>END_MODULE
>>Adapter Content	pass
#Position	Illumina Universal Adapter	Illumina Small RNA 3' Adapter	Illumina Small RNA 5' Adapter	Nextera Transposase Sequence	SOLID Small RNA Adapter
1	0.0	1.0535720676130577E-5	0.0	1.0535720676130577E-5	0.0
2	0.0	4.565478959656583E-5	3.5119068920435254E-6	7.023813784087051E-5	3.5119068920435254E-6
3	0.0	4.565478959656583E-5	3.5119068920435254E-6	7.726195162495756E-5	7.023813784087051E-6
4	0.0	4.565478959656583E-5	3.5119068920435254E-6	8.779767230108815E-5	7.023813784087051E-6
5	0.0	4.916669648860936E-5	3.5119068920435254E-6	9.130957919313166E-5	7.023813784087051E-6
6	0.0	4.916669648860936E-5	3.5119068920435254E-6	1.0184529986926225E-4	7.023813784087051E-6
7	0.0	6.321432405678346E-5	3.5119068920435254E-6	1.1940483432947986E-4	7.023813784087051E-6
8	0.0	7.375004473291403E-5	3.5119068920435254E-6	1.4398818257378455E-4	7.023813784087051E-6
9	0.0	7.375004473291403E-5	3.5119068920435254E-6	1.510119963578716E-4	7.023813784087051E-6
10	0.0	7.726195162495756E-5	3.5119068920435254E-6	1.5452390324991513E-4	7.023813784087051E-6
11	0.0	8.077385851700108E-5	3.5119068920435254E-6	1.5803581014195865E-4	7.023813784087051E-6
12	0.0	8.428576540904461E-5	3.5119068920435254E-6	1.650596239260457E-4	7.023813784087051E-6
13	0.0	9.130957919313166E-5	3.5119068920435254E-6	1.6857153081808923E-4	7.023813784087051E-6
14	0.0	1.0184529986926225E-4	3.5119068920435254E-6	1.7208343771013275E-4	7.023813784087051E-6
15	0.0	1.088691136533493E-4	3.5119068920435254E-6	2.07202506630568E-4	7.023813784087051E-6
16	0.0	1.1589292743743635E-4	3.5119068920435254E-6	2.1071441352261153E-4	7.023813784087051E-6
17	0.0	1.1940483432947986E-4	3.5119068920435254E-6	2.2476204109078563E-4	1.0535720676130577E-5
18	0.0	1.1940483432947986E-4	3.5119068920435254E-6	2.352977617669162E-4	1.0535720676130577E-5
19	0.0	1.2642864811356693E-4	3.5119068920435254E-6	2.3880966865895973E-4	1.0535720676130577E-5
20	0.0	1.2642864811356693E-4	3.5119068920435254E-6	2.458334824430468E-4	1.0535720676130577E-5
21	0.0	1.3345246189765396E-4	3.5119068920435254E-6	2.458334824430468E-4	1.0535720676130577E-5
22	0.0	1.369643687896975E-4	3.5119068920435254E-6	2.458334824430468E-4	1.4047627568174102E-5
23	0.0	1.5452390324991513E-4	3.5119068920435254E-6	2.458334824430468E-4	1.4047627568174102E-5
24	0.0	1.5803581014195865E-4	3.5119068920435254E-6	2.5285729622713385E-4	1.755953446021763E-5
25	0.0	1.650596239260457E-4	3.5119068920435254E-6	2.5636920311917735E-4	1.755953446021763E-5
26	0.0	1.6857153081808923E-4	3.5119068920435254E-6	2.73928737579395E-4	2.1071441352261153E-5
27	0.0	1.7208343771013275E-4	3.5119068920435254E-6	2.8446445825552555E-4	2.1071441352261153E-5
28	0.0	1.791072514942198E-4	3.5119068920435254E-6	2.879763651475691E-4	2.458334824430468E-5
29	0.0	1.791072514942198E-4	3.5119068920435254E-6	3.055358996077867E-4	2.458334824430468E-5
30	0.0	1.8613106527830685E-4	3.5119068920435254E-6	3.0904780649983025E-4	2.458334824430468E-5
31	0.0	1.931548790623939E-4	3.5119068920435254E-6	3.0904780649983025E-4	2.8095255136348203E-5
32	0.0	1.9666678595443743E-4	3.5119068920435254E-6	3.0904780649983025E-4	2.8095255136348203E-5
33	0.0	2.0017869284648095E-4	3.5119068920435254E-6	3.0904780649983025E-4	3.160716202839173E-5
34	0.0	2.0017869284648095E-4	3.5119068920435254E-6	3.125597133918738E-4	3.160716202839173E-5
35	0.0	2.07202506630568E-4	3.5119068920435254E-6	3.125597133918738E-4	3.160716202839173E-5
36	0.0	2.1071441352261153E-4	3.5119068920435254E-6	3.160716202839173E-4	3.863097581247878E-5
37	0.0	2.1422632041465507E-4	3.5119068920435254E-6	3.2309543406800433E-4	3.863097581247878E-5
38	0.0	2.1422632041465507E-4	3.5119068920435254E-6	3.301192478520914E-4	3.863097581247878E-5
39	0.0	2.212501341987421E-4	3.5119068920435254E-6	3.336311547441349E-4	3.863097581247878E-5
40	0.0	2.212501341987421E-4	3.5119068920435254E-6	3.336311547441349E-4	3.863097581247878E-5
41	0.0	2.212501341987421E-4	3.5119068920435254E-6	3.40654968528222E-4	3.863097581247878E-5
42	0.0	2.212501341987421E-4	3.5119068920435254E-6	3.511906892043526E-4	3.863097581247878E-5
43	0.0	2.212501341987421E-4	3.5119068920435254E-6	3.547025960963961E-4	3.863097581247878E-5
44	0.0	2.2476204109078563E-4	3.5119068920435254E-6	3.6523831677252665E-4	3.863097581247878E-5
45	0.0	2.2476204109078563E-4	3.5119068920435254E-6	3.687502236645702E-4	3.863097581247878E-5
46	0.0	2.2827394798282917E-4	3.5119068920435254E-6	3.687502236645702E-4	3.863097581247878E-5
47	0.0	2.3880966865895973E-4	3.5119068920435254E-6	3.7577403744865724E-4	4.214288270452231E-5
48	0.0	2.5285729622713385E-4	3.5119068920435254E-6	3.792859443407008E-4	4.214288270452231E-5
49	0.0	2.5285729622713385E-4	3.5119068920435254E-6	3.863097581247878E-4	4.916669648860936E-5
50	0.0	2.5285729622713385E-4	3.5119068920435254E-6	3.9333357190887486E-4	4.916669648860936E-5
51	0.0	2.6690492379530793E-4	3.5119068920435254E-6	3.968454788009184E-4	4.916669648860936E-5
52	0.0	3.055358996077867E-4	3.5119068920435254E-6	4.0386929258500544E-4	4.916669648860936E-5
53	0.0	3.4767878231230904E-4	3.5119068920435254E-6	4.108931063690925E-4	4.916669648860936E-5
54	0.0	3.4767878231230904E-4	3.5119068920435254E-6	4.14405013261136E-4	4.916669648860936E-5
55	0.0	3.617264098804831E-4	3.5119068920435254E-6	4.3196454772135364E-4	4.916669648860936E-5
56	0.0	3.6523831677252665E-4	3.5119068920435254E-6	4.4601217528952776E-4	4.916669648860936E-5
57	0.0	3.687502236645702E-4	3.5119068920435254E-6	4.5654789596565835E-4	4.916669648860936E-5
58	0.0	3.687502236645702E-4	3.5119068920435254E-6	4.5654789596565835E-4	4.916669648860936E-5
59	0.0	3.722621305566137E-4	3.5119068920435254E-6	4.916669648860936E-4	4.916669648860936E-5
60	0.0	3.792859443407008E-4	3.5119068920435254E-6	5.197622200224418E-4	5.267860338065288E-5
61	0.0	3.827978512327443E-4	3.5119068920435254E-6	5.267860338065289E-4	5.970241716473993E-5
62	0.0	3.8982166501683136E-4	3.5119068920435254E-6	5.302979406985723E-4	5.970241716473993E-5
63	0.0	4.07381199477049E-4	3.5119068920435254E-6	5.40833661374703E-4	5.970241716473993E-5
64	0.0	4.3196454772135364E-4	3.5119068920435254E-6	5.4785747515879E-4	5.970241716473993E-5
65	0.0	4.425002683974842E-4	7.023813784087051E-6	5.513693820508335E-4	6.321432405678346E-5
>>END_MODULE
