##FastQC	0.11.7
>>Basic Statistics	pass
#Measure	Value
Filename	SRR815711_2.fastq.gz
File type	Conventional base calls
Encoding	Sanger / Illumina 1.9
Total Sequences	60563423
Sequences flagged as poor quality	0
Sequence length	76
%GC	50
>>END_MODULE
>>Per base sequence quality	fail
#Base	Mean	Median	Lower Quartile	Upper Quartile	10th Percentile	90th Percentile
1	28.20477115370444	31.0	30.0	34.0	10.0	34.0
2	28.32029636105608	31.0	30.0	34.0	10.0	34.0
3	28.428640517891466	31.0	30.0	34.0	10.0	34.0
4	31.639248610502086	35.0	33.0	37.0	10.0	37.0
5	31.591427964697438	35.0	33.0	37.0	10.0	37.0
6	31.557160400263374	36.0	33.0	37.0	10.0	37.0
7	31.5281282400435	36.0	33.0	37.0	10.0	37.0
8	31.49996464037378	36.0	33.0	37.0	10.0	37.0
9	32.79242386943684	38.0	33.0	39.0	10.0	39.0
10-11	32.80050879059461	38.0	33.0	39.0	10.0	39.0
12-13	32.67091866653574	38.0	33.0	39.0	8.0	39.0
14-15	33.63430586643031	39.0	33.0	41.0	8.0	41.0
16-17	33.56022471682289	39.0	33.0	41.0	4.0	41.0
18-19	33.497358281747054	39.0	33.0	41.0	2.0	41.0
20-21	33.40539625707748	39.0	33.0	41.0	2.0	41.0
22-23	33.25890713772899	39.0	33.0	41.0	2.0	41.0
24-25	33.13015479656755	39.0	32.5	41.0	2.0	41.0
26-27	32.89201321233115	38.0	32.0	40.5	2.0	41.0
28-29	32.769207694882105	38.0	32.0	40.0	2.0	41.0
30-31	32.62905561001729	38.0	32.0	40.0	2.0	41.0
32-33	32.472116197923626	38.0	31.5	40.0	2.0	41.0
34-35	32.31985356904282	38.0	31.0	40.0	2.0	41.0
36-37	32.18004614765582	38.0	31.0	40.0	2.0	41.0
38-39	32.03095415363164	38.0	31.0	40.0	2.0	41.0
40-41	31.9143273903128	38.0	31.0	40.0	2.0	41.0
42-43	31.821349075662383	38.0	31.0	40.0	2.0	41.0
44-45	31.736454650193732	38.0	30.5	40.0	2.0	41.0
46-47	31.5659657314944	38.0	30.0	40.0	2.0	41.0
48-49	31.39356616286368	38.0	30.0	40.0	2.0	41.0
50-51	30.525396145458952	36.0	29.0	39.5	2.0	40.5
52-53	30.538651522388356	36.5	29.0	39.5	2.0	40.5
54-55	30.80980512775838	37.0	29.5	40.0	2.0	41.0
56-57	30.625357676695387	36.0	29.0	40.0	2.0	41.0
58-59	30.323235412238837	36.0	29.0	40.0	2.0	41.0
60-61	29.96057170513628	35.5	28.0	39.0	2.0	41.0
62-63	29.56416183741794	35.0	28.0	39.0	2.0	41.0
64-65	29.16242219334267	35.0	27.5	39.0	2.0	40.5
66-67	28.71910213034029	35.0	26.5	38.0	2.0	40.0
68-69	28.24520219076785	34.5	26.0	37.0	2.0	40.0
70-71	27.749429742437115	34.0	25.5	37.0	2.0	39.0
72-73	27.195976043163874	34.0	24.5	36.0	2.0	39.0
74-75	26.57304744812723	34.0	21.5	36.0	2.0	39.0
76	24.876343647220864	32.0	2.0	35.0	2.0	37.0
>>END_MODULE
>>Per sequence quality scores	pass
#Quality	Count
2	5184118.0
3	333499.0
4	257187.0
5	204761.0
6	177684.0
7	172255.0
8	173417.0
9	181666.0
10	194510.0
11	209362.0
12	225982.0
13	240963.0
14	251268.0
15	258206.0
16	262395.0
17	270534.0
18	283320.0
19	298874.0
20	323197.0
21	357518.0
22	403572.0
23	461972.0
24	532472.0
25	617670.0
26	717543.0
27	832554.0
28	962930.0
29	1119107.0
30	1313593.0
31	1556331.0
32	1870972.0
33	2308945.0
34	2926814.0
35	3800391.0
36	5121561.0
37	7077227.0
38	9243633.0
39	9052273.0
40	783147.0
>>END_MODULE
>>Per base sequence content	fail
#Base	G	A	T	C
1	31.737924294851698	11.809154932742022	15.96890819792472	40.484012574481554
2	24.618882696364693	20.886635913806348	30.658174224105096	23.836307165723863
3	28.50752263569955	23.018319588774887	22.11128967364377	26.36286810188179
4	28.65098457103193	29.41530156884282	18.6740022033667	23.259711656758547
5	28.366394443452535	30.305062658555155	20.790848616624395	20.53769428136792
6	23.088538242193575	32.88399892733669	21.056246924403276	22.971215906066465
7	20.285206608181984	16.60818591622616	38.55080864006886	24.555798835523
8	22.463584437437294	21.58127952539642	26.163586050794457	29.79154998637183
9	22.550046490672994	20.629210925569694	28.70322731800629	28.117515265751024
10-11	26.420383317207936	28.840017735326157	20.228312849408724	24.511286098057187
12-13	24.158426143347043	22.771741732019386	26.772932668179273	26.296899456454298
14-15	24.379998929645176	24.44767971925956	26.198865016082152	24.973456335013108
16-17	25.059166436690113	24.616424184551587	25.103811001202658	25.220598377555643
18-19	24.9689256889514	24.813279120924474	25.010381145871126	25.207414044253003
20-21	24.83671390077046	25.02898160780743	25.206689385197688	24.927615106224422
22-23	25.05229910188848	25.139038367841366	24.92338916465577	24.885273365614385
24-25	24.98473652258324	25.099946424238595	24.890748554449367	25.0245684987288
26-27	24.984529734049058	25.34639294743088	24.80156654229274	24.86751077622732
28-29	25.085641556768373	24.991099420758395	24.84541030621317	25.07784871626006
30-31	24.66437845291073	25.06815710416317	25.17352677888256	25.09393766404354
32-33	24.715971057793077	25.140859923571558	25.10125298578761	25.041916032847762
34-35	25.094596934275177	25.072672205906123	24.813070377085555	25.019660482733148
36-37	25.012872305312673	25.08130553967105	24.971308325814768	24.93451382920151
38-39	24.697224981177598	25.17137330579785	24.978899097921158	25.152502615103394
40-41	24.973307271210228	24.978715398976252	24.92372976930948	25.12424756050404
42-43	24.81180043912974	24.99116409891789	25.159148007689918	25.037887454262453
44-45	24.732838183368667	25.156819267659706	25.218008697278865	24.892333851692758
46-47	25.010724120501365	24.9771232465395	25.05643737557254	24.955715257386597
48-49	24.798127954065304	24.989918941232308	25.137081507629105	25.074871597073283
50-51	24.84474169147155	25.059670383077627	25.18175110489161	24.91383682055922
52-53	24.776238598608494	25.073196530913506	25.11087237863649	25.03969249184151
54-55	24.729923639549483	25.04659213501591	25.195228180639567	25.02825604479504
56-57	24.705219557347252	25.036831196609132	25.261775212310706	24.99617403373291
58-59	24.79652732547471	25.028355676387555	25.118955202927175	25.056161795210564
60-61	24.759363184334525	25.0394459353577	25.17419688167842	25.026993998629354
62-63	24.557285990253387	25.159566953228556	25.37510286990004	24.90804418661802
64-65	24.74249596372599	25.10047425952566	25.206629663051977	24.950400113696368
66-67	24.64435275709029	25.117573661367317	25.201062174703615	25.037011406838776
68-69	24.650956996044147	25.215615112243846	25.188562833396716	24.94486505831529
70-71	24.783039016219412	25.193552466431118	25.075681134910845	24.947727382438625
72-73	24.59696026130296	25.29317640966631	25.17729820630773	24.93256512272301
74-75	24.730803753352408	25.41356785282613	25.20691189800093	24.648716495820537
76	25.153942646502642	24.872415250684103	25.057858339565424	24.915783763247827
>>END_MODULE
>>Per sequence GC content	warn
#GC Content	Count
0	1268604.0
1	733924.0
2	137899.5
3	56277.5
4	36000.0
5	34109.0
6	33554.5
7	36473.0
8	38055.0
9	38168.0
10	38655.5
11	38679.5
12	38329.0
13	36432.0
14	32758.5
15	30060.5
16	29630.5
17	30122.0
18	33040.0
19	41137.0
20	55177.5
21	64039.0
22	76665.5
23	108588.0
24	150244.0
25	172604.0
26	207629.5
27	282285.5
28	371061.5
29	420207.0
30	489948.0
31	621053.5
32	773404.5
33	864391.0
34	925074.0
35	1064050.0
36	1223019.0
37	1303695.0
38	1383030.5
39	1614484.5
40	1868091.5
41	2149297.5
42	2329015.0
43	2426315.5
44	2542628.0
45	2590195.5
46	2618751.0
47	2671678.5
48	2736216.5
49	2751326.5
50	2754826.0
51	2816581.0
52	2817035.0
53	2736555.5
54	2717377.0
55	2708775.0
56	2602000.5
57	2381544.5
58	2259261.0
59	2150056.5
60	1955307.5
61	1726675.5
62	1583588.0
63	1468975.0
64	1236678.0
65	1038041.5
66	873755.0
67	790421.0
68	717971.0
69	572342.0
70	440230.5
71	381298.0
72	336028.5
73	252413.5
74	186862.0
75	159656.0
76	138160.5
77	100252.0
78	72488.5
79	61138.0
80	52540.5
81	38112.5
82	27077.5
83	21873.0
84	17816.5
85	11197.0
86	7082.0
87	5530.0
88	4524.0
89	2939.5
90	2109.5
91	1509.0
92	1160.0
93	997.5
94	744.5
95	551.0
96	448.0
97	376.0
98	261.5
99	199.5
100	180.0
>>END_MODULE
>>Per base N content	pass
#Base	N-Count
1	2.6280020533185517
2	2.960100191166539
3	3.111320177526954
4	3.0915194473073293
5	3.201777416048627
6	3.288215727172488
7	3.4627765342787837
8	3.285659728975358
9	3.407200085107475
10-11	3.0864619392467296
12-13	3.2292552222485837
14-15	3.230810616500326
16-17	3.2057385527895277
18-19	3.2614363623403517
20-21	3.2602863282678065
22-23	3.288966180131529
24-25	3.2462316405068448
26-27	3.425515595444465
28-29	3.3924609908525154
30-31	3.3886476330771464
32-33	3.340587271627629
34-35	3.5498794379571312
36-37	3.39484114033647
38-39	3.4013929496686477
40-41	3.5980091481949423
42-43	3.4818325906050585
44-45	3.5886941198815663
46-47	3.6012049715221677
48-49	3.577702336936933
50-51	3.4898489802995445
52-53	3.1501001850572417
54-55	3.295498175524194
56-57	3.3235481092275783
58-59	3.291723620047037
60-61	3.3259315610347846
62-63	3.335042670887344
64-65	3.384352961687783
66-67	3.371011575749277
68-69	3.3709306688296006
70-71	3.320514925320519
72-73	3.3988501607645265
74-75	3.3920506771884407
76	3.5158564270715016
>>END_MODULE
>>Sequence Length Distribution	pass
#Length	Count
76	6.0563423E7
>>END_MODULE
>>Sequence Duplication Levels	warn
#Total Deduplicated Percentage	59.661111412879855
#Duplication Level	Percentage of deduplicated	Percentage of total
1	90.74848924380589	54.14155727325232
2	6.023258695625953	7.187086162166747
3	1.5449518663717787	2.7652063628143004
4	0.6184977648097949	1.4760105621973734
5	0.29929191472586547	0.8928044134716999
6	0.1707622574014299	0.6112719638364946
7	0.11066508613627253	0.46216814234444703
8	0.07531755511911732	0.3594823237845903
9	0.0511128813444845	0.2744506177673938
>10	0.28321230184145874	3.1141244500953085
>50	0.02349245020971015	0.9823546230530321
>100	0.032149615171954346	4.411487503265061
>500	0.009830638146061443	4.231567983541825
>1k	0.008619051001965415	9.56613034857991
>5k	2.724049127702887E-4	1.0031307034820522
>10k+	7.627337557568082E-5	8.521166566347626
>>END_MODULE
>>Overrepresented sequences	fail
#Sequence	Count	Percentage	Possible Source
NNNNNNNNNNNNNNNNNNNNNNNNNNNNNNNNNNNNNNNNNNNNNNNNNN	1191952	1.9681054024968174	No Hit
>>END_MODULE
>>Adapter Content	pass
#Position	Illumina Universal Adapter	Illumina Small RNA 3' Adapter	Illumina Small RNA 5' Adapter	Nextera Transposase Sequence	SOLID Small RNA Adapter
1	3.632555577316031E-5	3.302323252105483E-6	0.0	1.6511616260527415E-6	1.6511616260527415E-6
2	6.439530341605691E-5	1.6511616260527416E-5	0.0	1.6511616260527416E-5	6.604646504210966E-6
3	1.7337197073553784E-4	1.6511616260527416E-5	0.0	1.6511616260527416E-5	1.3209293008421932E-5
4	4.474648006602929E-4	1.6511616260527416E-5	0.0	1.9813939512632898E-5	1.3209293008421932E-5
5	5.399298517192464E-4	1.9813939512632898E-5	0.0	1.9813939512632898E-5	1.4860454634474673E-5
6	6.720227818034658E-4	1.9813939512632898E-5	0.0	1.9813939512632898E-5	1.8162777886580155E-5
7	7.66138994488472E-4	2.9720909268949346E-5	0.0	2.1465101138685638E-5	2.311626276473838E-5
8	9.510690966063791E-4	3.302323252105483E-5	0.0	2.8069747642896603E-5	2.476742439079112E-5
9	0.0012086503102706066	3.467439414710757E-5	0.0	3.1372070895002085E-5	2.8069747642896603E-5
10	0.0016511616260527415	3.9627879025265797E-5	0.0	3.1372070895002085E-5	2.8069747642896603E-5
11	0.002032579961670925	4.1279040651318536E-5	0.0	3.1372070895002085E-5	2.9720909268949346E-5
12	0.0025130679948522725	4.1279040651318536E-5	0.0	3.302323252105483E-5	3.1372070895002085E-5
13	0.003275904666088639	4.1279040651318536E-5	0.0	3.797671739921305E-5	3.1372070895002085E-5
14	0.003805927548051569	4.1279040651318536E-5	0.0	3.797671739921305E-5	3.1372070895002085E-5
15	0.004514275885628195	4.458136390342402E-5	0.0	4.953484878158224E-5	3.302323252105483E-5
16	0.005301879981255353	4.458136390342402E-5	0.0	5.6139495285793206E-5	3.467439414710757E-5
17	0.006130763117533829	4.78836871555295E-5	0.0	6.109298016395143E-5	3.9627879025265797E-5
18	0.00682425100047598	4.953484878158224E-5	0.0	6.109298016395143E-5	4.2930202277371276E-5
19	0.007714227116918408	5.118601040763499E-5	0.0	6.934878829421514E-5	4.2930202277371276E-5
20	0.00843743590912951	5.118601040763499E-5	0.0	7.099994992026788E-5	4.78836871555295E-5
21	0.009188714448983505	5.4488333659740466E-5	0.0	7.099994992026788E-5	4.953484878158224E-5
22	0.009760016371597754	5.4488333659740466E-5	0.0	7.430227317237336E-5	4.953484878158224E-5
23	0.010578992538119914	5.6139495285793206E-5	0.0	7.760459642447885E-5	5.118601040763499E-5
24	0.011279085067566277	5.6139495285793206E-5	0.0	7.760459642447885E-5	5.4488333659740466E-5
25	0.011957712495873954	5.779065691184595E-5	0.0	7.760459642447885E-5	5.6139495285793206E-5
26	0.012664409671824526	6.109298016395143E-5	0.0	8.090691967658433E-5	5.6139495285793206E-5
27	0.01336450220127089	6.274414179000417E-5	0.0	8.090691967658433E-5	5.779065691184595E-5
28	0.014001850588927247	6.439530341605691E-5	0.0	8.090691967658433E-5	5.779065691184595E-5
29	0.01466066407772229	6.439530341605691E-5	0.0	8.420924292868981E-5	5.944181853789869E-5
30	0.015223710192206277	6.604646504210966E-5	1.6511616260527415E-6	8.586040455474255E-5	6.439530341605691E-5
31	0.015844546963602105	6.76976266681624E-5	1.6511616260527415E-6	8.751156618079529E-5	6.439530341605691E-5
32	0.016476941866380306	6.76976266681624E-5	1.6511616260527415E-6	8.916272780684804E-5	6.604646504210966E-5
33	0.01711594141566272	6.76976266681624E-5	1.6511616260527415E-6	9.246505105895352E-5	7.265111154632062E-5
34	0.017654220105755913	6.934878829421514E-5	1.6511616260527415E-6	9.246505105895352E-5	7.265111154632062E-5
35	0.01829321965503832	6.934878829421514E-5	1.6511616260527415E-6	9.5767374311059E-5	7.760459642447885E-5
36	0.018831498345131516	7.265111154632062E-5	1.6511616260527415E-6	9.741853593711174E-5	7.760459642447885E-5
37	0.019465544409535768	7.59534347984261E-5	1.6511616260527415E-6	9.741853593711174E-5	7.925575805053159E-5
38	0.020121055575078706	7.925575805053159E-5	1.6511616260527415E-6	1.0072085918921723E-4	8.255808130263707E-5
39	0.020710520275579535	7.925575805053159E-5	1.6511616260527415E-6	1.0072085918921723E-4	8.420924292868981E-5
40	0.02130989194583668	7.925575805053159E-5	1.6511616260527415E-6	1.0072085918921723E-4	8.420924292868981E-5
41	0.021907612454467772	7.925575805053159E-5	1.6511616260527415E-6	1.0072085918921723E-4	8.751156618079529E-5
42	0.022520193417733342	7.925575805053159E-5	1.6511616260527415E-6	1.0567434406737545E-4	8.751156618079529E-5
43	0.023218634785553652	7.925575805053159E-5	1.6511616260527415E-6	1.0567434406737545E-4	8.916272780684804E-5
44	0.02388570408247896	7.925575805053159E-5	1.6511616260527415E-6	1.0732550569342819E-4	9.246505105895352E-5
45	0.024514796662005053	8.255808130263707E-5	1.6511616260527415E-6	1.0897666731948093E-4	9.411621268500626E-5
46	0.02514719156478325	8.255808130263707E-5	1.6511616260527415E-6	1.1062782894553367E-4	9.5767374311059E-5
47	0.025847284094229615	8.586040455474255E-5	1.6511616260527415E-6	1.1227899057158641E-4	9.5767374311059E-5
48	0.026527562684163345	8.751156618079529E-5	3.302323252105483E-6	1.155813138236919E-4	9.5767374311059E-5
49	0.027339934204181293	8.751156618079529E-5	3.302323252105483E-6	1.1888363707579738E-4	9.741853593711174E-5
50	0.028183677795094245	8.751156618079529E-5	3.302323252105483E-6	1.2053479870185012E-4	1.0237202081526997E-4
51	0.028974584213973507	8.916272780684804E-5	3.302323252105483E-6	1.2218596032790286E-4	1.0237202081526997E-4
52	0.02988107194667646	8.916272780684804E-5	3.302323252105483E-6	1.2548828358000834E-4	1.0567434406737545E-4
53	0.030871768922308106	9.5767374311059E-5	3.302323252105483E-6	1.2713944520606108E-4	1.0567434406737545E-4
54	0.03182779150379264	9.906969756316448E-5	3.302323252105483E-6	1.2879060683211382E-4	1.0567434406737545E-4
55	0.03283995358056298	1.0567434406737545E-4	3.302323252105483E-6	1.304417684581666E-4	1.0732550569342819E-4
56	0.03386862727359383	1.0567434406737545E-4	3.302323252105483E-6	1.3209293008421933E-4	1.1227899057158641E-4
57	0.03502939389670891	1.0897666731948093E-4	3.302323252105483E-6	1.3374409171027207E-4	1.1227899057158641E-4
58	0.03626776511624846	1.1062782894553367E-4	3.302323252105483E-6	1.3704641496237754E-4	1.1393015219763916E-4
59	0.037781880327338827	1.1062782894553367E-4	3.302323252105483E-6	1.436510614665885E-4	1.1393015219763916E-4
60	0.03950239074168579	1.1227899057158641E-4	3.302323252105483E-6	1.4530222309264124E-4	1.1888363707579738E-4
61	0.041554784642869345	1.1227899057158641E-4	3.302323252105483E-6	1.4860454634474672E-4	1.2053479870185012E-4
62	0.04386475975771713	1.2053479870185012E-4	3.302323252105483E-6	1.552091928489577E-4	1.238371219539556E-4
63	0.04648515325826283	1.2713944520606108E-4	3.302323252105483E-6	1.5686035447501045E-4	1.238371219539556E-4
64	0.04927726756791802	1.2879060683211382E-4	3.302323252105483E-6	1.6181383935316867E-4	1.2548828358000834E-4
65	0.05210735859497241	1.3209293008421933E-4	4.9534848781582246E-6	1.6841848585737962E-4	1.2713944520606108E-4
>>END_MODULE
