##FastQC	0.11.7
>>Basic Statistics	pass
#Measure	Value
Filename	SRR1084917_2_val_2.fq.gz
File type	Conventional base calls
Encoding	Sanger / Illumina 1.9
Total Sequences	26683526
Sequences flagged as poor quality	0
Sequence length	20-76
%GC	49
>>END_MODULE
>>Per base sequence quality	pass
#Base	Mean	Median	Lower Quartile	Upper Quartile	10th Percentile	90th Percentile
1	32.36064810175387	34.0	31.0	34.0	30.0	34.0
2	32.51718348617045	34.0	31.0	34.0	30.0	34.0
3	32.571107993748655	34.0	31.0	34.0	30.0	34.0
4	35.92219615203778	37.0	37.0	37.0	35.0	37.0
5	35.91513853903716	37.0	37.0	37.0	35.0	37.0
6	35.91317924025483	37.0	37.0	37.0	35.0	37.0
7	35.88739018224203	37.0	37.0	37.0	35.0	37.0
8	35.90480144940365	37.0	37.0	37.0	35.0	37.0
9	37.514470201576806	39.0	39.0	39.0	35.0	39.0
10-11	37.645933430986595	39.0	39.0	39.0	35.0	39.0
12-13	37.663486789564466	39.0	39.0	39.0	35.0	39.0
14-15	39.14520301777209	41.0	39.5	41.0	36.0	41.0
16-17	39.011000008019934	41.0	39.0	41.0	35.0	41.0
18-19	39.07990475096882	41.0	39.0	41.0	35.0	41.0
20-21	39.159262724241245	41.0	39.0	41.0	35.0	41.0
22-23	39.14311588107813	41.0	39.0	41.0	35.0	41.0
24-25	39.12688716311237	41.0	39.0	41.0	35.0	41.0
26-27	39.06767664549371	41.0	39.0	41.0	35.0	41.0
28-29	39.045838630826836	41.0	39.0	41.0	35.0	41.0
30-31	38.99525012883113	41.0	39.0	41.0	35.0	41.0
32-33	38.97244660416351	41.0	39.0	41.0	35.0	41.0
34-35	38.91900868557312	41.0	39.0	41.0	35.0	41.0
36-37	38.854859916146566	41.0	39.0	41.0	34.5	41.0
38-39	38.50593312778439	41.0	38.5	41.0	33.5	41.0
40-41	38.4587512691063	41.0	38.0	41.0	33.0	41.0
42-43	38.58844121510875	40.5	38.0	41.0	34.0	41.0
44-45	38.48934228265696	40.0	38.0	41.0	33.5	41.0
46-47	38.36743084816098	40.0	38.0	41.0	33.0	41.0
48-49	38.272439313368395	40.0	37.0	41.0	33.0	41.0
50-51	38.13902678899793	40.0	37.0	41.0	33.0	41.0
52-53	37.986293588255336	40.0	36.5	41.0	33.0	41.0
54-55	37.84143694350652	40.0	36.0	41.0	33.0	41.0
56-57	37.65611697297413	39.5	35.5	41.0	33.0	41.0
58-59	37.447248734900995	39.0	35.0	41.0	32.5	41.0
60-61	37.22031227782543	39.0	35.0	41.0	32.0	41.0
62-63	36.96630107092408	38.0	35.0	41.0	32.0	41.0
64-65	36.72699152041788	37.0	35.0	40.0	32.0	41.0
66-67	36.482747069594	37.0	35.0	40.0	32.0	41.0
68-69	36.232166494653185	36.5	35.0	39.5	32.0	41.0
70-71	35.978589756098714	36.0	35.0	39.0	32.0	41.0
72-73	35.776574839175005	35.5	35.0	39.0	32.0	41.0
74-75	35.617751346066456	35.0	35.0	37.5	32.0	40.0
76	34.88164912652714	35.0	34.0	37.0	30.0	39.0
>>END_MODULE
>>Per sequence quality scores	pass
#Quality	Count
11	28.0
12	4530.0
13	1076.0
14	479.0
15	447.0
16	495.0
17	345.0
18	308.0
19	1748.0
20	18246.0
21	41296.0
22	67753.0
23	94954.0
24	121921.0
25	152700.0
26	187790.0
27	224581.0
28	250004.0
29	261043.0
30	298692.0
31	357189.0
32	434451.0
33	548842.0
34	741468.0
35	1081406.0
36	1764903.0
37	3186707.0
38	5506942.0
39	8357610.0
40	2975572.0
>>END_MODULE
>>Per base sequence content	fail
#Base	G	A	T	C
1	26.51151866571748	12.860507134700134	16.858572471300104	43.76940172828229
2	22.964828994676136	21.651764466002682	34.7024422082093	20.680964331111877
3	26.950790029372317	24.132283439988335	24.26567425560635	24.651252275033
4	26.570013236531327	31.515517365129224	18.739062340014183	23.17540705832527
5	27.171336907303438	31.801131992722503	20.489822363843764	20.537708736130295
6	21.402155453272453	33.06325128348476	21.346486506352562	24.188106756890228
7	19.11340787779777	14.92807321333027	40.523040964513854	25.435477944358105
8	21.12385682155122	20.31296179146996	26.45396774421419	32.10921364276464
9	21.139995228356167	20.21423255311455	29.785553623223198	28.86021859530608
10-11	25.77599070955608	29.417381359844576	20.144459995666818	24.66216793493253
12-13	23.122502782998538	22.987359660977962	27.772137667474784	26.11799988854872
14-15	23.69453291400039	24.5947082495	26.62177460769301	25.0889842288066
16-17	24.59156164095473	24.8854034415559	25.42964416232708	25.093390755162293
18-19	24.53662464875836	25.285599537553203	25.096164495374023	25.081611318314412
20-21	24.534955990197574	25.33387849621341	25.31450138888967	24.81666412469935
22-23	24.547782525242013	25.550210604662443	25.34100894099682	24.56099792909873
24-25	24.52109390914819	25.614511208268944	25.335577552827697	24.528817329755174
26-27	24.37526078223524	25.577115621317827	25.421280672492703	24.626342923954237
28-29	24.496347786715237	25.354518532584557	25.36537511914544	24.783758561554766
30-31	24.196306848161882	25.539676536428612	25.547924584070543	24.716092031338967
32-33	24.279240899492212	25.578232226301072	25.47449249760708	24.668034376599632
34-35	24.718804521174437	25.553131500896498	25.151676338242073	24.57638763968699
36-37	24.523791795989762	25.48840665379609	25.296840913317116	24.69096063689703
38-39	24.362536661795005	25.468978859322405	25.524162818747865	24.64432166013472
40-41	24.511738278044742	25.44213243437116	25.41048944312221	24.63563984446189
42-43	24.25726519146912	25.506413935660643	25.604241215406354	24.632079657463887
44-45	24.382998156646842	25.53990042711693	25.566541905844996	24.510559510391232
46-47	24.505469132841558	25.443161155642986	25.401478978108344	24.649890733407112
48-49	24.35979239994842	25.43895053826615	25.469403063244663	24.73185399854077
50-51	24.355477683445447	25.531178088708934	25.47093802392052	24.642406203925102
52-53	24.4517131575576	25.554291039990098	25.3729723025851	24.621023499867203
54-55	24.311864470131344	25.52357116205437	25.505353464125708	24.65921090368858
56-57	24.33887339837807	25.469437165346314	25.55874369193764	24.632945744337977
58-59	24.41944631755701	25.49913951719127	25.474615800389135	24.606798364862588
60-61	24.29640918187821	25.519038664969035	25.572615370930613	24.61193678222214
62-63	24.204483697790057	25.639644085706852	25.689153745274268	24.466718471228823
64-65	24.354679483346793	25.579571808550433	25.55457767964479	24.51117102845798
66-67	24.28377361631821	25.59860937172677	25.526173374151778	24.59144363780324
68-69	24.32602355906537	25.62995983194629	25.568070059993353	24.47594654899499
70-71	24.33747162438013	25.535838447530807	25.597399446095842	24.529290481993222
72-73	24.264163959503893	25.37410794983993	25.72600218303327	24.635725907622906
74-75	24.60128273191048	21.19024100237041	27.699930298797742	26.508545966921364
76	25.59229938814727	0.0	37.51903423265715	36.888666379195584
>>END_MODULE
>>Per sequence GC content	pass
#GC Content	Count
0	1073.0
1	968.5
2	951.5
3	1047.0
4	1087.5
5	1223.5
6	1508.5
7	1850.5
8	2140.0
9	2497.5
10	2977.5
11	3597.0
12	4150.0
13	4896.5
14	6189.0
15	8101.5
16	10430.0
17	12826.0
18	17498.5
19	25397.0
20	34664.5
21	43734.0
22	59543.5
23	85552.0
24	111965.5
25	134688.0
26	171047.5
27	222743.5
28	270347.5
29	307383.5
30	357568.5
31	422424.0
32	480278.5
33	527093.0
34	583889.5
35	649668.5
36	701692.0
37	742072.0
38	790667.5
39	857857.0
40	914035.0
41	959862.0
42	992620.5
43	1018735.5
44	1050186.0
45	1071698.5
46	1078888.5
47	1085338.0
48	1092723.5
49	1094122.0
50	1092481.5
51	1089035.0
52	1076364.5
53	1054148.0
54	1039790.5
55	1026803.5
56	1019496.0
57	1002985.5
58	980312.5
59	949006.0
60	906791.5
61	857823.0
62	813214.0
63	763356.0
64	692698.0
65	621808.0
66	535696.5
67	471499.5
68	422483.0
69	357293.0
70	290959.0
71	244762.0
72	211342.0
73	169196.0
74	131142.5
75	108159.0
76	91072.5
77	70579.0
78	52086.5
79	40384.0
80	32829.0
81	23965.5
82	16572.5
83	11930.0
84	8643.5
85	5740.5
86	3962.0
87	3060.0
88	2336.0
89	1663.0
90	1286.0
91	1084.0
92	996.5
93	765.0
94	460.0
95	280.0
96	179.5
97	162.5
98	109.5
99	117.0
100	179.0
>>END_MODULE
>>Per base N content	pass
#Base	N-Count
1	0.17751776882860235
2	0.1600912862865275
3	0.110618814020306
4	0.11532583812199333
5	0.10778560524572353
6	0.17124798274410963
7	0.18211611164131758
8	0.1550020038581108
9	0.09761078801954434
10-11	0.09915293803375161
12-13	0.13158305989995475
14-15	0.0805665638041989
16-17	0.06549546712829482
18-19	0.05924816682772734
20-21	0.09867531884407349
22-23	0.07679528171229529
24-25	0.09534238458779665
26-27	0.06209051803043609
28-29	0.05362207035454795
30-31	0.05628100452107508
32-33	0.08209997175917719
34-35	0.08421075104481701
36-37	0.08641991392750281
38-39	0.7795511601116198
40-41	0.08520762202317742
42-43	0.079619907438373
44-45	0.06404749192555108
46-47	0.035489648545015705
48-49	0.03420427430372652
50-51	0.03108561250132719
52-53	0.025990405488929027
54-55	0.024697128040452217
56-57	0.02300522720188697
58-59	0.018592589230303703
60-61	0.01840319186377093
62-63	0.016529446969449538
64-65	0.014737260291639446
66-67	0.012941020546699208
68-69	0.011867275702839988
70-71	0.007976811042380155
72-73	0.0033193854523798157
74-75	2.8075707224365396E-5
76	0.0
>>END_MODULE
>>Sequence Length Distribution	warn
#Length	Count
20-21	18840.0
22-23	20050.0
24-25	22044.0
26-27	23758.0
28-29	25436.0
30-31	26892.0
32-33	27704.0
34-35	29753.0
36-37	33131.0
38-39	40706.0
40-41	39911.0
42-43	38337.0
44-45	39158.0
46-47	39402.0
48-49	41027.0
50-51	43001.0
52-53	44406.0
54-55	47261.0
56-57	50938.0
58-59	54426.0
60-61	59172.0
62-63	64584.0
64-65	73557.0
66-67	87472.0
68-69	108387.0
70-71	181590.0
72-73	1031337.0
74-75	9610341.0
76-77	1.4760905E7
>>END_MODULE
>>Sequence Duplication Levels	pass
#Total Deduplicated Percentage	82.77325262996112
#Duplication Level	Percentage of deduplicated	Percentage of total
1	91.02197420454762	75.34184865710823
2	6.4343993379535505	10.651923238449672
3	1.3603969658525865	3.3781344519464613
4	0.4958743033863218	1.6418051594760799
5	0.21482929894606292	0.8891059916989953
6	0.1155361935767677	0.573798392330033
7	0.0707655242107209	0.410024482908994
8	0.04897058688988044	0.3242763808058828
9	0.03219896086545359	0.2398691449924579
>10	0.173270219063318	2.6992711781197576
>50	0.01800595421003042	1.042829726864603
>100	0.012655244094848478	2.0590607100769343
>500	9.202830867196509E-4	0.5085908269755519
>1k	2.029233160355959E-4	0.23946165824645904
>5k	0.0	0.0
>10k+	0.0	0.0
>>END_MODULE
>>Overrepresented sequences	pass
>>END_MODULE
>>Adapter Content	pass
#Position	Illumina Universal Adapter	Illumina Small RNA 3' Adapter	Illumina Small RNA 5' Adapter	Nextera Transposase Sequence	SOLID Small RNA Adapter
1	0.0	1.8738153271048213E-5	3.7476306542096423E-6	1.1242891962628927E-5	3.7476306542096423E-6
2	0.0	9.369076635524106E-5	3.7476306542096423E-6	4.871919850472535E-5	3.7476306542096423E-6
3	0.0	9.74383970094507E-5	3.7476306542096423E-6	5.2466829158934995E-5	3.7476306542096423E-6
4	0.0	9.74383970094507E-5	3.7476306542096423E-6	7.120498242998321E-5	7.4952613084192846E-6
5	0.0	1.0118602766366035E-4	7.4952613084192846E-6	7.495261308419285E-5	7.4952613084192846E-6
6	0.0	1.1242891962628927E-4	7.4952613084192846E-6	7.870024373840248E-5	7.4952613084192846E-6
7	0.0	1.2741944224312784E-4	7.4952613084192846E-6	8.619550504682177E-5	7.4952613084192846E-6
8	0.0	1.2741944224312784E-4	7.4952613084192846E-6	1.0493365831786999E-4	7.4952613084192846E-6
9	0.0	1.3116707289733749E-4	7.4952613084192846E-6	1.1617655028049891E-4	7.4952613084192846E-6
10	0.0	1.3866233420575677E-4	7.4952613084192846E-6	1.1992418093470855E-4	1.1242891962628927E-5
11	0.0	1.4615759551417606E-4	7.4952613084192846E-6	1.236718115889182E-4	2.6233414579467498E-5
12	0.0	1.611481181310146E-4	7.4952613084192846E-6	1.2741944224312784E-4	2.6233414579467498E-5
13	0.0	1.7613864074785319E-4	7.4952613084192846E-6	1.3866233420575677E-4	2.6233414579467498E-5
14	0.0	1.7988627140206283E-4	7.4952613084192846E-6	1.4240996485996642E-4	2.6233414579467498E-5
15	0.0	1.948767940189014E-4	7.4952613084192846E-6	2.0986731663573998E-4	2.6233414579467498E-5
16	0.0	1.948767940189014E-4	7.4952613084192846E-6	2.136149472899496E-4	2.6233414579467498E-5
17	0.0	1.9862442467311105E-4	7.4952613084192846E-6	2.2485783925257853E-4	2.6233414579467498E-5
18	0.0	2.0611968598153034E-4	7.4952613084192846E-6	2.398483618694171E-4	2.6233414579467498E-5
19	0.0	2.0986731663573998E-4	7.4952613084192846E-6	2.5109125383204604E-4	2.6233414579467498E-5
20	0.0	2.136149472899496E-4	7.4952613084192846E-6	2.6233414579467497E-4	2.9981045233677138E-5
21	0.0	2.211102085983689E-4	7.4952613084192846E-6	2.735770377573039E-4	3.7476306542096426E-5
22	0.0	2.211102085983689E-4	7.4952613084192846E-6	2.810722990657232E-4	4.497156785051571E-5
23	0.0	2.2485783925257853E-4	7.4952613084192846E-6	2.810722990657232E-4	4.497156785051571E-5
24	0.0	2.2485783925257853E-4	7.4952613084192846E-6	2.923151910283521E-4	4.497156785051571E-5
25	0.0	2.3235310056099782E-4	7.4952613084192846E-6	2.9606282168256177E-4	4.497156785051571E-5
26	0.0	2.3610073121520746E-4	7.4952613084192846E-6	2.9606282168256177E-4	4.871919850472535E-5
27	0.0	2.398483618694171E-4	7.4952613084192846E-6	2.9606282168256177E-4	5.2466829158934995E-5
28	0.0	2.398483618694171E-4	7.4952613084192846E-6	2.998104523367714E-4	5.2466829158934995E-5
29	0.0	2.473436231778364E-4	7.4952613084192846E-6	2.998104523367714E-4	5.9962090467354277E-5
30	0.0	2.473436231778364E-4	7.4952613084192846E-6	2.998104523367714E-4	6.370972112156392E-5
31	0.0	2.5109125383204604E-4	7.4952613084192846E-6	3.0355808299098105E-4	6.370972112156392E-5
32	0.0	2.5109125383204604E-4	7.4952613084192846E-6	3.0355808299098105E-4	6.370972112156392E-5
33	0.0	2.5109125383204604E-4	7.4952613084192846E-6	3.0355808299098105E-4	6.370972112156392E-5
34	0.0	2.5109125383204604E-4	7.4952613084192846E-6	3.0730571364519064E-4	6.370972112156392E-5
35	0.0	2.660817764488846E-4	7.4952613084192846E-6	3.0730571364519064E-4	6.370972112156392E-5
36	0.0	2.660817764488846E-4	7.4952613084192846E-6	3.0730571364519064E-4	6.370972112156392E-5
37	0.0	2.7732466841151355E-4	7.4952613084192846E-6	3.1480097495360993E-4	6.370972112156392E-5
38	0.0	2.8481992971993283E-4	7.4952613084192846E-6	3.185486056078196E-4	6.745735177577356E-5
39	0.0	2.923151910283521E-4	7.4952613084192846E-6	3.2604386691623886E-4	6.745735177577356E-5
40	0.0	2.9606282168256177E-4	7.4952613084192846E-6	3.297914975704485E-4	6.745735177577356E-5
41	0.0	2.998104523367714E-4	7.4952613084192846E-6	3.372867588788678E-4	7.120498242998321E-5
42	0.0	2.998104523367714E-4	7.4952613084192846E-6	3.710154347667546E-4	7.120498242998321E-5
43	0.0	2.998104523367714E-4	7.4952613084192846E-6	3.710154347667546E-4	7.120498242998321E-5
44	0.0	3.0730571364519064E-4	7.4952613084192846E-6	3.7476306542096424E-4	7.120498242998321E-5
45	0.0	3.297914975704485E-4	7.4952613084192846E-6	3.785106960751739E-4	7.120498242998321E-5
46	0.0	3.3353912822465815E-4	7.4952613084192846E-6	3.785106960751739E-4	7.120498242998321E-5
47	0.0	3.3353912822465815E-4	7.4952613084192846E-6	3.9350121869201246E-4	7.495261308419285E-5
48	0.0	3.4103438953307744E-4	7.4952613084192846E-6	3.972488493462221E-4	7.495261308419285E-5
49	0.0	3.447820201872871E-4	7.4952613084192846E-6	3.972488493462221E-4	7.495261308419285E-5
50	0.0	3.447820201872871E-4	7.4952613084192846E-6	4.0849174130885103E-4	7.495261308419285E-5
51	0.0	3.56024912149916E-4	7.4952613084192846E-6	4.0849174130885103E-4	7.495261308419285E-5
52	0.0	3.710154347667546E-4	7.4952613084192846E-6	4.234822639256896E-4	7.870024373840248E-5
53	0.0	3.9350121869201246E-4	7.4952613084192846E-6	4.3097752523410884E-4	8.244787439261213E-5
54	0.0	3.9350121869201246E-4	7.4952613084192846E-6	4.347251558883185E-4	8.619550504682177E-5
55	0.0	3.9350121869201246E-4	7.4952613084192846E-6	4.347251558883185E-4	8.619550504682177E-5
56	0.0	3.972488493462221E-4	7.4952613084192846E-6	4.5721093981357635E-4	8.619550504682177E-5
57	0.0	3.972488493462221E-4	7.4952613084192846E-6	4.60958570467786E-4	8.619550504682177E-5
58	0.0	4.0099648000043174E-4	7.4952613084192846E-6	4.6470620112199564E-4	8.619550504682177E-5
59	0.0	4.0099648000043174E-4	7.4952613084192846E-6	4.8344435439304386E-4	8.619550504682177E-5
60	0.0	4.0099648000043174E-4	7.4952613084192846E-6	5.171730302809307E-4	8.619550504682177E-5
61	0.0	4.122393719630607E-4	7.4952613084192846E-6	5.209206609351403E-4	8.994313570103141E-5
62	0.0	4.122393719630607E-4	7.4952613084192846E-6	5.396588142061885E-4	8.994313570103141E-5
63	0.0	4.1973463327147996E-4	7.4952613084192846E-6	5.65892228785656E-4	8.994313570103141E-5
64	0.0	4.272298945798992E-4	7.4952613084192846E-6	5.883780127109139E-4	9.369076635524106E-5
65	0.0	4.347251558883185E-4	1.1242891962628927E-5	5.921256433651235E-4	9.74383970094507E-5
>>END_MODULE
