##FastQC	0.11.7
>>Basic Statistics	pass
#Measure	Value
Filename	SRR1081765_2_val_2.fq.gz
File type	Conventional base calls
Encoding	Sanger / Illumina 1.9
Total Sequences	21667401
Sequences flagged as poor quality	0
Sequence length	20-76
%GC	49
>>END_MODULE
>>Per base sequence quality	pass
#Base	Mean	Median	Lower Quartile	Upper Quartile	10th Percentile	90th Percentile
1	32.219040345447986	34.0	31.0	34.0	30.0	34.0
2	32.37728890511603	34.0	31.0	34.0	30.0	34.0
3	32.4335457676719	34.0	31.0	34.0	30.0	34.0
4	35.849132020956276	37.0	35.0	37.0	35.0	37.0
5	35.82540587124409	37.0	35.0	37.0	35.0	37.0
6	35.84924140186449	37.0	36.0	37.0	35.0	37.0
7	35.875498588870904	37.0	36.0	37.0	35.0	37.0
8	35.84757553524763	37.0	35.0	37.0	35.0	37.0
9	37.597598622926675	39.0	38.0	39.0	35.0	39.0
10-11	37.62406877963813	39.0	38.0	39.0	35.0	39.0
12-13	37.59454255727302	39.0	38.0	39.0	35.0	39.0
14-15	39.06768209071314	41.0	39.0	41.0	35.0	41.0
16-17	39.029043538724366	41.0	39.0	41.0	35.0	41.0
18-19	39.030201822544385	41.0	39.0	41.0	35.0	41.0
20-21	39.04039676671846	41.0	39.0	41.0	35.0	41.0
22-23	39.002948079946506	41.0	39.0	41.0	35.0	41.0
24-25	38.96675462391724	41.0	39.0	41.0	35.0	41.0
26-27	38.90677394457046	41.0	39.0	41.0	34.5	41.0
28-29	38.84505056460854	41.0	39.0	41.0	34.0	41.0
30-31	38.77889119555806	41.0	38.5	41.0	34.0	41.0
32-33	38.73686965327873	41.0	38.0	41.0	34.0	41.0
34-35	38.684997419851	40.0	38.0	41.0	34.0	41.0
36-37	38.61592096963833	40.0	38.0	41.0	34.0	41.0
38-39	38.5381612276731	40.0	38.0	41.0	34.0	41.0
40-41	38.49797030611697	40.0	38.0	41.0	33.0	41.0
42-43	38.4263741399509	40.0	38.0	41.0	33.0	41.0
44-45	38.32272068454628	40.0	38.0	41.0	33.0	41.0
46-47	38.24500086072526	40.0	37.5	41.0	33.0	41.0
48-49	38.168473131377866	40.0	37.0	41.0	33.0	41.0
50-51	38.068204624770885	40.0	37.0	41.0	33.0	41.0
52-53	37.92444039623652	40.0	36.5	41.0	33.0	41.0
54-55	37.77818153174043	40.0	36.0	41.0	33.0	41.0
56-57	37.60764374642524	39.5	35.5	41.0	32.5	41.0
58-59	37.440068854632166	39.0	35.0	41.0	32.0	41.0
60-61	37.23317719591225	39.0	35.0	41.0	32.0	41.0
62-63	37.00951751945381	38.5	35.0	41.0	32.0	41.0
64-65	36.78062331353301	37.5	35.0	40.5	32.0	41.0
66-67	36.52415385556862	37.0	35.0	40.0	32.0	41.0
68-69	36.29434823954211	36.5	35.0	39.5	32.0	41.0
70-71	36.06965667148995	36.0	35.0	39.0	32.0	41.0
72-73	35.84966439502776	36.0	35.0	39.0	32.0	41.0
74-75	35.6980992943533	35.0	35.0	38.5	32.0	40.5
76	34.793200740145444	35.0	34.0	37.0	30.0	39.0
>>END_MODULE
>>Per sequence quality scores	pass
#Quality	Count
14	3.0
15	8.0
16	8.0
17	10.0
18	39.0
19	846.0
20	11374.0
21	28066.0
22	49604.0
23	72489.0
24	97649.0
25	124487.0
26	150277.0
27	176451.0
28	204694.0
29	237742.0
30	280246.0
31	334946.0
32	407884.0
33	509041.0
34	670664.0
35	944751.0
36	1468030.0
37	2485310.0
38	4206611.0
39	6804472.0
40	2401699.0
>>END_MODULE
>>Per base sequence content	fail
#Base	G	A	T	C
1	26.557578655815423	12.017638688852166	14.80016504511809	46.62461761021432
2	21.24308687748875	21.79271897046814	35.77072408021859	21.193470071824517
3	26.913322018816793	23.283264126715196	23.664963946929017	26.138449907538998
4	26.977750390371373	31.146553202384563	18.40460804247928	23.471088364764785
5	27.49626863569276	31.50907742866118	20.809864231819258	20.184789703826798
6	21.721604382891837	33.43825086867066	22.033864191472695	22.806280556964804
7	19.228834267312383	16.06158880041163	40.33608383832388	24.373493093952103
8	20.96918847144191	20.527426871138406	27.6351382224214	30.868246434998287
9	21.69533133812543	20.10254805541075	29.915721735189344	28.286398871274475
10-11	25.632028576494196	29.750385591459583	20.39138620628749	24.226199625758728
12-13	23.056537200323994	23.62423069023845	27.642887966345363	25.676344143092194
14-15	23.63452163864188	24.918010815155654	26.642530938603155	24.804936607599316
16-17	24.512022640626437	25.162679888467594	25.49154726408457	24.833750206821403
18-19	24.410829041146016	25.527168509586474	25.195004949026824	24.86699750024069
20-21	24.22903073269465	25.528907706641483	25.53698342628758	24.705078134376283
22-23	24.37247318870695	25.706801609306922	25.503505419303302	24.417219782682825
24-25	24.368446445415966	25.72804844633818	25.426423621472495	24.47708148677336
26-27	24.21264694880152	25.784189119135874	25.50434302870357	24.498820903359036
28-29	24.37530090697993	25.48249045430473	25.491688949214307	24.65051968950103
30-31	24.08622578234163	25.634889153722217	25.57593874346712	24.702946320469035
32-33	24.103943327603076	25.75815970485952	25.622624419553112	24.515272547984292
34-35	24.445437324552767	25.70872820143005	25.35118459558633	24.494649878430856
36-37	24.31582571162195	25.63439163572439	25.42967785873511	24.620104793918546
38-39	24.1660985339093	25.70428671952823	25.64324215243539	24.486372594127083
40-41	24.245800918212506	25.650863149376306	25.600168556610143	24.50316737580104
42-43	24.090098123448872	25.585401179189905	25.74479370028718	24.579706997074048
44-45	24.172024189362336	25.664717808086785	25.721660320591106	24.441597681959774
46-47	24.251212732339553	25.69306154165158	25.552900984796402	24.502824741212468
48-49	24.195161609115644	25.607452398375646	25.662590269154883	24.534795723353827
50-51	24.094140388993583	25.72778242539896	25.699956876025475	24.47812030958198
52-53	24.245608279515487	25.71462320894044	25.570999104448205	24.468769407095866
54-55	24.132845422018267	25.665554892481147	25.680800454831036	24.520799230669546
56-57	24.083026742208364	25.698000917858714	25.78273612622384	24.436236213709087
58-59	24.209113113624532	25.692302770679582	25.623885420356846	24.474698695339043
60-61	24.072885221390518	25.724170317867383	25.737335932546628	24.46560852819547
62-63	23.964114033214315	25.767595772392337	25.92382738499333	24.344462809400017
64-65	24.155752484519798	25.718487078937635	25.761251903022785	24.36450853351978
66-67	24.130544849945775	25.703235537699236	25.731362002793144	24.434857609561845
68-69	24.022986104935313	25.822479537437452	25.796625516760407	24.35790884086683
70-71	24.111950318257623	25.722744034098017	25.817363015701027	24.347942631943337
72-73	24.043465987358033	25.60446601452003	25.952401508654976	24.399666489466966
74-75	24.200025622402173	22.27170685680943	27.574185146041053	25.95408237474734
76	25.376904452823506	0.0	37.70700297784245	36.91609256933404
>>END_MODULE
>>Per sequence GC content	pass
#GC Content	Count
0	810.0
1	693.0
2	621.0
3	676.0
4	701.5
5	788.5
6	952.0
7	1130.5
8	1293.5
9	1488.5
10	1744.0
11	2090.5
12	2450.5
13	2937.0
14	3837.0
15	5193.5
16	6977.0
17	8810.0
18	12549.0
19	19816.0
20	28693.0
21	36392.0
22	49697.0
23	73242.5
24	98419.0
25	118422.5
26	149910.5
27	197035.0
28	240412.5
29	271290.0
30	312530.0
31	368520.5
32	416355.5
33	447658.5
34	487558.0
35	542456.5
36	589022.5
37	619662.5
38	652123.5
39	702169.0
40	744679.0
41	781695.5
42	806109.5
43	819784.0
44	839124.0
45	846693.0
46	842859.5
47	850353.5
48	863674.5
49	870908.0
50	873865.0
51	877682.0
52	877991.5
53	871900.5
54	864405.5
55	847712.0
56	831924.5
57	810394.5
58	788550.0
59	765593.5
60	729468.5
61	680025.0
62	640187.0
63	594931.0
64	527024.0
65	465275.0
66	400985.0
67	355895.0
68	317537.0
69	267598.5
70	217539.5
71	182787.5
72	159472.5
73	129937.0
74	102914.5
75	86011.5
76	75290.0
77	62525.0
78	50109.5
79	41363.5
80	35152.0
81	28359.0
82	22632.5
83	18325.0
84	14269.5
85	9469.5
86	6201.0
87	4593.5
88	3447.0
89	2352.0
90	1710.0
91	1315.0
92	1045.5
93	712.0
94	380.5
95	231.0
96	181.5
97	174.0
98	106.5
99	95.0
100	151.0
>>END_MODULE
>>Per base N content	pass
#Base	N-Count
1	0.09224456592648099
2	0.0713652735738818
3	0.0718591029907094
4	0.06600699363989249
5	0.06675004537923122
6	0.023034603919501007
7	0.006087485988744104
8	0.0023583816074664423
9	0.002243000902600178
10-11	0.0016730202205608323
12-13	0.0011584222768572937
14-15	9.876588336552225E-4
16-17	7.199755983654892E-4
18-19	0.0023768425202450446
20-21	0.0015324937606270596
22-23	0.002039248348301216
24-25	0.00201522884402591
26-27	0.0015819410055344344
28-29	0.0012360180091990293
30-31	0.0017050523527521652
32-33	0.0011245979388461726
34-35	0.0010769409557140758
36-37	0.0011268436032620193
38-39	0.0017072184148486322
40-41	0.001369224272043067
42-43	7.623924088284761E-4
44-45	0.001711140843512598
46-47	0.0018841383045410819
48-49	0.0011915612369070479
50-51	0.0016341498971704728
52-53	0.0016273955532602415
54-55	0.0015807523454354118
56-57	0.0012253676073366057
58-59	5.737023619869254E-4
60-61	5.772491353328423E-4
62-63	3.675243356831654E-4
64-65	2.82879359108524E-4
66-67	6.413470022737777E-4
68-69	1.5551626231162435E-4
70-71	2.6435246431289793E-5
72-73	3.152730920988125E-5
74-75	0.0
76	0.0
>>END_MODULE
>>Sequence Length Distribution	warn
#Length	Count
20-21	13736.0
22-23	14573.0
24-25	15959.0
26-27	16938.0
28-29	18498.0
30-31	19427.0
32-33	20402.0
34-35	21846.0
36-37	23081.0
38-39	24530.0
40-41	26055.0
42-43	26963.0
44-45	28773.0
46-47	30262.0
48-49	31901.0
50-51	33864.0
52-53	35807.0
54-55	37029.0
56-57	39087.0
58-59	42626.0
60-61	46530.0
62-63	51504.0
64-65	59477.0
66-67	70248.0
68-69	85948.0
70-71	133864.0
72-73	679394.0
74-75	6647653.0
76-77	1.3371426E7
>>END_MODULE
>>Sequence Duplication Levels	pass
#Total Deduplicated Percentage	84.8555497238585
#Duplication Level	Percentage of deduplicated	Percentage of total
1	90.36258044374406	76.67766438020288
2	6.883277692388538	11.681686249792032
3	1.5603641327797733	3.9721666876925825
4	0.5480863459258338	1.8603267271871
5	0.23817897042349218	1.0105403733974032
6	0.11582466056113717	0.5897019146096765
7	0.0679512934562728	0.4036231052475479
8	0.04568744335321582	0.3101466496971819
9	0.02890501642712988	0.22074759528311394
>10	0.1355756139007682	1.9875975993233062
>50	0.008811119586814934	0.5199821714810696
>100	0.004634279387058647	0.6890450961899458
>500	9.568115260383485E-5	0.048606577966047344
>1k	2.730691324749451E-5	0.02816487193015107
>5k	0.0	0.0
>10k+	0.0	0.0
>>END_MODULE
>>Overrepresented sequences	pass
>>END_MODULE
>>Adapter Content	pass
#Position	Illumina Universal Adapter	Illumina Small RNA 3' Adapter	Illumina Small RNA 5' Adapter	Nextera Transposase Sequence	SOLID Small RNA Adapter
1	0.0	4.615228194650572E-6	0.0	4.615228194650572E-6	0.0
2	0.0	1.3845684583951717E-5	0.0	1.3845684583951717E-5	0.0
3	0.0	1.8460912778602288E-5	0.0	1.3845684583951717E-5	4.615228194650572E-6
4	0.0	1.8460912778602288E-5	0.0	2.7691369167903434E-5	4.615228194650572E-6
5	0.0	1.8460912778602288E-5	0.0	2.7691369167903434E-5	4.615228194650572E-6
6	0.0	2.307614097325286E-5	0.0	2.7691369167903434E-5	4.615228194650572E-6
7	0.0	2.307614097325286E-5	0.0	3.2306597362554007E-5	4.615228194650572E-6
8	0.0	2.307614097325286E-5	0.0	3.2306597362554007E-5	4.615228194650572E-6
9	0.0	2.7691369167903434E-5	0.0	3.2306597362554007E-5	4.615228194650572E-6
10	0.0	4.615228194650572E-5	0.0	3.2306597362554007E-5	4.615228194650572E-6
11	0.0	5.076751014115629E-5	0.0	3.2306597362554007E-5	4.615228194650572E-6
12	0.0	5.076751014115629E-5	0.0	3.6921825557204576E-5	4.615228194650572E-6
13	0.0	6.922842291975858E-5	0.0	3.6921825557204576E-5	4.615228194650572E-6
14	0.0	7.384365111440915E-5	0.0	4.1537053751855145E-5	4.615228194650572E-6
15	0.0	7.845887930905973E-5	0.0	4.1537053751855145E-5	4.615228194650572E-6
16	0.0	9.691979208766202E-5	0.0	4.615228194650572E-5	4.615228194650572E-6
17	0.0	9.691979208766202E-5	0.0	5.076751014115629E-5	4.615228194650572E-6
18	0.0	1.0153502028231258E-4	0.0	5.999796653045744E-5	1.3845684583951717E-5
19	0.0	1.0153502028231258E-4	0.0	5.999796653045744E-5	1.3845684583951717E-5
20	0.0	1.0153502028231258E-4	0.0	6.922842291975858E-5	1.3845684583951717E-5
21	0.0	1.0153502028231258E-4	0.0	6.922842291975858E-5	1.3845684583951717E-5
22	0.0	1.1076547667161373E-4	0.0	6.922842291975858E-5	1.8460912778602288E-5
23	0.0	1.153807048662643E-4	0.0	6.922842291975858E-5	1.8460912778602288E-5
24	0.0	1.1999593306091487E-4	0.0	6.922842291975858E-5	1.8460912778602288E-5
25	0.0	1.2461116125556544E-4	0.0	7.384365111440915E-5	1.8460912778602288E-5
26	0.0	1.2461116125556544E-4	0.0	8.307410750371029E-5	1.8460912778602288E-5
27	0.0	1.2461116125556544E-4	0.0	8.307410750371029E-5	1.8460912778602288E-5
28	0.0	1.2461116125556544E-4	0.0	8.768933569836087E-5	1.8460912778602288E-5
29	0.0	1.338416176448666E-4	0.0	8.768933569836087E-5	1.8460912778602288E-5
30	0.0	1.4307207403416774E-4	0.0	9.691979208766202E-5	2.307614097325286E-5
31	0.0	1.4307207403416774E-4	0.0	9.691979208766202E-5	2.7691369167903434E-5
32	0.0	1.4307207403416774E-4	0.0	1.0153502028231258E-4	2.7691369167903434E-5
33	0.0	1.4307207403416774E-4	0.0	1.0153502028231258E-4	2.7691369167903434E-5
34	0.0	1.4307207403416774E-4	0.0	1.0153502028231258E-4	2.7691369167903434E-5
35	0.0	1.5691775861811946E-4	0.0	1.0153502028231258E-4	2.7691369167903434E-5
36	0.0	1.6153298681277002E-4	0.0	1.0153502028231258E-4	2.7691369167903434E-5
37	0.0	1.7537867139672173E-4	0.0	1.0153502028231258E-4	2.7691369167903434E-5
38	0.0	1.7537867139672173E-4	0.0	1.1076547667161373E-4	2.7691369167903434E-5
39	0.0	1.7537867139672173E-4	0.0	1.153807048662643E-4	2.7691369167903434E-5
40	0.0	1.7537867139672173E-4	0.0	1.1999593306091487E-4	2.7691369167903434E-5
41	0.0	1.7537867139672173E-4	0.0	1.2461116125556544E-4	2.7691369167903434E-5
42	0.0	1.7537867139672173E-4	0.0	1.2461116125556544E-4	2.7691369167903434E-5
43	0.0	1.7537867139672173E-4	0.0	1.2461116125556544E-4	2.7691369167903434E-5
44	0.0	1.846091277860229E-4	0.0	1.3845684583951715E-4	2.7691369167903434E-5
45	0.0	1.846091277860229E-4	0.0	1.476873022288183E-4	2.7691369167903434E-5
46	0.0	1.846091277860229E-4	0.0	1.6614821500742058E-4	2.7691369167903434E-5
47	0.0	1.8922435598067345E-4	0.0	1.6614821500742058E-4	2.7691369167903434E-5
48	0.0	1.9383958417532404E-4	0.0	1.6614821500742058E-4	2.7691369167903434E-5
49	0.0	1.984548123699746E-4	0.0	1.6614821500742058E-4	3.2306597362554007E-5
50	0.0	2.0307004056462516E-4	0.0	1.7537867139672173E-4	3.2306597362554007E-5
51	0.0	2.0307004056462516E-4	0.0	1.7537867139672173E-4	3.2306597362554007E-5
52	0.0	2.1230049695392632E-4	0.0	1.7537867139672173E-4	4.1537053751855145E-5
53	0.0	2.1230049695392632E-4	0.0	1.7537867139672173E-4	4.1537053751855145E-5
54	0.0	2.1230049695392632E-4	0.0	1.846091277860229E-4	4.1537053751855145E-5
55	0.0	2.1230049695392632E-4	0.0	1.846091277860229E-4	4.1537053751855145E-5
56	0.0	2.2153095334322747E-4	0.0	1.8922435598067345E-4	4.1537053751855145E-5
57	0.0	2.2614618153787803E-4	0.0	2.0307004056462516E-4	4.1537053751855145E-5
58	0.0	2.3537663792717918E-4	0.0	2.0768526875927575E-4	4.1537053751855145E-5
59	0.0	2.3999186612182975E-4	0.0	2.0768526875927575E-4	4.615228194650572E-5
60	0.0	2.3999186612182975E-4	0.0	2.1691572514857688E-4	4.615228194650572E-5
61	0.0	2.4922232251113087E-4	0.0	2.2153095334322747E-4	4.615228194650572E-5
62	0.0	2.5383755070578146E-4	0.0	2.2153095334322747E-4	4.615228194650572E-5
63	0.0	2.5383755070578146E-4	0.0	2.3999186612182975E-4	4.615228194650572E-5
64	0.0	2.5383755070578146E-4	0.0	2.4460709431648034E-4	4.615228194650572E-5
65	0.0	2.5845277890043205E-4	0.0	2.4922232251113087E-4	5.076751014115629E-5
>>END_MODULE
