##FastQC	0.11.7
>>Basic Statistics	pass
#Measure	Value
Filename	SRR659649_1_trimmed.fq.gz
File type	Conventional base calls
Encoding	Sanger / Illumina 1.9
Total Sequences	64675553
Sequences flagged as poor quality	0
Sequence length	20-76
%GC	46
>>END_MODULE
>>Per base sequence quality	pass
#Base	Mean	Median	Lower Quartile	Upper Quartile	10th Percentile	90th Percentile
1	31.42997167724256	31.0	31.0	34.0	28.0	34.0
2	31.723927756752232	33.0	31.0	34.0	28.0	34.0
3	31.95482361008958	34.0	31.0	34.0	28.0	34.0
4	35.439224586143084	37.0	35.0	37.0	32.0	37.0
5	35.212774493014386	37.0	35.0	37.0	32.0	37.0
6	35.19364542580718	37.0	35.0	37.0	32.0	37.0
7	35.2057745064816	37.0	35.0	37.0	32.0	37.0
8	35.15507092765021	37.0	35.0	37.0	32.0	37.0
9	36.73261496503942	39.0	37.0	39.0	32.0	39.0
10-11	36.77401661335621	39.0	37.0	39.0	32.0	39.0
12-13	36.65716620930941	39.0	37.0	39.0	32.0	39.0
14-15	37.8430720723795	40.0	37.0	41.0	32.0	41.0
16-17	37.776714232346805	40.0	37.0	41.0	32.0	41.0
18-19	37.81769389741437	40.0	37.0	41.0	32.0	41.0
20-21	37.75680204814648	40.0	37.0	41.0	32.0	41.0
22-23	37.663446259070994	40.0	37.0	41.0	31.5	41.0
24-25	37.60396217616767	40.0	37.0	41.0	31.0	41.0
26-27	37.52372033947739	40.0	37.0	41.0	31.0	41.0
28-29	37.45749133164759	40.0	37.0	41.0	31.0	41.0
30-31	37.50540027536992	40.0	37.0	41.0	31.0	41.0
32-33	37.399399344872485	40.0	37.0	41.0	30.0	41.0
34-35	37.33800591607807	40.0	36.0	41.0	30.0	41.0
36-37	37.27181986097494	40.0	36.0	41.0	30.0	41.0
38-39	37.20723446874515	40.0	36.0	41.0	30.0	41.0
40-41	37.19866474235698	40.0	36.0	41.0	30.0	41.0
42-43	37.25691035570073	40.0	36.0	41.0	30.0	41.0
44-45	37.213744011584396	40.0	36.0	41.0	30.0	41.0
46-47	37.117093782321476	39.5	36.0	41.0	30.0	41.0
48-49	37.06858112567963	39.0	36.0	41.0	30.0	41.0
50-51	36.50694048197721	38.5	34.5	40.5	30.0	41.0
52-53	36.56358653759747	38.5	35.0	40.0	30.0	41.0
54-55	36.840878050975164	39.0	35.0	40.5	30.0	41.0
56-57	36.73639285909613	39.0	35.0	40.0	30.0	41.0
58-59	36.54619887523961	38.5	35.0	40.0	30.0	41.0
60-61	36.33697679722228	38.0	35.0	40.0	30.0	41.0
62-63	36.061298607726684	38.0	34.0	40.0	29.0	41.0
64-65	35.811220444930655	37.0	34.0	40.0	29.0	41.0
66-67	35.60187387835093	37.0	34.0	39.0	29.0	41.0
68-69	35.30608797576663	36.0	34.0	39.0	29.0	40.5
70-71	35.06777668804729	36.0	34.0	39.0	29.0	40.0
72-73	34.90191621127546	35.0	33.5	38.0	29.0	40.0
74-75	34.80556143959684	35.0	33.0	37.0	30.0	39.0
76	33.15116684723269	34.0	31.0	36.0	27.0	38.0
>>END_MODULE
>>Per sequence quality scores	pass
#Quality	Count
12	1.0
13	1.0
14	11.0
15	19.0
16	57.0
17	137.0
18	350.0
19	3831.0
20	53791.0
21	166546.0
22	311198.0
23	450479.0
24	577340.0
25	693827.0
26	805136.0
27	921459.0
28	1055259.0
29	1206940.0
30	1399165.0
31	1648833.0
32	1973221.0
33	2412592.0
34	3042906.0
35	3946512.0
36	5390142.0
37	8020934.0
38	1.2763651E7
39	1.6481273E7
40	1349942.0
>>END_MODULE
>>Per base sequence content	fail
#Base	G	A	T	C
1	30.168384780273065	15.175807520935669	16.564408802946847	38.091398895844414
2	18.740159428508072	25.234478112020568	35.16013597613505	20.865226483336304
3	24.54917868777456	27.163688086601333	24.384440290870575	23.90269293475353
4	26.64039157666462	32.45502334490847	19.43334380136504	21.47124127706187
5	25.4294977285758	31.74599869849009	22.771257089011648	20.053246483922457
6	20.715665869994726	34.351764438427004	23.44391765459673	21.48865203698154
7	18.162086862309867	17.039841513696178	41.35642128590946	23.441650338084496
8	20.626700261984844	22.6426961387094	28.34381996383042	28.386783635475332
9	20.569851600984506	22.324452225598666	30.351202627724472	26.754493545692355
10-11	24.617145644642125	30.609886922949126	21.022341266982234	23.750626165426517
12-13	21.639869830637586	24.29349575863928	28.584288772178496	25.482345638544636
14-15	22.179327156320145	26.05648112000669	27.713728447684026	24.050463275989138
16-17	22.813708372771337	26.421912038603175	26.357417042110498	24.406962546514993
18-19	22.75529674968677	26.131070415882945	27.01939687156062	24.094235962869668
20-21	22.735139848764714	26.42696304132049	27.121426730862275	23.71647037905252
22-23	23.164137070766156	26.879871042940408	26.550923597977537	23.4050682883159
24-25	22.687976665200814	26.623019238345446	26.72688268602088	23.962121410432857
26-27	22.505455864614753	27.100568018473005	26.647750418943637	23.746225697968608
28-29	23.024460922838365	27.082291140683534	26.298231789691922	23.59501614678618
30-31	22.666989595727305	26.517939022841748	26.841336017093294	23.97373536433766
32-33	22.5547100374674	27.007819553851764	26.76359940235034	23.6738710063305
34-35	22.803964346853792	26.77420476315973	26.61962420499438	23.802206684992093
36-37	22.837303418418472	26.908134646271346	26.575820200835338	23.678741734474844
38-39	22.887422476200587	26.57350859785118	26.94218949992344	23.59687942602479
40-41	23.04396251938983	26.63758076217993	26.682805859549298	23.635650858880947
42-43	22.744086870915204	26.713394554015412	26.862937295063006	23.679581280006385
44-45	22.761070885071017	26.637254177195903	27.045478704236526	23.55619623349656
46-47	22.97502369212983	26.36014814031326	26.793281763444003	23.8715464041129
48-49	22.90400536386139	26.497009330851657	27.085895345864884	23.51308995942207
50-51	22.972665593644408	26.54694003804093	27.21177913052133	23.26861523779333
52-53	22.987472507355633	26.477259299808985	26.554234076292698	23.981034116542684
54-55	23.163540124681756	26.507947560876893	26.637798063545574	23.690714250895777
56-57	22.744382532118763	26.512843388133806	27.117340295537556	23.625433784209875
58-59	22.935211135147316	26.631955102974036	26.9999563548917	23.432877406986943
60-61	22.967949202103622	26.788655649722255	26.703335844970848	23.540059303203275
62-63	22.657418960001447	26.798366386972194	26.876241316994086	23.66797333603227
64-65	22.890036668407678	26.657107065105222	26.98185939190465	23.470996874582443
66-67	22.903980192961193	27.064283793764925	26.56436325658273	23.46737275669115
68-69	22.677157770183218	27.095040360353924	26.707888197531627	23.51991367193123
70-71	22.767312739408773	27.15943994505965	26.60632823486992	23.46691908066166
72-73	22.744842046224413	26.75650562546803	26.930508247832247	23.568144080475307
74-75	22.789172836223877	23.344666564193624	28.83824330946806	25.027917290114445
76	24.224381626915157	0.0	39.95796918769964	35.8176491853852
>>END_MODULE
>>Per sequence GC content	warn
#GC Content	Count
0	5850.0
1	4778.5
2	3330.0
3	2955.0
4	3003.5
5	3266.5
6	3814.5
7	4506.5
8	5275.0
9	6156.5
10	7196.5
11	8563.0
12	9838.5
13	11513.5
14	14771.5
15	19177.0
16	23989.5
17	29303.0
18	41060.5
19	60424.5
20	83643.0
21	106524.0
22	144711.0
23	204630.0
24	264132.5
25	313981.5
26	393288.5
27	500902.5
28	597854.0
29	675897.0
30	800764.5
31	977086.0
32	1159782.0
33	1295521.0
34	1409213.5
35	1587240.5
36	1754165.0
37	1885090.5
38	2077021.0
39	2427200.5
40	2741898.0
41	3067572.5
42	3415310.5
43	3748936.5
44	3987592.5
45	4060251.5
46	4143365.0
47	4120786.5
48	3945541.5
49	3610787.5
50	3343507.0
51	3226891.5
52	3094067.0
53	2966521.5
54	2825593.5
55	2641395.0
56	2430311.0
57	2150840.0
58	1910476.0
59	1712313.5
60	1534936.5
61	1330448.0
62	1147113.5
63	1026251.0
64	855520.5
65	710371.5
66	578363.5
67	490091.0
68	429226.5
69	344810.0
70	262686.5
71	211404.0
72	176930.0
73	135538.5
74	99852.0
75	78468.5
76	63546.5
77	47000.0
78	33481.0
79	24894.5
80	18998.5
81	13604.0
82	10194.0
83	7518.0
84	5415.0
85	3988.5
86	3089.5
87	2571.0
88	1967.5
89	1363.0
90	987.0
91	759.5
92	658.0
93	464.5
94	251.5
95	174.0
96	143.0
97	141.0
98	112.0
99	120.5
100	161.0
>>END_MODULE
>>Per base N content	pass
#Base	N-Count
1	0.8946317011004142
2	0.012868850151153714
3	0.007948907680773908
4	0.17120070082740538
5	0.040240861952892774
6	0.014617578917338364
7	0.011212892141795834
8	0.007169633323429025
9	0.0056095384294588095
10-11	0.004865053105923965
12-13	0.006598320079304153
14-15	0.0034402488989927925
16-17	0.003585589751354735
18-19	0.006448340689100872
20-21	0.004759405182661128
22-23	0.0040780631567112645
24-25	0.0032722294307844565
26-27	0.0022644773028453386
28-29	0.0018288045218994024
30-31	0.0014186730766653282
32-33	0.002094151840922914
34-35	0.001801675528305307
36-37	0.0021904861092186955
38-39	0.00385821606239558
40-41	0.003631694782745236
42-43	0.0019216208766931575
44-45	8.133075411146755E-4
46-47	0.002001422277759149
48-49	0.0034291460806805656
50-51	0.004861500611225933
52-53	0.003726411329173738
54-55	0.0023031281567632454
56-57	0.001996597476739926
58-59	0.0034104300870317046
60-61	0.003047723866238226
62-63	0.001421058214683868
64-65	0.003836333370098545
66-67	0.0014598454602853784
68-69	0.0012165791265457736
70-71	3.416676895072815E-4
72-73	1.2876066353262623E-4
74-75	0.0
76	0.0
>>END_MODULE
>>Sequence Length Distribution	warn
#Length	Count
20-21	143347.0
22-23	187556.0
24-25	178014.0
26-27	181513.0
28-29	147749.0
30-31	170696.0
32-33	158764.0
34-35	153731.0
36-37	159265.0
38-39	178169.0
40-41	201657.0
42-43	238792.0
44-45	218704.0
46-47	217835.0
48-49	259459.0
50-51	230437.0
52-53	250057.0
54-55	292530.0
56-57	310625.0
58-59	382210.0
60-61	366062.0
62-63	390391.0
64-65	461844.0
66-67	556320.0
68-69	642613.0
70-71	901343.0
72-73	2735552.0
74-75	1.9587257E7
76-77	3.4773061E7
>>END_MODULE
>>Sequence Duplication Levels	warn
#Total Deduplicated Percentage	67.41067489153313
#Duplication Level	Percentage of deduplicated	Percentage of total
1	87.19367542916788	58.77784506953496
2	8.16893506843363	11.013468522164468
3	2.2211851832937164	4.491947767947094
4	0.8895176509357995	2.398519407100537
5	0.4571775180813863	1.540932251955117
6	0.280458261278687	1.1343528403021335
7	0.17184728850868136	0.810903918765515
8	0.11891334164521482	0.6412822891129105
9	0.08505364585428096	0.5160171302120276
>10	0.35640972875257715	4.167527113850807
>50	0.02297080999388323	1.084070958885368
>100	0.02451143302659974	3.595557044140317
>500	0.005101326423440031	2.4425293639952312
>1k	0.003942800720605268	4.866740146710259
>5k	2.0328880363668032E-4	0.9709703654101919
>10k+	9.722508000015145E-5	1.5473358099129955
>>END_MODULE
>>Overrepresented sequences	pass
>>END_MODULE
>>Adapter Content	pass
#Position	Illumina Universal Adapter	Illumina Small RNA 3' Adapter	Illumina Small RNA 5' Adapter	Nextera Transposase Sequence	SOLID Small RNA Adapter
1	2.3192689206692982E-5	6.1847171217847955E-6	0.0	4.6385378413385964E-6	1.5461792804461989E-6
2	2.3192689206692982E-5	2.783122704803158E-5	0.0	2.4738868487139182E-5	1.5461792804461989E-6
3	2.3192689206692982E-5	2.937740632847778E-5	0.0	2.4738868487139182E-5	1.5461792804461989E-6
4	2.3192689206692982E-5	2.937740632847778E-5	0.0	2.783122704803158E-5	3.0923585608923978E-6
5	2.3192689206692982E-5	3.2469764889370175E-5	0.0	2.783122704803158E-5	3.0923585608923978E-6
6	2.3192689206692982E-5	3.401594416981638E-5	0.0	2.937740632847778E-5	3.0923585608923978E-6
7	2.3192689206692982E-5	4.483919913293977E-5	0.0	3.092358560892398E-5	6.1847171217847955E-6
8	2.3192689206692982E-5	4.6385378413385964E-5	0.0	3.2469764889370175E-5	6.1847171217847955E-6
9	2.4738868487139182E-5	4.9477736974278364E-5	0.0	3.401594416981638E-5	7.730896402230995E-6
10	2.4738868487139182E-5	5.2570095535170764E-5	0.0	3.401594416981638E-5	9.277075682677193E-6
11	2.783122704803158E-5	5.411627481561696E-5	0.0	3.5562123450262575E-5	9.277075682677193E-6
12	2.783122704803158E-5	5.411627481561696E-5	0.0	3.710830273070877E-5	1.0823254963123393E-5
13	2.783122704803158E-5	6.0300991937401754E-5	0.0	3.8654482011154975E-5	1.0823254963123393E-5
14	2.783122704803158E-5	6.0300991937401754E-5	0.0	3.8654482011154975E-5	1.0823254963123393E-5
15	2.783122704803158E-5	6.184717121784796E-5	0.0	5.875481265695556E-5	1.0823254963123393E-5
16	2.783122704803158E-5	6.339335049829416E-5	0.0	5.875481265695556E-5	1.0823254963123393E-5
17	3.092358560892398E-5	6.648570905918655E-5	0.0	6.339335049829416E-5	1.391561352401579E-5
18	3.092358560892398E-5	6.648570905918655E-5	0.0	6.493952977874035E-5	1.546179280446199E-5
19	3.2469764889370175E-5	6.648570905918655E-5	0.0	6.648570905918655E-5	1.546179280446199E-5
20	3.710830273070877E-5	6.957806762007895E-5	0.0	6.803188833963276E-5	1.8554151365354386E-5
21	4.020066129160117E-5	7.112424690052515E-5	0.0	7.421660546141754E-5	1.8554151365354386E-5
22	4.020066129160117E-5	7.576278474186375E-5	0.0	7.421660546141754E-5	2.0100330645800586E-5
23	6.648570905918655E-5	7.730896402230995E-5	0.0	7.421660546141754E-5	2.0100330645800586E-5
24	6.957806762007895E-5	7.730896402230995E-5	0.0	8.194750186364855E-5	2.0100330645800586E-5
25	7.112424690052515E-5	8.040132258320234E-5	0.0	8.349368114409474E-5	2.0100330645800586E-5
26	7.576278474186375E-5	8.040132258320234E-5	0.0	9.122457754632574E-5	2.0100330645800586E-5
27	7.730896402230995E-5	8.040132258320234E-5	0.0	9.122457754632574E-5	2.1646509926246786E-5
28	7.730896402230995E-5	8.194750186364855E-5	0.0	9.431693610721813E-5	2.1646509926246786E-5
29	7.730896402230995E-5	8.194750186364855E-5	0.0	9.431693610721813E-5	2.1646509926246786E-5
30	8.040132258320234E-5	8.349368114409474E-5	0.0	9.586311538766434E-5	2.6285047767585382E-5
31	8.349368114409474E-5	8.503986042454094E-5	0.0	9.740929466811052E-5	2.783122704803158E-5
32	8.503986042454094E-5	8.503986042454094E-5	0.0	1.0050165322900293E-4	2.783122704803158E-5
33	8.503986042454094E-5	8.503986042454094E-5	0.0	1.0050165322900293E-4	2.937740632847778E-5
34	8.503986042454094E-5	8.503986042454094E-5	0.0	1.0050165322900293E-4	2.937740632847778E-5
35	8.658603970498714E-5	8.813221898543333E-5	0.0	1.0514019107034153E-4	3.092358560892398E-5
36	8.658603970498714E-5	9.122457754632574E-5	0.0	1.1287108747257252E-4	3.092358560892398E-5
37	8.658603970498714E-5	9.277075682677193E-5	0.0	1.1287108747257252E-4	3.092358560892398E-5
38	8.813221898543333E-5	9.277075682677193E-5	0.0	1.1441726675301872E-4	3.092358560892398E-5
39	8.967839826587954E-5	9.431693610721813E-5	0.0	1.1596344603346491E-4	3.092358560892398E-5
40	8.967839826587954E-5	9.431693610721813E-5	0.0	1.1750962531391111E-4	3.092358560892398E-5
41	8.967839826587954E-5	9.586311538766434E-5	0.0	1.2678670099658832E-4	3.2469764889370175E-5
42	8.967839826587954E-5	9.740929466811052E-5	0.0	1.345175973988193E-4	3.2469764889370175E-5
43	9.277075682677193E-5	1.0204783250944912E-4	0.0	1.376099559597117E-4	3.2469764889370175E-5
44	9.277075682677193E-5	1.0823254963123392E-4	0.0	1.391561352401579E-4	3.401594416981638E-5
45	9.277075682677193E-5	1.0823254963123392E-4	0.0	1.391561352401579E-4	3.401594416981638E-5
46	9.277075682677193E-5	1.0823254963123392E-4	0.0	1.391561352401579E-4	3.401594416981638E-5
47	9.277075682677193E-5	1.0977872891168012E-4	0.0	1.4843321092283509E-4	3.710830273070877E-5
48	9.277075682677193E-5	1.1132490819212631E-4	0.0	1.5616410732506608E-4	3.8654482011154975E-5
49	9.277075682677193E-5	1.1132490819212631E-4	0.0	1.5616410732506608E-4	3.8654482011154975E-5
50	9.277075682677193E-5	1.1132490819212631E-4	0.0	1.6080264516640469E-4	3.8654482011154975E-5
51	9.277075682677193E-5	1.1596344603346491E-4	0.0	1.6698736228818947E-4	4.174684057204737E-5
52	9.277075682677193E-5	1.283328802770345E-4	0.0	1.7162590012952808E-4	4.483919913293977E-5
53	9.277075682677193E-5	1.360637766792655E-4	0.0	1.7781061725131287E-4	4.6385378413385964E-5
54	9.277075682677193E-5	1.360637766792655E-4	0.0	1.7781061725131287E-4	4.6385378413385964E-5
55	9.277075682677193E-5	1.407023145206041E-4	0.0	1.8090297581220527E-4	4.6385378413385964E-5
56	9.277075682677193E-5	1.437946730814965E-4	0.0	1.9327241005577487E-4	4.9477736974278364E-5
57	9.277075682677193E-5	1.4688703164238888E-4	0.0	1.9945712717755966E-4	4.9477736974278364E-5
58	9.277075682677193E-5	1.499793902032813E-4	0.0	2.0873420286023685E-4	4.9477736974278364E-5
59	9.277075682677193E-5	1.499793902032813E-4	0.0	2.2264981638425263E-4	4.9477736974278364E-5
60	9.277075682677193E-5	1.499793902032813E-4	0.0	2.3965778846916084E-4	5.102391625472456E-5
61	9.277075682677193E-5	1.515255694837275E-4	0.0	2.4275014703005322E-4	5.2570095535170764E-5
62	9.277075682677193E-5	1.6080264516640469E-4	0.0	2.520272227127304E-4	5.2570095535170764E-5
63	9.277075682677193E-5	1.7007972084908188E-4	0.0	2.551195812736228E-4	5.2570095535170764E-5
64	9.277075682677193E-5	1.7317207940997428E-4	0.0	2.752199119194234E-4	5.2570095535170764E-5
65	9.431693610721813E-5	1.7626443797086666E-4	0.0	2.767660911998696E-4	5.720863337650936E-5
>>END_MODULE
