##FastQC	0.11.7
>>Basic Statistics	pass
#Measure	Value
Filename	SRR1099957_2.fastq.gz
File type	Conventional base calls
Encoding	Sanger / Illumina 1.9
Total Sequences	29714432
Sequences flagged as poor quality	0
Sequence length	76
%GC	49
>>END_MODULE
>>Per base sequence quality	pass
#Base	Mean	Median	Lower Quartile	Upper Quartile	10th Percentile	90th Percentile
1	31.617370239484973	34.0	31.0	34.0	30.0	34.0
2	31.791143138795317	34.0	31.0	34.0	30.0	34.0
3	31.9211866139659	34.0	31.0	34.0	30.0	34.0
4	35.321152428557276	37.0	35.0	37.0	33.0	37.0
5	35.29802134531799	37.0	35.0	37.0	33.0	37.0
6	35.28509388973008	37.0	35.0	37.0	33.0	37.0
7	35.31074455671911	37.0	35.0	37.0	33.0	37.0
8	35.304961003461216	37.0	35.0	37.0	33.0	37.0
9	36.974347986863755	39.0	37.0	39.0	33.0	39.0
10-11	36.9792465829399	39.0	38.0	39.0	33.0	39.0
12-13	36.92560083261898	39.0	37.0	39.0	33.0	39.0
14-15	38.333143066641824	41.0	38.0	41.0	33.0	41.0
16-17	38.27858210448041	41.0	38.0	41.0	33.0	41.0
18-19	38.26212109657691	41.0	38.5	41.0	33.0	41.0
20-21	38.25435862277293	41.0	39.0	41.0	33.0	41.0
22-23	38.195562025213874	41.0	38.5	41.0	33.0	41.0
24-25	38.13599766941532	41.0	38.0	41.0	33.0	41.0
26-27	38.049288002543676	41.0	38.0	41.0	33.0	41.0
28-29	37.95554799768678	40.5	38.0	41.0	33.0	41.0
30-31	37.8595619293682	40.0	38.0	41.0	33.0	41.0
32-33	37.78751387541246	40.0	38.0	41.0	32.0	41.0
34-35	37.70312387260171	40.0	38.0	41.0	32.0	41.0
36-37	37.60555611495451	40.0	38.0	41.0	32.0	41.0
38-39	37.493272965810014	40.0	38.0	41.0	32.0	41.0
40-41	37.41025224712355	40.0	38.0	41.0	31.5	41.0
42-43	37.29795053797427	40.0	37.0	41.0	31.0	41.0
44-45	37.15650941939593	40.0	37.0	41.0	31.0	41.0
46-47	37.03030677147051	40.0	37.0	41.0	31.0	41.0
48-49	36.907140627826905	40.0	36.5	41.0	31.0	41.0
50-51	36.75415023918344	40.0	36.0	41.0	30.5	41.0
52-53	36.55924005210667	40.0	35.5	41.0	30.0	41.0
54-55	36.356291750756	39.5	35.0	41.0	30.0	41.0
56-57	36.12834588256642	39.0	35.0	41.0	29.5	41.0
58-59	35.90030750040923	39.0	35.0	41.0	29.0	41.0
60-61	35.6280777300404	38.5	35.0	41.0	29.0	41.0
62-63	35.33623079182533	38.0	35.0	41.0	29.0	41.0
64-65	35.03329314859527	37.0	35.0	40.0	28.0	41.0
66-67	34.692450961202965	37.0	34.5	40.0	28.0	41.0
68-69	34.359200169129934	36.0	34.0	39.0	28.0	41.0
70-71	34.00223677504588	36.0	34.0	39.0	28.0	41.0
72-73	33.61247012899321	35.0	34.0	39.0	27.0	41.0
74-75	33.22534479205256	35.0	34.0	37.5	26.5	40.0
76	32.01476275905257	35.0	32.0	37.0	23.0	39.0
>>END_MODULE
>>Per sequence quality scores	pass
#Quality	Count
2	333985.0
3	44421.0
4	39404.0
5	32286.0
6	29803.0
7	29857.0
8	30988.0
9	33314.0
10	35815.0
11	39095.0
12	43590.0
13	47454.0
14	50994.0
15	54076.0
16	57521.0
17	59744.0
18	62709.0
19	66601.0
20	70989.0
21	77413.0
22	87663.0
23	102367.0
24	120913.0
25	144917.0
26	174302.0
27	206732.0
28	246819.0
29	295118.0
30	356832.0
31	435850.0
32	540617.0
33	685652.0
34	909912.0
35	1281985.0
36	1991223.0
37	3401325.0
38	5738675.0
39	9014086.0
40	2739385.0
>>END_MODULE
>>Per base sequence content	fail
#Base	G	A	T	C
1	27.19285970857024	12.290265954144694	15.282904750436327	45.233969586848744
2	21.538210758636474	22.11002557054685	35.249738715496974	21.102024955319703
3	26.956115319301244	23.690090524119483	23.692402331771426	25.661391824807843
4	26.911388802292695	31.444940215376892	18.411393975036912	23.232277007293504
5	27.22704294389712	31.673504514118335	20.74275377275665	20.356698769227897
6	21.556064222775536	33.45606430025579	21.91972958178888	23.068141895179796
7	19.10440380651066	15.807805067250765	40.38867374939603	24.699117376842548
8	21.11928374914502	20.424275533678628	27.31010842017694	31.146332296999407
9	21.75637321259489	20.087761912932866	29.63906275705907	28.516802117413174
10-11	25.734129620857278	29.628687284763227	20.24707661235325	24.390106482026244
12-13	23.083232893812976	23.4339441585117	27.616999145642453	25.86582380203287
14-15	23.68550798078156	24.79823461964464	26.567016361781736	24.949241037792067
16-17	24.515036311638802	25.10811591638643	25.39404188935896	24.98280588261581
18-19	24.459282329895814	25.447962691573974	25.150841654632366	24.941913323897847
20-21	24.28564173685472	25.490550804508636	25.45059192220022	24.773215536436417
22-23	24.416116507888567	25.685710968048202	25.396098828808068	24.502073695255167
24-25	24.43435644512844	25.733665895141726	25.321537437544254	24.510440222185576
26-27	24.261311156343286	25.740155459983583	25.41863476979899	24.57989861387414
28-29	24.40323119419566	25.46363769938052	25.393352544148843	24.739778562274978
30-31	24.131174187211332	25.63305758660541	25.506902654527497	24.728865571655753
32-33	24.139516430038157	25.748253427885725	25.51839127883056	24.59383886324556
34-35	24.512659032137357	25.702665016592924	25.21520491864628	24.56947103262344
36-37	24.364363841852814	25.621394276508035	25.313375278801082	24.70086660283807
38-39	24.244159274041056	25.650865700464482	25.520281712395505	24.584693313098956
40-41	24.352685496692093	25.617214605594178	25.43964954090731	24.590450356806414
42-43	24.17768931875612	25.608877228565184	25.566517213294293	24.6469162393844
44-45	24.283128327302713	25.64897995034133	25.537335597586335	24.53055612476962
46-47	24.35548852220596	25.631250635047024	25.414225787545032	24.599035055201984
48-49	24.32231922950108	25.565023897065636	25.485931699286642	24.626725174146646
50-51	24.226232955248605	25.692395255976635	25.500665562512264	24.580706226262492
52-53	24.38716813220398	25.652398579714188	25.395785002554028	24.56464828552781
54-55	24.276918226579745	25.6384230725443	25.481979290381297	24.60267941049466
56-57	24.24457476871947	25.59451758727656	25.58413856764207	24.5767690763619
58-59	24.37448890222205	25.61825369668132	25.41734182221073	24.589915578885897
60-61	24.248922290029697	25.658880838739424	25.53585063389454	24.556346237336342
62-63	24.154851297878984	25.683921609004273	25.68707577573177	24.47415131738497
64-65	24.341487977220726	25.64474447572438	25.52778726478237	24.48598028227252
66-67	24.35727618241131	25.623363801635218	25.48968176741175	24.529678248541718
68-69	24.25277652304287	25.71643202127496	25.544252809193026	24.486538646489148
70-71	24.3674075215715	25.643712905351855	25.545664201367853	24.443215371708796
72-73	24.328420083477358	25.73290158451175	25.570973041924717	24.36770529008617
74-75	24.301266350228985	25.80753310023183	25.541728948201364	24.349471601337825
76	24.480530977928193	25.604360062662412	25.401165898563114	24.51394306084628
>>END_MODULE
>>Per sequence GC content	pass
#GC Content	Count
0	13173.0
1	7858.5
2	1554.0
3	532.0
4	500.0
5	501.0
6	495.5
7	536.5
8	584.0
9	608.5
10	724.5
11	998.5
12	1181.0
13	1454.0
14	2325.0
15	4017.0
16	6695.5
17	8280.0
18	11416.5
19	19987.0
20	33108.5
21	40796.0
22	53308.5
23	83586.5
24	124167.5
25	146983.0
26	178029.0
27	243135.5
28	314583.5
29	351971.0
30	392694.5
31	474108.5
32	555377.5
33	595956.0
34	638199.0
35	719659.5
36	798320.0
37	837763.0
38	874450.0
39	947352.0
40	1012907.5
41	1073436.0
42	1104624.0
43	1122362.0
44	1152243.0
45	1161948.5
46	1159511.0
47	1171880.5
48	1192944.0
49	1205808.5
50	1209979.0
51	1212322.0
52	1206249.0
53	1182591.5
54	1167350.0
55	1148732.5
56	1115684.0
57	1079050.5
58	1056848.0
59	1029421.5
60	966798.5
61	888705.0
62	845808.0
63	796733.5
64	695104.0
65	599187.0
66	507551.5
67	459278.0
68	413338.5
69	329785.0
70	256959.5
71	221748.0
72	194756.5
73	146654.5
74	107351.0
75	89158.0
76	77850.0
77	57988.5
78	41072.5
79	32710.0
80	27507.5
81	18016.0
82	10955.5
83	8184.0
84	6240.0
85	3211.5
86	1659.0
87	1191.0
88	970.5
89	610.5
90	409.5
91	287.0
92	226.0
93	181.5
94	124.5
95	96.0
96	80.0
97	71.0
98	61.5
99	137.0
100	213.0
>>END_MODULE
>>Per base N content	pass
#Base	N-Count
1	0.14446178880350127
2	0.13743826568853815
3	0.1369132682731408
4	0.13347386212867873
5	0.13342001623992003
6	0.09910672362843753
7	0.07948326254393824
8	0.07492991957578055
9	0.07268185372010476
10-11	0.07057176795437316
12-13	0.06991552118512648
14-15	0.06953186922772073
16-17	0.06624053927734509
18-19	0.06663260465486939
20-21	0.06783908909986905
22-23	0.0692592744158798
24-25	0.07237392254376594
26-27	0.06808476096733063
28-29	0.0686366813271073
30-31	0.07128354329640224
32-33	0.0706155177389896
34-35	0.06731240900044799
36-37	0.06839100945964573
38-39	0.06646601893652217
40-41	0.07003162638276242
42-43	0.07180349265972845
44-45	0.07380756933196636
46-47	0.07319338966331243
48-49	0.07572751180301882
50-51	0.07615996159711214
52-53	0.08100440890137156
54-55	0.08686688003997518
56-57	0.083225551812668
58-59	0.08094214959249431
60-61	0.08131402276173409
62-63	0.07924600409659521
64-65	0.07818254779361086
66-67	0.07768110795454546
68-69	0.07930658072144875
70-71	0.07934023440192295
72-73	0.08031955650372183
74-75	0.07621212480184712
76	0.21364029438624305
>>END_MODULE
>>Sequence Length Distribution	pass
#Length	Count
76	2.9714432E7
>>END_MODULE
>>Sequence Duplication Levels	pass
#Total Deduplicated Percentage	81.29315616434883
#Duplication Level	Percentage of deduplicated	Percentage of total
1	89.26587895640971	72.56705038151274
2	7.331482562156215	11.91998713683131
3	1.817191161026539	4.431756145014145
4	0.6934573885135153	2.2549335911100292
5	0.31431702954707735	1.2775911684042403
6	0.1668818728564952	0.8139812490673243
7	0.09689607052459084	0.5513891175007126
8	0.06287968832563898	0.40893506580974004
9	0.04291212684426611	0.3139616006005743
>10	0.1846281696682716	2.6557121885643356
>50	0.013253539527603478	0.7456059759821491
>100	0.00949550766483481	1.4316733279911433
>500	5.334286914270388E-4	0.28785648512628875
>1k	1.77690698042413E-4	0.19428572307414732
>5k	0.0	0.0
>10k+	1.480754564341282E-5	0.14528084341115827
>>END_MODULE
>>Overrepresented sequences	pass
>>END_MODULE
>>Adapter Content	pass
#Position	Illumina Universal Adapter	Illumina Small RNA 3' Adapter	Illumina Small RNA 5' Adapter	Nextera Transposase Sequence	SOLID Small RNA Adapter
1	0.0	3.3653680474188436E-6	0.0	0.0	0.0
2	0.0	6.730736094837687E-6	0.0	3.3653680474188436E-6	3.3653680474188436E-6
3	0.0	6.730736094837687E-6	0.0	3.3653680474188436E-6	3.3653680474188436E-6
4	3.3653680474188436E-6	6.730736094837687E-6	0.0	1.009610414225653E-5	3.3653680474188436E-6
5	3.3653680474188436E-6	6.730736094837687E-6	0.0	1.009610414225653E-5	6.730736094837687E-6
6	3.3653680474188436E-6	6.730736094837687E-6	0.0	2.019220828451306E-5	6.730736094837687E-6
7	6.730736094837687E-6	1.009610414225653E-5	0.0	2.019220828451306E-5	1.009610414225653E-5
8	6.730736094837687E-6	1.3461472189675375E-5	0.0	3.028831242676959E-5	1.009610414225653E-5
9	6.730736094837687E-6	1.3461472189675375E-5	0.0	3.3653680474188435E-5	1.3461472189675375E-5
10	6.730736094837687E-6	1.6826840237094218E-5	0.0	3.3653680474188435E-5	1.3461472189675375E-5
11	1.009610414225653E-5	2.3557576331931904E-5	0.0	4.038441656902612E-5	1.6826840237094218E-5
12	1.009610414225653E-5	2.3557576331931904E-5	0.0	4.711515266386381E-5	1.6826840237094218E-5
13	1.009610414225653E-5	2.3557576331931904E-5	0.0	5.048052071128265E-5	1.6826840237094218E-5
14	1.009610414225653E-5	2.3557576331931904E-5	0.0	5.048052071128265E-5	2.019220828451306E-5
15	4.038441656902612E-5	3.3653680474188435E-5	0.0	5.38458887587015E-5	2.019220828451306E-5
16	1.312493538493349E-4	3.701904852160728E-5	0.0	5.38458887587015E-5	2.019220828451306E-5
17	4.980744710179889E-4	3.701904852160728E-5	0.0	5.721125680612034E-5	2.019220828451306E-5
18	0.0013360511148252808	4.038441656902612E-5	0.0	6.394199290095803E-5	2.692294437935075E-5
19	0.002217777543249018	4.374978461644497E-5	0.0	6.394199290095803E-5	2.692294437935075E-5
20	0.003187003540905645	4.374978461644497E-5	0.0	6.394199290095803E-5	3.028831242676959E-5
21	0.0041797871148942034	4.374978461644497E-5	0.0	6.730736094837687E-5	3.3653680474188435E-5
22	0.00520958973740437	4.711515266386381E-5	0.0	7.067272899579571E-5	3.701904852160728E-5
23	0.006151892790681646	5.38458887587015E-5	0.0	7.067272899579571E-5	3.701904852160728E-5
24	0.007097561212006341	5.38458887587015E-5	0.0	8.076883313805224E-5	3.701904852160728E-5
25	0.007851403654628162	5.38458887587015E-5	0.0	8.076883313805224E-5	3.701904852160728E-5
26	0.00858505388896547	5.38458887587015E-5	0.0	8.749956923288993E-5	4.038441656902612E-5
27	0.009295146546970846	5.38458887587015E-5	0.0	8.749956923288993E-5	4.038441656902612E-5
28	0.010052354357640085	6.057662485353918E-5	0.0	9.086493728030878E-5	4.374978461644497E-5
29	0.010631197661796127	6.730736094837687E-5	0.0	9.423030532772762E-5	4.374978461644497E-5
30	0.01129080979909022	6.730736094837687E-5	0.0	9.423030532772762E-5	4.711515266386381E-5
31	0.011849460894961748	7.067272899579571E-5	0.0	1.0432640946998414E-4	4.711515266386381E-5
32	0.012408111990833276	7.403809704321455E-5	0.0	1.1778788165965952E-4	5.048052071128265E-5
33	0.012906186461851264	7.403809704321455E-5	0.0	1.1778788165965952E-4	5.048052071128265E-5
34	0.013491760502102143	7.74034650906334E-5	0.0	1.1778788165965952E-4	5.048052071128265E-5
35	0.014040315493831414	9.086493728030878E-5	0.0	1.2115324970707836E-4	5.38458887587015E-5
36	0.014609062693845199	9.423030532772762E-5	0.0	1.2115324970707836E-4	5.38458887587015E-5
37	0.01510377179681577	1.07691777517403E-4	0.0	1.2451861775449722E-4	5.38458887587015E-5
38	0.015611942371976014	1.1105714556482184E-4	0.0	1.312493538493349E-4	5.721125680612034E-5
39	0.016076363162519817	1.1105714556482184E-4	0.0	1.3798008994417258E-4	5.721125680612034E-5
40	0.016517226376731683	1.1105714556482184E-4	0.0	1.4134545799159142E-4	5.721125680612034E-5
41	0.016947993486801295	1.1105714556482184E-4	0.0	1.4471082603901027E-4	5.721125680612034E-5
42	0.017392222069060582	1.1778788165965952E-4	0.0	1.480761940864291E-4	6.057662485353918E-5
43	0.017816258443035356	1.1778788165965952E-4	0.0	1.480761940864291E-4	6.057662485353918E-5
44	0.01827394849748432	1.2788398580191606E-4	0.0	1.480761940864291E-4	6.057662485353918E-5
45	0.018751830760217796	1.2788398580191606E-4	0.0	1.5144156213384795E-4	6.057662485353918E-5
46	0.019165771030050315	1.2788398580191606E-4	0.0	1.7499913846577987E-4	6.394199290095803E-5
47	0.01965038402887863	1.2788398580191606E-4	0.0	1.7499913846577987E-4	6.394199290095803E-5
48	0.02004749745847405	1.3798008994417258E-4	0.0	1.7499913846577987E-4	6.730736094837687E-5
49	0.020522014353160107	1.3798008994417258E-4	0.0	1.783645065131987E-4	7.067272899579571E-5
50	0.020966242935419394	1.3798008994417258E-4	0.0	1.9182597870287407E-4	7.067272899579571E-5
51	0.0214676827744848	1.3798008994417258E-4	0.0	1.9182597870287407E-4	7.067272899579571E-5
52	0.02208691049520987	1.4471082603901027E-4	0.0	1.9182597870287407E-4	7.067272899579571E-5
53	0.022753253368598802	1.4471082603901027E-4	0.0	1.9519134675029292E-4	7.067272899579571E-5
54	0.02350709581122062	1.4471082603901027E-4	0.0	1.9855671479771176E-4	7.067272899579571E-5
55	0.024112862059756015	1.480761940864291E-4	0.0	1.9855671479771176E-4	7.067272899579571E-5
56	0.02482295471776139	1.5817229822868563E-4	0.0	1.9855671479771176E-4	7.74034650906334E-5
57	0.025687854305948034	1.7499913846577987E-4	0.0	2.019220828451306E-4	7.74034650906334E-5
58	0.026673907143841755	1.783645065131987E-4	0.0	2.019220828451306E-4	7.74034650906334E-5
59	0.02772726734268385	1.850952426080364E-4	0.0	2.0865281893996828E-4	7.74034650906334E-5
60	0.028921972999517542	1.850952426080364E-4	0.0	2.0865281893996828E-4	7.74034650906334E-5
61	0.030362350523812805	1.8846061065545523E-4	0.0	2.1201818698738715E-4	7.74034650906334E-5
62	0.0324320518729754	1.8846061065545523E-4	0.0	2.1874892308222483E-4	7.74034650906334E-5
63	0.0345757913191812	1.9182597870287407E-4	0.0	2.2211429112964368E-4	7.74034650906334E-5
64	0.036823857174856985	1.9519134675029292E-4	0.0	2.2547965917706252E-4	7.74034650906334E-5
65	0.03913586502343373	1.9855671479771176E-4	0.0	2.2884502722448136E-4	8.076883313805224E-5
>>END_MODULE
