##FastQC	0.11.7
>>Basic Statistics	pass
#Measure	Value
Filename	SRR1093861_2_val_2.fq.gz
File type	Conventional base calls
Encoding	Sanger / Illumina 1.9
Total Sequences	33771322
Sequences flagged as poor quality	0
Sequence length	20-76
%GC	49
>>END_MODULE
>>Per base sequence quality	pass
#Base	Mean	Median	Lower Quartile	Upper Quartile	10th Percentile	90th Percentile
1	31.9076627204585	34.0	31.0	34.0	30.0	34.0
2	32.03421171963597	34.0	31.0	34.0	30.0	34.0
3	32.11219344626189	34.0	31.0	34.0	30.0	34.0
4	35.540995670823904	37.0	35.0	37.0	33.0	37.0
5	35.55849768036916	37.0	35.0	37.0	33.0	37.0
6	35.56017848516561	37.0	35.0	37.0	33.0	37.0
7	35.58236204078715	37.0	35.0	37.0	33.0	37.0
8	35.55070417438796	37.0	35.0	37.0	33.0	37.0
9	37.23478935766862	39.0	37.0	39.0	33.0	39.0
10-11	37.260563489341635	39.0	37.0	39.0	33.0	39.0
12-13	37.21725803331004	39.0	37.0	39.0	33.0	39.0
14-15	38.60203359821094	41.0	38.0	41.0	33.0	41.0
16-17	38.55488547353876	41.0	38.0	41.0	33.0	41.0
18-19	38.54466622597718	40.0	38.0	41.0	33.5	41.0
20-21	38.55876620030257	40.0	38.0	41.0	33.0	41.0
22-23	38.53024806128408	40.0	38.0	41.0	33.0	41.0
24-25	38.49965040351269	40.0	38.0	41.0	33.0	41.0
26-27	38.43787587591453	40.0	38.0	41.0	33.0	41.0
28-29	38.381683109385165	40.0	38.0	41.0	33.0	41.0
30-31	38.3098889188511	40.0	38.0	41.0	33.0	41.0
32-33	38.271724804238424	40.0	38.0	41.0	33.0	41.0
34-35	38.2197351384777	40.0	38.0	41.0	33.0	41.0
36-37	38.135300512432764	40.0	38.0	41.0	33.0	41.0
38-39	38.06642325397915	40.0	38.0	41.0	33.0	41.0
40-41	38.01103588191235	40.0	37.5	41.0	32.0	41.0
42-43	37.91920919607959	40.0	37.0	41.0	32.0	41.0
44-45	37.810982715147226	40.0	37.0	41.0	32.0	41.0
46-47	37.697133996936614	40.0	37.0	41.0	32.0	41.0
48-49	37.6527427732028	40.0	36.0	41.0	32.0	41.0
50-51	37.59824138114734	40.0	36.0	41.0	32.0	41.0
52-53	37.51920321287072	40.0	36.0	41.0	32.0	41.0
54-55	37.41756367972985	39.0	35.0	41.0	32.0	41.0
56-57	37.28117281583624	39.0	35.0	41.0	31.5	41.0
58-59	37.084124251756975	39.0	35.0	41.0	31.0	41.0
60-61	36.853717513624915	38.5	35.0	41.0	31.0	41.0
62-63	36.61894449116025	37.5	35.0	40.5	31.0	41.0
64-65	36.36369794961489	37.0	35.0	40.0	31.0	41.0
66-67	36.0966035675383	36.5	35.0	39.5	31.0	41.0
68-69	35.830492804573886	36.0	35.0	39.0	31.0	41.0
70-71	35.570689510042314	36.0	34.0	39.0	31.0	41.0
72-73	35.3571167862508	35.0	34.0	37.5	31.0	40.0
74-75	35.19985855473989	35.0	34.0	37.0	31.0	39.0
76	34.43093407649852	35.0	33.0	36.0	30.0	39.0
>>END_MODULE
>>Per sequence quality scores	pass
#Quality	Count
14	4.0
15	7.0
16	17.0
17	23.0
18	76.0
19	1986.0
20	27354.0
21	66569.0
22	114931.0
23	162383.0
24	209690.0
25	256615.0
26	303607.0
27	351788.0
28	404966.0
29	462592.0
30	539375.0
31	638557.0
32	767758.0
33	954062.0
34	1237888.0
35	1696994.0
36	2524933.0
37	4172578.0
38	6871729.0
39	9663852.0
40	2340988.0
>>END_MODULE
>>Per base sequence content	fail
#Base	G	A	T	C
1	27.26238349454338	12.444880715546752	17.355001311143702	42.93773447876617
2	23.733750736363188	21.229462867349017	33.351791958012186	21.68499443827561
3	27.287221915492765	23.957357280620965	24.153851703544984	24.601569100341283
4	26.804300376683976	30.991956785358372	18.489463013272793	23.714279824684862
5	27.431245090288925	31.295207695512676	20.30421342800573	20.969333786192664
6	21.55830305620416	32.68183993225354	20.92794316186301	24.831913849679292
7	19.21694329610114	14.557831211098962	40.281758323409136	25.943467169390765
8	21.539219330282595	20.17069258491455	25.777102665475553	32.5129854193273
9	21.274554343852287	19.74378869066814	29.26750218699421	29.71415477848537
10-11	26.239215179389326	28.533200731471904	19.893415109416523	25.33416897972225
12-13	23.340436813150085	22.455089186449236	27.63429544124259	26.57017855915809
14-15	24.030105411016738	24.24574200527952	26.452880110596023	25.27127247310772
16-17	24.86293418106015	24.592866061276254	25.032713578592546	25.511486179071046
18-19	24.793337392680023	24.937206518221473	24.93648991906368	25.332966170034826
20-21	24.747063499934566	25.12173290307804	25.180401521287916	24.950802075699475
22-23	24.7972096723237	25.249096433244855	25.014193162632974	24.93950073179847
24-25	24.705873346514675	25.321240491741214	24.97152976511335	25.001356396630758
26-27	24.71792637931298	25.42478608576115	24.912897885385366	24.944389649540508
28-29	24.788890980612223	25.089141659331183	24.99712383911709	25.124843520939503
30-31	24.285868604512125	25.2133911384005	25.40785961734854	25.092880639738834
32-33	24.47121594367001	25.281835121217306	25.35228635652832	24.894662578584363
34-35	24.977839650713587	25.185592319024984	24.881505423683837	24.95506260657759
36-37	24.740161768373955	25.2327614758374	25.140040024585453	24.88703673120319
38-39	24.420428375858084	25.238511407375697	25.245182343561233	25.095877873204987
40-41	24.70235421266812	25.060208805586992	25.176952420360337	25.06048456138455
42-43	24.573104576212668	25.19488355785942	25.347934490142123	24.88407737578579
44-45	24.501426840171273	25.334873498314714	25.416277923101653	24.74742173841236
46-47	24.74744409536052	25.07739029827143	25.21541982623526	24.95974578013279
48-49	24.518220544743542	25.164014200101363	25.25565987632571	25.062105378829386
50-51	24.682625519035987	25.212952575085712	25.307822503539963	24.796599402338344
52-53	24.5935107497907	25.176605856512175	25.306238905213117	24.923644488484012
54-55	24.470766607715966	25.16150505672733	25.390494031067057	24.977234304489645
56-57	24.573570075199687	25.1404172185808	25.382444284386708	24.903568421832805
58-59	24.629983075392428	25.175356431583268	25.262334617517627	24.932325875506674
60-61	24.38346227851986	25.271310147843103	25.396182995142784	24.949044578494252
62-63	24.293832902185	25.300437421920407	25.56074895369629	24.8449807221983
64-65	24.4087031707393	25.26829369211142	25.389750519889205	24.933252617260074
66-67	24.330934884218465	25.409170992527464	25.39263806766346	24.867256055590616
68-69	24.386579866700988	25.37134855188518	25.39479760206384	24.84727397934999
70-71	24.379724006870198	25.374572200146012	25.370759094315844	24.874944698667946
72-73	24.221795621780227	25.270106113433847	25.563896805538956	24.94420145924697
74-75	24.698875923507707	21.86756736948424	27.110525794387307	26.323030912620744
76	25.67730475891094	0.0	37.010598077744106	37.31209716334495
>>END_MODULE
>>Per sequence GC content	pass
#GC Content	Count
0	633.0
1	587.5
2	631.0
3	754.5
4	796.5
5	875.0
6	1030.5
7	1263.0
8	1493.5
9	1681.0
10	1955.0
11	2323.5
12	2673.0
13	3196.0
14	4066.0
15	5334.0
16	6703.5
17	8050.5
18	11167.0
19	16769.0
20	23969.5
21	30893.0
22	42259.0
23	61852.0
24	84596.5
25	104800.0
26	134109.5
27	174925.5
28	213746.5
29	245099.5
30	295451.0
31	371207.5
32	443253.5
33	489887.0
34	539158.0
35	619863.0
36	696275.0
37	751454.5
38	820190.5
39	960650.0
40	1094930.0
41	1229720.5
42	1350134.5
43	1450484.0
44	1526161.5
45	1552429.5
46	1567746.0
47	1567977.5
48	1599354.0
49	1628188.5
50	1636850.0
51	1666986.0
52	1666306.5
53	1636988.5
54	1631054.0
55	1595574.5
56	1523873.5
57	1416801.0
58	1339926.0
59	1267996.5
60	1182717.0
61	1062498.0
62	952549.0
63	880982.5
64	763128.0
65	659505.5
66	562608.5
67	493633.0
68	447179.0
69	373116.0
70	295939.5
71	248858.0
72	214785.0
73	171407.0
74	134742.5
75	113650.5
76	97726.0
77	76886.0
78	58979.0
79	48119.0
80	40451.0
81	31586.0
82	23910.0
83	18173.5
84	13735.0
85	9414.5
86	6607.5
87	5154.0
88	3917.5
89	2645.0
90	1899.5
91	1458.5
92	1225.5
93	891.0
94	503.0
95	349.5
96	304.5
97	287.5
98	184.5
99	193.5
100	304.0
>>END_MODULE
>>Per base N content	pass
#Base	N-Count
1	0.043036514827580634
2	0.016922642234733956
3	0.019235255285534866
4	0.021349475155281156
5	0.019560975433534997
6	0.005575736715311292
7	0.003479283399092283
8	0.003369722985674058
9	0.003636221288583254
10-11	0.0031298745130557814
12-13	0.003711729141074193
14-15	0.002511006231855537
16-17	0.003919005598892456
18-19	0.00206980348592809
20-21	0.001830352748513812
22-23	0.0016229810560315313
24-25	0.0016586560355221812
26-27	0.004058833150369016
28-29	0.002062110561983111
30-31	0.001984180972070651
32-33	0.002408378378777143
34-35	0.003382939936863925
36-37	0.002144277670778903
38-39	0.0015577246284927764
40-41	0.0020336576485264703
42-43	0.0020308909775394266
44-45	0.0020040987653548842
46-47	0.0011219460646943618
48-49	0.0031453747400219546
50-51	0.001698637805823
52-53	0.002039456596101519
54-55	0.0016399648977726135
56-57	0.0017468371149949714
58-59	0.0021760454606983104
60-61	8.387527608945046E-4
62-63	0.001245611498492542
64-65	7.054870306661071E-4
66-67	3.5018762729108134E-4
68-69	6.198084937409336E-4
70-71	2.1192533465308797E-4
72-73	9.451296923503614E-5
74-75	0.0
76	0.0
>>END_MODULE
>>Sequence Length Distribution	warn
#Length	Count
20-21	29430.0
22-23	31578.0
24-25	34058.0
26-27	36142.0
28-29	39087.0
30-31	40886.0
32-33	42655.0
34-35	44851.0
36-37	46466.0
38-39	49611.0
40-41	52658.0
42-43	53334.0
44-45	55183.0
46-47	56919.0
48-49	57904.0
50-51	61219.0
52-53	64533.0
54-55	68622.0
56-57	74269.0
58-59	82663.0
60-61	90408.0
62-63	100440.0
64-65	114540.0
66-67	136181.0
68-69	169024.0
70-71	256633.0
72-73	1105184.0
74-75	1.0134327E7
76-77	2.0642517E7
>>END_MODULE
>>Sequence Duplication Levels	pass
#Total Deduplicated Percentage	77.08244243085353
#Duplication Level	Percentage of deduplicated	Percentage of total
1	89.73784248195992	69.17212076984679
2	7.04321223851677	10.85816003807504
3	1.6990959098172231	3.9291138795895435
4	0.6259102904117125	1.929867757101586
5	0.3035521302469331	1.1699269802261085
6	0.16574895530748474	0.7665800583277984
7	0.0912773695759655	0.49251178099053716
8	0.06107757287594765	0.3766406796021196
9	0.044724876020021224	0.31027524129363127
>10	0.181631933827854	2.5220205590878737
>50	0.01909963909452369	1.0375860089418572
>100	0.021728517868181963	3.5792605648874396
>500	0.0035440076154807996	1.9018189936426442
>1k	0.0015540768618623809	1.954116688387188
>5k	0.0	0.0
>10k+	0.0	0.0
>>END_MODULE
>>Overrepresented sequences	pass
>>END_MODULE
>>Adapter Content	pass
#Position	Illumina Universal Adapter	Illumina Small RNA 3' Adapter	Illumina Small RNA 5' Adapter	Nextera Transposase Sequence	SOLID Small RNA Adapter
1	0.0	1.1844369018186495E-5	0.0	5.922184509093248E-6	2.961092254546624E-6
2	0.0	5.329966058183923E-5	0.0	2.368873803637299E-5	5.922184509093248E-6
3	0.0	5.329966058183923E-5	0.0	2.368873803637299E-5	8.883276763639871E-6
4	0.0	5.329966058183923E-5	0.0	2.9610922545466238E-5	1.1844369018186495E-5
5	0.0	5.329966058183923E-5	0.0	2.9610922545466238E-5	1.1844369018186495E-5
6	0.0	5.6260752836385855E-5	0.0	2.9610922545466238E-5	1.7766553527279743E-5
7	0.0	5.9221845090932476E-5	0.0	3.849419930910611E-5	1.7766553527279743E-5
8	0.0	6.21829373454791E-5	0.0	4.737747607274598E-5	1.7766553527279743E-5
9	0.0	6.21829373454791E-5	0.0	6.21829373454791E-5	2.0727645781826367E-5
10	0.0	7.106621410911897E-5	0.0	6.810512185457234E-5	2.0727645781826367E-5
11	0.0	7.106621410911897E-5	0.0	7.106621410911897E-5	2.368873803637299E-5
12	0.0	7.40273063636656E-5	0.0	7.40273063636656E-5	2.6649830290919614E-5
13	0.0	7.40273063636656E-5	0.0	7.994949087275884E-5	2.6649830290919614E-5
14	0.0	7.40273063636656E-5	0.0	7.994949087275884E-5	2.6649830290919614E-5
15	0.0	7.698839861821223E-5	0.0	1.0067713665458522E-4	2.6649830290919614E-5
16	0.0	7.698839861821223E-5	0.0	1.0363822890913184E-4	2.9610922545466238E-5
17	0.0	7.994949087275884E-5	0.0	1.0363822890913184E-4	2.9610922545466238E-5
18	0.0	7.994949087275884E-5	0.0	1.0363822890913184E-4	3.5533107054559485E-5
19	0.0	7.994949087275884E-5	0.0	1.0363822890913184E-4	3.5533107054559485E-5
20	0.0	8.58716753818521E-5	0.0	1.0659932116367846E-4	3.5533107054559485E-5
21	0.0	9.179385989094535E-5	0.0	1.0659932116367846E-4	3.5533107054559485E-5
22	0.0	9.179385989094535E-5	0.0	1.1252150567277171E-4	3.5533107054559485E-5
23	0.0	9.475495214549196E-5	0.0	1.1252150567277171E-4	3.849419930910611E-5
24	0.0	9.475495214549196E-5	0.0	1.1252150567277171E-4	3.849419930910611E-5
25	0.0	9.771604440003859E-5	0.0	1.1252150567277171E-4	4.441638381819936E-5
26	0.0	9.771604440003859E-5	0.0	1.1252150567277171E-4	5.033856832729261E-5
27	0.0	9.771604440003859E-5	0.0	1.1252150567277171E-4	5.6260752836385855E-5
28	0.0	1.0067713665458522E-4	0.0	1.1252150567277171E-4	5.9221845090932476E-5
29	0.0	1.0067713665458522E-4	0.0	1.1252150567277171E-4	5.9221845090932476E-5
30	0.0	1.0067713665458522E-4	0.0	1.1844369018186495E-4	6.21829373454791E-5
31	0.0	1.0659932116367846E-4	0.0	1.1844369018186495E-4	6.21829373454791E-5
32	0.0	1.0956041341822508E-4	0.0	1.2140478243641158E-4	6.514402960002573E-5
33	0.0	1.0956041341822508E-4	0.0	1.2140478243641158E-4	6.514402960002573E-5
34	0.0	1.0956041341822508E-4	0.0	1.2140478243641158E-4	6.514402960002573E-5
35	0.0	1.1844369018186495E-4	0.0	1.2140478243641158E-4	6.810512185457234E-5
36	0.0	1.2732696694550482E-4	0.0	1.2140478243641158E-4	6.810512185457234E-5
37	0.0	1.3917133596369133E-4	0.0	1.243658746909582E-4	6.810512185457234E-5
38	0.0	1.4213242821823794E-4	0.0	1.3028805920005146E-4	6.810512185457234E-5
39	0.0	1.4213242821823794E-4	0.0	1.3028805920005146E-4	6.810512185457234E-5
40	0.0	1.4213242821823794E-4	0.0	1.3324915145459807E-4	7.106621410911897E-5
41	0.0	1.480546127273312E-4	0.0	1.3917133596369133E-4	7.698839861821223E-5
42	0.0	1.480546127273312E-4	0.0	1.510157049818778E-4	7.994949087275884E-5
43	0.0	1.5397679723642445E-4	0.0	1.510157049818778E-4	8.291058312730547E-5
44	0.0	1.5693788949097106E-4	0.0	1.5397679723642445E-4	8.291058312730547E-5
45	0.0	1.717433507637042E-4	0.0	1.5397679723642445E-4	8.291058312730547E-5
46	0.0	1.717433507637042E-4	0.0	1.5397679723642445E-4	8.291058312730547E-5
47	0.0	1.8062662752734405E-4	0.0	1.5989898174551768E-4	8.291058312730547E-5
48	0.0	1.983931810546238E-4	0.0	1.6286007400006432E-4	9.475495214549196E-5
49	0.0	1.983931810546238E-4	0.0	1.6878225850915757E-4	9.475495214549196E-5
50	0.0	1.983931810546238E-4	0.0	1.747044430182508E-4	9.771604440003859E-5
51	0.0	2.0135427330917043E-4	0.0	1.747044430182508E-4	1.0067713665458522E-4
52	0.0	2.0135427330917043E-4	0.0	1.7766553527279744E-4	1.0659932116367846E-4
53	0.0	2.0431536556371704E-4	0.0	1.865488120364373E-4	1.0659932116367846E-4
54	0.0	2.102375500728103E-4	0.0	1.865488120364373E-4	1.1548259792731834E-4
55	0.0	2.102375500728103E-4	0.0	1.8950990429098392E-4	1.1844369018186495E-4
56	0.0	2.102375500728103E-4	0.0	1.9543208880007718E-4	1.2732696694550482E-4
57	0.0	2.102375500728103E-4	0.0	2.0431536556371704E-4	1.2732696694550482E-4
58	0.0	2.102375500728103E-4	0.0	2.102375500728103E-4	1.2732696694550482E-4
59	0.0	2.102375500728103E-4	0.0	2.102375500728103E-4	1.2732696694550482E-4
60	0.0	2.131986423273569E-4	0.0	2.2208191909099678E-4	1.3324915145459807E-4
61	0.0	2.1615973458190355E-4	0.0	2.2800410360009004E-4	1.3324915145459807E-4
62	0.0	2.3096519585463668E-4	0.0	2.368873803637299E-4	1.4213242821823794E-4
63	0.0	2.3984847261827654E-4	0.0	2.3984847261827654E-4	1.480546127273312E-4
64	0.0	2.4280956487282316E-4	0.0	2.487317493819164E-4	1.510157049818778E-4
65	0.0	2.487317493819164E-4	0.0	2.51692841636463E-4	1.5693788949097106E-4
>>END_MODULE
