##FastQC	0.11.7
>>Basic Statistics	pass
#Measure	Value
Filename	SRR659649_2_val_2.fq.gz
File type	Conventional base calls
Encoding	Sanger / Illumina 1.9
Total Sequences	61392987
Sequences flagged as poor quality	0
Sequence length	20-76
%GC	46
>>END_MODULE
>>Per base sequence quality	pass
#Base	Mean	Median	Lower Quartile	Upper Quartile	10th Percentile	90th Percentile
1	30.133870208986572	31.0	30.0	33.0	25.0	34.0
2	29.83883649446801	31.0	30.0	34.0	23.0	34.0
3	29.876131650020547	31.0	30.0	34.0	23.0	34.0
4	33.57195721719811	35.0	33.0	37.0	26.0	37.0
5	33.76850253270785	35.0	33.0	37.0	28.0	37.0
6	33.30358804662819	35.0	33.0	37.0	26.0	37.0
7	33.66766909386572	36.0	33.0	37.0	28.0	37.0
8	33.751520088116905	36.0	35.0	37.0	28.0	37.0
9	35.03420226157102	38.0	34.0	39.0	27.0	39.0
10-11	35.378036924640924	38.0	35.0	39.0	27.5	39.0
12-13	35.50899468370874	38.0	35.0	39.0	28.5	39.0
14-15	36.56299170620254	39.0	36.0	41.0	27.0	41.0
16-17	36.05708998977359	39.0	34.5	41.0	27.0	41.0
18-19	35.93460170784653	39.0	34.0	41.0	26.5	41.0
20-21	36.16340574446049	39.0	34.5	41.0	27.0	41.0
22-23	36.242061207229476	39.0	35.0	41.0	27.0	41.0
24-25	36.12819638668501	39.0	34.5	41.0	27.0	41.0
26-27	36.13283239616914	39.0	34.5	41.0	27.0	41.0
28-29	36.02751829501774	39.0	34.5	41.0	27.0	41.0
30-31	35.99078948856168	39.0	35.0	41.0	27.0	41.0
32-33	35.91707763976383	39.0	34.5	41.0	26.0	41.0
34-35	36.13079203390954	39.0	35.0	41.0	27.0	41.0
36-37	36.23833320137965	39.0	35.0	41.0	28.0	41.0
38-39	36.04660006835782	39.0	35.0	40.5	27.0	41.0
40-41	35.94571755990867	39.0	35.0	40.0	27.0	41.0
42-43	36.08066432713509	38.5	34.5	40.0	28.0	41.0
44-45	36.28759980626985	39.0	35.0	40.0	28.5	41.0
46-47	36.228620547846674	38.5	35.0	40.0	28.5	41.0
48-49	36.200492855254524	38.5	35.0	40.0	28.0	41.0
50-51	35.685337411577606	38.0	33.5	39.5	28.0	40.5
52-53	35.74340561915811	38.0	34.0	40.0	27.5	40.5
54-55	35.89175661932079	38.0	34.0	40.0	27.5	41.0
56-57	35.240337508498094	38.0	33.5	40.0	26.0	41.0
58-59	35.556785356274176	38.0	34.0	40.0	28.0	41.0
60-61	35.40664012471473	37.5	33.5	40.0	27.5	41.0
62-63	35.010890332205804	37.0	33.0	40.0	26.5	41.0
64-65	35.11764571883734	37.0	33.0	39.5	28.0	41.0
66-67	35.15154320947938	36.0	34.0	39.0	28.0	41.0
68-69	34.95405612027271	36.0	33.0	39.0	28.0	40.5
70-71	34.93169383585595	36.0	33.5	39.0	29.0	40.0
72-73	34.83525114153511	35.0	34.0	38.0	29.0	40.0
74-75	34.58438953305869	35.0	33.0	37.0	29.0	39.0
76	33.083993063471794	34.0	31.0	36.0	27.0	38.0
>>END_MODULE
>>Per sequence quality scores	pass
#Quality	Count
10	2.0
11	24.0
12	65.0
13	158.0
14	367.0
15	646.0
16	991.0
17	2488.0
18	21827.0
19	108859.0
20	305484.0
21	440064.0
22	555352.0
23	670693.0
24	787644.0
25	914252.0
26	1050426.0
27	1198466.0
28	1364467.0
29	1557654.0
30	1797406.0
31	2101201.0
32	2498703.0
33	3035061.0
34	3761707.0
35	4732957.0
36	6066200.0
37	7876560.0
38	1.0038919E7
39	9862933.0
40	641411.0
>>END_MODULE
>>Per base sequence content	fail
#Base	G	A	T	C
1	29.961738898638586	13.604277713264649	16.156715355865934	40.277268032230836
2	18.196932884195313	27.41190443476562	34.02513363102289	20.366029050016177
3	24.656346492915656	28.744451109875808	23.06230287883077	23.53689951837777
4	28.814132737258436	31.590248263326743	19.001805400361665	20.593813599053153
5	24.7793780879531	31.712349667890997	21.737724833914537	21.770547410241367
6	19.830305938167943	35.71910659476479	22.87533181201875	21.575255655048515
7	20.533022911483066	16.062835205673455	40.64006944545247	22.764072437391007
8	20.234100335258642	24.755213036521734	27.346348053235403	27.664338574984214
9	20.270804719429382	24.40330568265573	29.369153478453896	25.956736119460995
10-11	25.62941458896703	31.30617221442913	20.206796337044214	22.857616859559627
12-13	22.893101040906974	23.770032215083308	27.598349414319014	25.7385173296907
14-15	23.270676854339488	25.22054257497887	26.95487153060469	24.553909040076956
16-17	22.509427451401947	26.821900939026293	27.110575080446864	23.558096529124896
18-19	22.514768632244706	26.932202257025466	25.59905327949531	24.95397583123452
20-21	23.959674480887006	27.28383970066956	25.839429830515176	22.91705598792826
22-23	24.196592232450925	27.231023359828466	25.685989019799297	22.886395387921308
24-25	23.803388055629192	26.112765156401093	27.077521003645217	23.0063257843245
26-27	22.42377993002127	26.583860720231407	28.08165589953332	22.910703450214
28-29	22.8003019535407	27.222827534394273	25.738656210942253	24.238214301122778
30-31	22.47214056265735	26.199259068387693	28.105463364449175	23.22313700450578
32-33	23.547546330207332	27.147400133602044	26.19835174742395	23.106701788766674
34-35	24.00923904633872	26.35016928403955	26.618023855983186	23.022567813638545
36-37	22.7559696922955	27.28634774934558	25.87339069795866	24.08429186040026
38-39	23.39328317617079	26.361810525758195	27.02523943291667	23.21966686515435
40-41	23.779436994058855	26.816871445767955	26.12308255965518	23.28060900051801
42-43	23.54601765298566	26.31114955525086	26.939189781436596	23.20364301032688
44-45	22.689606141336874	26.62667919468596	27.154635620949858	23.52907904302731
46-47	23.49817425061743	26.950136234106786	26.322095170044495	23.22959434523129
48-49	22.78634231773567	26.90551975891806	26.369233074468585	23.938904848877684
50-51	23.51656820481049	26.456102227665156	26.947762307629652	23.079567259894702
52-53	23.360355554191848	26.55086531041089	26.83883010470097	23.249949030696285
54-55	23.16142306106072	26.718657024194954	26.586528508919915	23.533391405824414
56-57	23.132515601666963	26.48239095903971	27.09614259992809	23.288950839365242
58-59	22.935450384121204	26.927087474001056	26.776061947261265	23.36140019461648
60-61	23.104690589600864	26.874743261207595	26.59251772904485	23.428048420146684
62-63	22.72862517755522	26.940665703809618	26.873995985370357	23.456713133264802
64-65	22.966040755350242	26.73137773090125	26.85296831849216	23.449613195256344
66-67	22.833429944737663	26.840759007053716	26.871960187581013	23.45385086062761
68-69	22.775575263819658	26.971607561715576	26.83544376030366	23.417373414161105
70-71	22.80694881687998	26.979077979787156	26.768982886221192	23.444990317111667
72-73	22.70507731282436	26.55747475221987	27.157358903385525	23.580089031570242
74-75	22.693559946947868	23.390643960331918	29.012077782538586	24.903718310181628
76	24.30938869725667	0.0	40.05505002336957	35.63556127937375
>>END_MODULE
>>Per sequence GC content	pass
#GC Content	Count
0	5193.0
1	4655.5
2	3876.0
3	3532.5
4	3486.5
5	3801.5
6	4350.5
7	5006.0
8	5700.5
9	6412.5
10	7327.0
11	8523.0
12	9618.0
13	11264.0
14	14506.5
15	18642.0
16	23120.0
17	28199.0
18	39217.5
19	57462.5
20	79622.5
21	101306.0
22	136480.0
23	192048.5
24	248208.0
25	295463.0
26	369080.5
27	471249.0
28	565394.5
29	640526.0
30	757226.0
31	922780.5
32	1091334.0
33	1216194.0
34	1330889.0
35	1503576.0
36	1659525.0
37	1777111.5
38	1940911.5
39	2239710.5
40	2525030.5
41	2809026.0
42	3071029.0
43	3322783.5
44	3513568.5
45	3593926.0
46	3729451.5
47	3788947.5
48	3736552.5
49	3541106.5
50	3342433.0
51	3218748.5
52	3066343.5
53	2955255.5
54	2840363.0
55	2665896.0
56	2462642.5
57	2197775.0
58	1951676.0
59	1732572.0
60	1539241.0
61	1331035.5
62	1153434.5
63	1019203.0
64	842919.0
65	700872.5
66	569440.0
67	482448.0
68	419124.0
69	336890.0
70	260561.5
71	211053.0
72	177129.5
73	136578.0
74	101378.0
75	79982.0
76	64942.5
77	49034.0
78	35345.0
79	26419.0
80	20345.0
81	14924.5
82	11638.5
83	8557.0
84	6007.0
85	4562.0
86	3664.5
87	3124.5
88	2414.0
89	1629.5
90	1166.5
91	937.5
92	856.5
93	622.5
94	336.5
95	233.5
96	202.0
97	197.5
98	120.0
99	42.0
100	40.0
>>END_MODULE
>>Per base N content	pass
#Base	N-Count
1	0.0810271700902906
2	0.050983021888151486
3	0.051499367509191235
4	0.04413696307039108
5	0.04347239205025161
6	0.027887550087764907
7	0.01744498927866142
8	0.14541237421792166
9	0.05131042084660256
10-11	0.016185073386313652
12-13	0.0214983838463504
14-15	0.01923916814798407
16-17	0.11436159638233598
18-19	0.05436777330935209
20-21	0.05760518515842245
22-23	0.057776783547995404
24-25	0.05774108702627618
26-27	0.0164519469384693
28-29	0.017866290013311983
30-31	0.5613480796967414
32-33	0.08575467873322068
34-35	0.012081135518596655
36-37	0.013811743303831036
38-39	0.12173512713153105
40-41	0.1502959140713622
42-43	0.10716653789300075
44-45	0.005829174659176659
46-47	0.014179925267053915
48-49	0.006934656467260876
50-51	0.008527606066738733
52-53	0.007081350870406056
54-55	0.004725714281784275
56-57	0.010414115642183867
58-59	0.005619928772413631
60-61	0.001511052142466044
62-63	0.003545762864656618
64-65	0.0028250679102016004
66-67	7.423518074217726E-4
68-69	0.0032931455982757873
70-71	0.0018922322302894177
72-73	0.0012831017945154567
74-75	6.132721538483963E-6
76	0.0
>>END_MODULE
>>Sequence Length Distribution	warn
#Length	Count
20-21	242308.0
22-23	177409.0
24-25	201419.0
26-27	182294.0
28-29	136026.0
30-31	190554.0
32-33	123756.0
34-35	148326.0
36-37	145297.0
38-39	180785.0
40-41	249794.0
42-43	201460.0
44-45	211836.0
46-47	146264.0
48-49	187365.0
50-51	202769.0
52-53	246505.0
54-55	240142.0
56-57	270076.0
58-59	332409.0
60-61	270045.0
62-63	267561.0
64-65	329673.0
66-67	478596.0
68-69	539820.0
70-71	949166.0
72-73	3208898.0
74-75	1.8659605E7
76-77	3.2672829E7
>>END_MODULE
>>Sequence Duplication Levels	warn
#Total Deduplicated Percentage	69.88389246557057
#Duplication Level	Percentage of deduplicated	Percentage of total
1	89.06909262756886	62.24494891190968
2	6.4957844528470225	9.079014043645731
3	1.9333699275646241	4.053342483422825
4	0.878354894664256	2.455314360212977
5	0.4730462627087339	1.6529157077188605
6	0.2753520452296383	1.1545603631401782
7	0.18814583532231197	0.920385432645658
8	0.12747155529146567	0.7126566769926258
9	0.09678724744756015	0.6087482633397477
>10	0.4096113584797335	4.8803646788059405
>50	0.025147959500298425	1.2314563816717317
>100	0.021877996958757088	3.2745043963208347
>500	0.0034217717045074117	1.6711156927200987
>1k	0.0022818791363242567	2.656772362728379
>5k	8.971255621716553E-5	0.43976623173380147
>10k+	1.6447301973146792E-4	2.964134012990799
>>END_MODULE
>>Overrepresented sequences	warn
#Sequence	Count	Percentage	Possible Source
CAAGCAGAAGACGGCATACG	81102	0.13210303645919688	No Hit
>>END_MODULE
>>Adapter Content	pass
#Position	Illumina Universal Adapter	Illumina Small RNA 3' Adapter	Illumina Small RNA 5' Adapter	Nextera Transposase Sequence	SOLID Small RNA Adapter
1	0.0	8.144252697787778E-6	0.0	1.6288505395575557E-6	0.0
2	0.0	4.235011402849645E-5	0.0	2.280390755380578E-5	1.6288505395575557E-6
3	0.0	4.560781510761156E-5	0.0	2.280390755380578E-5	3.2577010791151113E-6
4	0.0	4.560781510761156E-5	0.0	2.280390755380578E-5	3.2577010791151113E-6
5	0.0	4.723666564716911E-5	0.0	2.280390755380578E-5	3.2577010791151113E-6
6	0.0	4.723666564716911E-5	0.0	2.280390755380578E-5	3.2577010791151113E-6
7	0.0	5.700976888451445E-5	0.0	2.280390755380578E-5	4.886551618672667E-6
8	0.0	5.700976888451445E-5	0.0	2.606160863292089E-5	6.515402158230223E-6
9	0.0	5.8638619424072E-5	0.0	2.9319309712036E-5	9.773103237345335E-6
10	4.886551618672667E-6	5.8638619424072E-5	0.0	2.9319309712036E-5	9.773103237345335E-6
11	1.4659654856018E-5	5.8638619424072E-5	0.0	3.094816025159356E-5	9.773103237345335E-6
12	1.4659654856018E-5	5.8638619424072E-5	0.0	3.420586133070867E-5	1.3030804316460445E-5
13	1.4659654856018E-5	6.026746996362956E-5	0.0	3.583471187026622E-5	1.3030804316460445E-5
14	1.4659654856018E-5	6.026746996362956E-5	0.0	3.909241294938134E-5	1.6288505395575556E-5
15	1.6288505395575556E-5	6.189632050318712E-5	0.0	7.00405732009749E-5	1.791735593513311E-5
16	1.6288505395575556E-5	6.515402158230222E-5	0.0	7.166942374053244E-5	2.1175057014248225E-5
17	1.791735593513311E-5	6.678287212185978E-5	0.0	7.818482589876268E-5	2.606160863292089E-5
18	1.791735593513311E-5	7.166942374053244E-5	0.0	7.981367643832022E-5	2.9319309712036E-5
19	1.791735593513311E-5	7.166942374053244E-5	0.0	8.958677967566556E-5	3.094816025159356E-5
20	1.791735593513311E-5	7.166942374053244E-5	0.0	9.284448075478068E-5	3.094816025159356E-5
21	2.4432758093363335E-5	7.166942374053244E-5	0.0	9.773103237345334E-5	3.094816025159356E-5
22	2.4432758093363335E-5	7.329827428009E-5	0.0	1.0587528507124112E-4	3.094816025159356E-5
23	2.7690459172478446E-5	7.655597535920512E-5	0.0	1.0750413561079868E-4	3.094816025159356E-5
24	2.7690459172478446E-5	7.818482589876268E-5	0.0	1.140195377690289E-4	3.094816025159356E-5
25	2.7690459172478446E-5	7.981367643832022E-5	0.0	1.1890608938770156E-4	3.420586133070867E-5
26	2.7690459172478446E-5	7.981367643832022E-5	0.0	1.254214915459318E-4	3.583471187026622E-5
27	2.7690459172478446E-5	8.144252697787778E-5	0.0	1.254214915459318E-4	3.583471187026622E-5
28	2.7690459172478446E-5	8.144252697787778E-5	0.0	1.2705034208548933E-4	4.072126348893889E-5
29	2.7690459172478446E-5	8.144252697787778E-5	0.0	1.3030804316460445E-4	4.072126348893889E-5
30	2.7690459172478446E-5	8.47002280569929E-5	0.0	1.3356574424371956E-4	4.723666564716911E-5
31	3.094816025159356E-5	8.47002280569929E-5	0.0	1.3845229586239224E-4	4.886551618672667E-5
32	3.094816025159356E-5	9.121563021522312E-5	0.0	1.400811464019498E-4	5.049436672628422E-5
33	3.257701079115111E-5	9.121563021522312E-5	0.0	1.4170999694150733E-4	5.375206780539934E-5
34	3.257701079115111E-5	9.284448075478068E-5	0.0	1.4170999694150733E-4	5.700976888451445E-5
35	3.257701079115111E-5	9.447333129433822E-5	0.0	1.4496769802062245E-4	5.8638619424072E-5
36	3.257701079115111E-5	9.773103237345334E-5	0.0	1.4822539909973756E-4	6.189632050318712E-5
37	3.257701079115111E-5	9.93598829130109E-5	0.0	1.4985424963929512E-4	6.841172266141734E-5
38	3.257701079115111E-5	1.0098873345256844E-4	0.0	1.4985424963929512E-4	6.841172266141734E-5
39	3.257701079115111E-5	1.0098873345256844E-4	0.0	1.5148310017885268E-4	6.841172266141734E-5
40	3.420586133070867E-5	1.0098873345256844E-4	0.0	1.547408012579678E-4	6.841172266141734E-5
41	3.420586133070867E-5	1.0424643453168356E-4	0.0	1.6451390449531312E-4	7.166942374053244E-5
42	3.420586133070867E-5	1.0424643453168356E-4	0.0	1.8568896150956136E-4	7.492712481964756E-5
43	3.420586133070867E-5	1.0587528507124112E-4	0.0	1.90575513128234E-4	7.655597535920512E-5
44	3.420586133070867E-5	1.0750413561079868E-4	0.0	1.9220436366779156E-4	7.655597535920512E-5
45	3.420586133070867E-5	1.140195377690289E-4	0.0	1.9220436366779156E-4	7.818482589876268E-5
46	3.420586133070867E-5	1.140195377690289E-4	0.0	1.9383321420734912E-4	8.144252697787778E-5
47	3.420586133070867E-5	1.140195377690289E-4	0.0	2.019774669051369E-4	8.144252697787778E-5
48	3.746356240982378E-5	1.1890608938770156E-4	0.0	2.0360631744469445E-4	8.144252697787778E-5
49	3.909241294938134E-5	1.1890608938770156E-4	0.0	2.0849286906336712E-4	8.144252697787778E-5
50	3.909241294938134E-5	1.2216379046681668E-4	0.0	2.1989482284027E-4	8.144252697787778E-5
51	3.909241294938134E-5	1.2705034208548933E-4	0.0	2.2152367337982757E-4	9.447333129433822E-5
52	3.909241294938134E-5	1.3519459478327712E-4	0.0	2.2478137445894268E-4	1.0424643453168356E-4
53	3.909241294938134E-5	1.4170999694150733E-4	0.0	2.280390755380578E-4	1.0424643453168356E-4
54	3.909241294938134E-5	1.4496769802062245E-4	0.0	2.280390755380578E-4	1.0587528507124112E-4
55	3.909241294938134E-5	1.4822539909973756E-4	0.0	2.3618332823584557E-4	1.0587528507124112E-4
56	3.909241294938134E-5	1.4822539909973756E-4	0.0	2.573583852500938E-4	1.0913298615035622E-4
57	3.909241294938134E-5	1.5311195071841024E-4	0.0	2.5898723578965133E-4	1.0913298615035622E-4
58	3.909241294938134E-5	1.5962735287664045E-4	0.0	2.6224493686876645E-4	1.1076183668991378E-4
59	3.909241294938134E-5	1.61256203416198E-4	0.0	2.866776949621298E-4	1.1076183668991378E-4
60	3.909241294938134E-5	1.6451390449531312E-4	0.0	3.013373498181478E-4	1.1076183668991378E-4
61	3.909241294938134E-5	1.6614275503487068E-4	0.0	3.045950508972629E-4	1.1076183668991378E-4
62	3.909241294938134E-5	1.6614275503487068E-4	0.0	3.094816025159356E-4	1.1564838830858644E-4
63	3.909241294938134E-5	1.6777160557442824E-4	0.0	3.127393035950507E-4	1.17277238848144E-4
64	3.909241294938134E-5	1.7102930665354336E-4	0.0	3.2414125737195357E-4	1.1890608938770156E-4
65	4.072126348893889E-5	1.7428700773265845E-4	0.0	3.2577010791151113E-4	1.2053493992725912E-4
>>END_MODULE
