##FastQC	0.11.7
>>Basic Statistics	pass
#Measure	Value
Filename	SRR807971_2.fastq.gz
File type	Conventional base calls
Encoding	Sanger / Illumina 1.9
Total Sequences	60685861
Sequences flagged as poor quality	0
Sequence length	76
%GC	49
>>END_MODULE
>>Per base sequence quality	fail
#Base	Mean	Median	Lower Quartile	Upper Quartile	10th Percentile	90th Percentile
1	28.363357833878307	31.0	28.0	34.0	16.0	34.0
2	28.49166239892353	31.0	28.0	34.0	16.0	34.0
3	28.562639541358735	31.0	28.0	34.0	16.0	34.0
4	31.798811868220838	35.0	32.0	37.0	17.0	37.0
5	31.755149325474676	35.0	32.0	37.0	17.0	37.0
6	31.72113239029434	35.0	32.0	37.0	17.0	37.0
7	31.80379576389301	35.0	32.0	37.0	17.0	37.0
8	31.718525489817143	35.0	32.0	37.0	17.0	37.0
9	32.93321689874352	37.0	32.0	39.0	17.0	39.0
10-11	32.8285874530148	37.0	32.0	39.0	17.0	39.0
12-13	32.67979777859624	37.0	32.0	39.0	15.5	39.0
14-15	33.489611665887054	38.0	32.0	40.0	12.0	41.0
16-17	33.34760629003846	38.0	32.0	40.0	10.5	41.0
18-19	33.21695533000677	38.0	32.0	40.0	10.0	41.0
20-21	33.08847387037979	38.0	32.0	40.0	10.0	41.0
22-23	32.940683176596934	38.0	32.0	40.0	10.0	41.0
24-25	32.826579563565886	38.0	32.0	40.0	9.5	41.0
26-27	32.73869189233387	38.0	31.5	40.0	8.5	41.0
28-29	32.58035192909267	38.0	31.0	40.0	8.0	41.0
30-31	32.38033598963027	38.0	31.0	40.0	5.0	41.0
32-33	32.19037285307693	38.0	30.0	40.0	2.0	41.0
34-35	31.973238791157627	38.0	30.0	40.0	2.0	41.0
36-37	31.792032570815795	38.0	30.0	40.0	2.0	41.0
38-39	31.72873965650747	38.0	30.0	40.0	2.0	41.0
40-41	31.545472074623774	37.5	30.0	40.0	2.0	41.0
42-43	31.30158388953236	37.0	30.0	40.0	2.0	41.0
44-45	31.072281243566767	37.0	29.5	40.0	2.0	41.0
46-47	30.86425957604853	37.0	29.0	40.0	2.0	41.0
48-49	30.607115914529086	37.0	28.0	40.0	2.0	41.0
50-51	29.662926188029203	35.0	27.0	39.0	2.0	40.5
52-53	29.645746082435906	35.5	27.0	39.0	2.0	40.0
54-55	29.865695742538776	36.0	27.5	39.0	2.0	41.0
56-57	29.612473818242442	35.0	27.0	39.0	2.0	41.0
58-59	29.239686539175906	35.0	26.0	39.0	2.0	41.0
60-61	28.81148582533912	35.0	26.0	39.0	2.0	40.5
62-63	28.323345581271393	34.5	24.5	38.5	2.0	40.0
64-65	27.838262194220167	34.0	23.0	38.0	2.0	40.0
66-67	27.296928249893334	34.0	22.0	37.5	2.0	40.0
68-69	26.714422318239826	33.5	19.5	37.0	2.0	39.5
70-71	26.08984313496022	33.0	15.0	36.0	2.0	39.0
72-73	25.384878423328296	33.0	2.0	36.0	2.0	39.0
74-75	24.534686522779992	32.0	2.0	35.0	2.0	38.0
76	21.887479193876807	29.0	2.0	34.0	2.0	36.0
>>END_MODULE
>>Per sequence quality scores	pass
#Quality	Count
2	3558504.0
3	440784.0
4	368348.0
5	309568.0
6	271996.0
7	260206.0
8	262848.0
9	276679.0
10	298044.0
11	324418.0
12	351906.0
13	375548.0
14	393999.0
15	403329.0
16	411911.0
17	424935.0
18	442368.0
19	470505.0
20	507402.0
21	558419.0
22	618443.0
23	685807.0
24	764087.0
25	853630.0
26	962123.0
27	1088999.0
28	1234446.0
29	1406177.0
30	1615391.0
31	1872627.0
32	2206629.0
33	2643692.0
34	3243456.0
35	4041946.0
36	5159801.0
37	6657214.0
38	7974189.0
39	6622903.0
40	322584.0
>>END_MODULE
>>Per base sequence content	fail
#Base	G	A	T	C
1	28.58379365138684	13.010970988742217	14.401322501323827	44.00391285854711
2	23.414035034434583	21.038164430947116	34.140368501692095	21.407432032926202
3	26.82954155128513	23.648022124201752	23.227904356129763	26.294531968383357
4	26.83223561930017	30.855349971137436	19.630843415037226	22.681570994525167
5	27.49854415662102	30.965450294667985	21.604905564953064	19.93109998375794
6	22.258185059643306	33.05652347447189	21.886491765459738	22.798799700425068
7	19.880309366811613	16.58911311434208	39.20151940252787	24.329058116318432
8	21.79420777802558	21.904346323779343	26.911872614483624	29.38957328371145
9	21.534896677918745	20.93584190653913	29.641433240058557	27.887828175483563
10-11	25.857931650113358	29.32192630920924	20.662600946281653	24.157541094395754
12-13	23.443377651021795	23.388556638159002	27.20609585040324	25.96196986041597
14-15	23.99188770704967	24.96380147164256	26.479221533475073	24.565089287832695
16-17	24.86650025710267	25.04935596336373	25.272497923607833	24.81164585592577
18-19	24.635127420247084	25.41533060626306	25.122517667076355	24.827024306413502
20-21	24.606812658650913	25.646517491330002	25.369261438660974	24.37740841135811
22-23	24.640046891744454	25.61138012854211	25.312618576190644	24.43595440352279
24-25	24.598228139518433	25.593578989288634	25.210907287043295	24.59728558414964
26-27	24.615830207652436	25.75740325798113	25.163188881477396	24.463577652889036
28-29	24.747256277385432	25.56720191054844	25.09433885954441	24.59120295252171
30-31	24.32156808378176	25.598794005201626	25.321141363973737	24.758496547042874
32-33	24.457184178965	25.609314458971006	25.362759513273197	24.570741848790796
34-35	24.84108115397444	25.595295703567	24.978594607781424	24.58502853467714
36-37	24.708063843986103	25.535439659254372	25.206799595525	24.549696901234526
38-39	24.308940418536192	25.63684056996322	25.413533585159094	24.640685426341495
40-41	24.641021133584363	25.43455347318603	25.282301805904222	24.64212358732539
42-43	24.441589596993836	25.43917532187275	25.39927007754008	24.719965003593337
44-45	24.37127045243347	25.633071715838607	25.523172699178424	24.472485132549494
46-47	24.751405788982485	25.403439866429196	25.23477753140902	24.6103768131793
48-49	24.519862206682156	25.38336247714711	25.41082810625011	24.685947209920624
50-51	24.586717840776178	25.496959266970716	25.44574808497654	24.47057480727657
52-53	24.555428043760603	25.43203156656294	25.352390973784487	24.66014941589197
54-55	24.523412658175115	25.44926448717238	25.430135971897133	24.597186882755373
56-57	24.460209752161234	25.525262687053697	25.47107278897243	24.54345477181264
58-59	24.61654540206331	25.471307714027837	25.356900266066656	24.5552466178422
60-61	24.554799834740397	25.453636680445673	25.395523051227737	24.596040433586193
62-63	24.319631704193746	25.541320406774492	25.60807541727332	24.530972471758442
64-65	24.574916976291377	25.47269247435474	25.355636467134257	24.596754082219626
66-67	24.5771309235024	25.541535187767924	25.286377376284964	24.594956512444714
68-69	24.51393742184515	25.581640331847005	25.384503726088763	24.51991852021908
70-71	24.624300176391518	25.63568998839592	25.253596632169668	24.48641320304289
72-73	24.43457519126072	25.655657376260972	25.39565056003104	24.514116872447264
74-75	24.587530582749118	25.834343195992343	25.41477675488836	24.163349466370178
76	25.38743095202738	25.061933081291425	25.184649637538943	24.36598632914225
>>END_MODULE
>>Per sequence GC content	pass
#GC Content	Count
0	61296.0
1	34940.0
2	6708.5
3	4275.0
4	3717.0
5	3562.0
6	3327.0
7	3279.5
8	3312.0
9	3382.5
10	3627.5
11	4269.0
12	4736.0
13	5469.0
14	7667.5
15	11356.5
16	17454.5
17	21329.0
18	27406.5
19	42775.5
20	67078.0
21	82089.0
22	102858.5
23	151225.5
24	210083.5
25	241344.0
26	289882.0
27	389059.0
28	500147.0
29	560596.0
30	632357.5
31	771629.5
32	916641.5
33	994143.0
34	1065916.5
35	1219589.5
36	1379695.0
37	1457901.0
38	1537701.5
39	1746381.5
40	1966590.0
41	2215591.0
42	2373263.0
43	2469379.0
44	2557465.5
45	2581028.5
46	2612621.0
47	2663061.5
48	2732458.5
49	2757627.5
50	2763840.0
51	2814948.0
52	2822595.5
53	2784084.0
54	2789033.0
55	2825346.5
56	2771950.5
57	2519099.0
58	2355957.0
59	2234201.0
60	1990146.0
61	1696284.0
62	1524721.0
63	1409909.5
64	1177230.5
65	975852.5
66	808522.5
67	724703.0
68	656037.5
69	520304.0
70	401125.5
71	349015.0
72	307164.0
73	230489.5
74	171116.5
75	146567.0
76	127289.0
77	92948.5
78	67962.0
79	58038.0
80	49220.5
81	34856.0
82	23854.5
83	18400.0
84	14843.0
85	9023.0
86	5454.0
87	4148.0
88	3271.0
89	1996.5
90	1385.0
91	972.0
92	773.0
93	664.0
94	514.0
95	418.5
96	364.0
97	336.0
98	300.5
99	348.5
100	404.0
>>END_MODULE
>>Per base N content	pass
#Base	N-Count
1	0.3921539483472106
2	0.17190330380251176
3	0.1765370025812108
4	0.17696708628719957
5	0.16877242624933675
6	0.13400815059705587
7	0.12651052277234726
8	0.12795731776797234
9	0.1335599407578645
10-11	0.1386426732909005
12-13	0.15060344945917467
14-15	0.16280316101966485
16-17	0.16181281501468686
18-19	0.1621044809762195
20-21	0.1748669265811356
22-23	0.1709928775666543
24-25	0.17444837768718482
26-27	0.18915773478108847
28-29	0.17877475611658536
30-31	0.1809515399311876
32-33	0.1660773998081695
34-35	0.16683210608151378
36-37	0.16423759728810636
38-39	0.15811178818077573
40-41	0.154483265879675
42-43	0.15006543286911592
44-45	0.1359427033588598
46-47	0.14038525382378605
48-49	0.13951190376947933
50-51	0.13819034387598125
52-53	0.1543110676142504
54-55	0.16198913285583935
56-57	0.17213070438268974
58-59	0.18600955500985641
60-61	0.2006315770983294
62-63	0.22920495434677937
64-65	0.25683412483840345
66-67	0.269117875743742
68-69	0.29426953339262996
70-71	0.27952062837173886
72-73	0.2559615986992423
74-75	0.19480484918884153
76	0.1646248374065254
>>END_MODULE
>>Sequence Length Distribution	pass
#Length	Count
76	6.0685861E7
>>END_MODULE
>>Sequence Duplication Levels	pass
#Total Deduplicated Percentage	72.42910420667292
#Duplication Level	Percentage of deduplicated	Percentage of total
1	88.73744173971703	64.2717341479953
2	7.576845468169684	10.975682599438388
3	1.9278010647675106	4.188867126293431
4	0.7371962890554904	2.1357786736309072
5	0.34862028744195706	1.2625127563846887
6	0.18838016094054275	0.8186523784339431
7	0.1076081089337934	0.5455771254814112
8	0.06938741089672	0.4020534411575812
9	0.04940641677657555	0.32206162582700126
>10	0.20453325984396034	2.6223328451865013
>50	0.019676486508048478	1.015910473701178
>100	0.0242860134550359	3.8849866460453755
>500	0.005309884719689767	2.7106954278176887
>1k	0.0034612780611576626	4.321675975146896
>5k	3.075380847962603E-5	0.1372623193189505
>10k+	1.5376904239812933E-5	0.3842164381407061
>>END_MODULE
>>Overrepresented sequences	pass
>>END_MODULE
>>Adapter Content	pass
#Position	Illumina Universal Adapter	Illumina Small RNA 3' Adapter	Illumina Small RNA 5' Adapter	Nextera Transposase Sequence	SOLID Small RNA Adapter
1	2.1421793784881786E-5	1.6478302911447529E-6	0.0	1.6478302911447529E-6	0.0
2	3.625226640518456E-5	1.3182642329158023E-5	0.0	2.306962407602654E-5	0.0
3	1.285307627092907E-4	1.3182642329158023E-5	0.0	2.306962407602654E-5	8.239151455723765E-6
4	3.526356823049771E-4	1.3182642329158023E-5	0.0	2.80131149494608E-5	9.886981746868516E-6
5	4.0042276074817495E-4	1.3182642329158023E-5	0.0	3.13087755317503E-5	9.886981746868516E-6
6	4.7951861472312306E-4	1.3182642329158023E-5	0.0	3.13087755317503E-5	1.153481203801327E-5
7	5.371926749131894E-4	3.460443611403981E-5	0.0	3.295660582289506E-5	1.4830472620302776E-5
8	6.212320197615718E-4	4.119575727861882E-5	0.0	3.295660582289506E-5	1.647830291144753E-5
9	7.645932550911654E-4	4.119575727861882E-5	0.0	3.9547926987474065E-5	1.812613320259228E-5
10	0.0010249504410920363	4.119575727861882E-5	0.0	3.9547926987474065E-5	1.812613320259228E-5
11	0.0012309292274851303	4.119575727861882E-5	0.0	4.119575727861882E-5	1.812613320259228E-5
12	0.0015094125466885936	4.284358756976357E-5	0.0	4.449141786090833E-5	1.9773963493737033E-5
13	0.0018785265319050182	4.449141786090833E-5	0.0	5.1082739025487335E-5	2.1421793784881786E-5
14	0.002206444759842824	4.449141786090833E-5	0.0	5.273056931663209E-5	2.306962407602654E-5
15	0.0025491934604009326	4.449141786090833E-5	0.0	6.591321164579012E-5	2.306962407602654E-5
16	0.0030287120751240557	4.9434908734342585E-5	0.0	6.591321164579012E-5	2.4717454367171292E-5
17	0.003404417381505059	5.273056931663209E-5	0.0	6.756104193693487E-5	2.80131149494608E-5
18	0.0037587008941011813	5.273056931663209E-5	0.0	7.415236310151388E-5	3.625226640518456E-5
19	0.004234923848242015	5.437839960777684E-5	0.0	8.239151455723764E-5	3.7900096696329315E-5
20	0.004684781517724532	5.9321890481211104E-5	0.0	8.568717513952714E-5	3.7900096696329315E-5
21	0.005109921732839878	6.0969720772355854E-5	0.0	8.898283572181666E-5	3.7900096696329315E-5
22	0.005492218360385461	6.0969720772355854E-5	0.0	9.557415688639567E-5	4.284358756976357E-5
23	0.005902528102880504	6.26175510635006E-5	0.0	9.722198717754042E-5	4.613924815205308E-5
24	0.00623044633081831	6.591321164579012E-5	0.0	1.0710896892440893E-4	4.7787078443197835E-5
25	0.006592968994870156	7.085670251922437E-5	0.0	1.0710896892440893E-4	4.7787078443197835E-5
26	0.006950548168048567	7.085670251922437E-5	0.0	1.153481203801327E-4	4.9434908734342585E-5
27	0.00726693158394836	7.085670251922437E-5	0.0	1.1699595067127745E-4	4.9434908734342585E-5
28	0.0076096802845064685	7.085670251922437E-5	0.0	1.1864378096242221E-4	5.273056931663209E-5
29	0.007947485494191144	7.085670251922437E-5	0.0	1.2193944154471171E-4	5.60262298989216E-5
30	0.00826222107979979	7.250453281036912E-5	0.0	1.2358727183585646E-4	6.26175510635006E-5
31	0.008548943550458977	7.580019339265863E-5	0.0	1.252351021270012E-4	6.26175510635006E-5
32	0.0088406095119916	7.580019339265863E-5	0.0	1.2688293241814596E-4	6.426538135464535E-5
33	0.009117445000903918	7.909585397494813E-5	0.0	1.2688293241814596E-4	6.426538135464535E-5
34	0.009415702283601118	8.239151455723764E-5	0.0	1.2688293241814596E-4	6.756104193693487E-5
35	0.009689242111931147	8.239151455723764E-5	0.0	1.285307627092907E-4	6.756104193693487E-5
36	0.0099710210917169	8.40393448483824E-5	0.0	1.3017859300043548E-4	7.744802368380338E-5
37	0.01023796959888235	8.898283572181666E-5	0.0	1.3017859300043548E-4	7.909585397494813E-5
38	0.010521396408959247	9.227849630410616E-5	0.0	1.3182642329158023E-4	8.07436842660929E-5
39	0.01078999274641584	9.227849630410616E-5	0.0	1.3347425358272498E-4	8.07436842660929E-5
40	0.011058589083872436	9.227849630410616E-5	0.0	1.3512208387386973E-4	8.239151455723764E-5
41	0.011353550705987347	9.722198717754042E-5	0.0	1.3676991416501448E-4	8.733500543067189E-5
42	0.011643568837228823	9.722198717754042E-5	0.0	1.4336123532959348E-4	9.227849630410616E-5
43	0.01196489574400205	9.722198717754042E-5	0.0	1.4500906562073823E-4	9.227849630410616E-5
44	0.012251618214661237	9.722198717754042E-5	0.0	1.499525564941725E-4	9.39263265952509E-5
45	0.012566353800269886	1.0051764775982992E-4	0.0	1.5489604736760676E-4	9.557415688639567E-5
46	0.012881089385878532	1.0051764775982992E-4	0.0	1.5489604736760676E-4	9.886981746868517E-5
47	0.01323372506818351	1.0381330834211943E-4	0.0	1.565438776587515E-4	1.0051764775982992E-4
48	0.013578121599032763	1.1040462950669843E-4	0.0	1.614873685321858E-4	1.0216547805097467E-4
49	0.013914278978426294	1.1040462950669843E-4	1.6478302911447529E-6	1.6313519882333054E-4	1.0381330834211943E-4
50	0.014253732018402111	1.120524597978432E-4	1.6478302911447529E-6	1.6643085940562004E-4	1.0710896892440893E-4
51	0.014650859118567998	1.1370029008898795E-4	1.6478302911447529E-6	1.779656714436333E-4	1.0875679921555368E-4
52	0.01506446452164533	1.153481203801327E-4	1.6478302911447529E-6	1.779656714436333E-4	1.120524597978432E-4
53	0.015455000300646636	1.2358727183585646E-4	1.6478302911447529E-6	1.779656714436333E-4	1.120524597978432E-4
54	0.015881788346053128	1.2358727183585646E-4	1.6478302911447529E-6	1.779656714436333E-4	1.1370029008898795E-4
55	0.016325054694371066	1.2358727183585646E-4	1.6478302911447529E-6	1.779656714436333E-4	1.1864378096242221E-4
56	0.01684247340579052	1.2358727183585646E-4	1.6478302911447529E-6	1.8950048348164656E-4	1.2193944154471171E-4
57	0.017419214007691183	1.252351021270012E-4	1.6478302911447529E-6	1.8950048348164656E-4	1.2193944154471171E-4
58	0.018010785082212148	1.3017859300043548E-4	1.6478302911447529E-6	1.960918046462256E-4	1.2358727183585646E-4
59	0.01857928653265709	1.3017859300043548E-4	1.6478302911447529E-6	2.026831258108046E-4	1.2358727183585646E-4
60	0.019325753654545662	1.3347425358272498E-4	1.6478302911447529E-6	2.0927444697538362E-4	1.3182642329158023E-4
61	0.020087051249054536	1.3676991416501448E-4	1.6478302911447529E-6	2.1751359843110736E-4	1.3347425358272498E-4
62	0.021036201496753913	1.4171340503844873E-4	3.2956605822895057E-6	2.2080925901339686E-4	1.4171340503844873E-4
63	0.02197052127183299	1.4500906562073823E-4	3.2956605822895057E-6	2.274005801779759E-4	1.4171340503844873E-4
64	0.023002063034089606	1.499525564941725E-4	3.2956605822895057E-6	2.3728756192484442E-4	1.4171340503844873E-4
65	0.024147305086435207	1.565438776587515E-4	4.943490873434258E-6	2.471745436717129E-4	1.4336123532959348E-4
>>END_MODULE
