##FastQC	0.11.7
>>Basic Statistics	pass
#Measure	Value
Filename	SRR656191_1_val_1.fq.gz
File type	Conventional base calls
Encoding	Sanger / Illumina 1.9
Total Sequences	30266360
Sequences flagged as poor quality	0
Sequence length	20-76
%GC	49
>>END_MODULE
>>Per base sequence quality	pass
#Base	Mean	Median	Lower Quartile	Upper Quartile	10th Percentile	90th Percentile
1	31.7047806872052	31.0	31.0	34.0	30.0	34.0
2	31.91706551432019	33.0	31.0	34.0	30.0	34.0
3	32.06501597813546	34.0	31.0	34.0	30.0	34.0
4	35.571599558057194	37.0	35.0	37.0	33.0	37.0
5	35.34254449494422	37.0	35.0	37.0	32.0	37.0
6	35.30184257373533	37.0	35.0	37.0	32.0	37.0
7	35.31180254249272	37.0	35.0	37.0	32.0	37.0
8	35.259619524779325	37.0	35.0	37.0	32.0	37.0
9	36.86215990294175	39.0	37.0	39.0	32.0	39.0
10-11	36.902089134603564	39.0	37.0	39.0	32.0	39.0
12-13	36.77583411087425	39.0	37.0	39.0	32.0	39.0
14-15	37.90972974616042	40.0	37.0	41.0	32.0	41.0
16-17	37.54195996809659	40.0	37.0	41.0	32.0	41.0
18-19	37.80865001605743	40.0	37.0	41.0	32.0	41.0
20-21	37.74564679163659	40.0	37.0	41.0	32.0	41.0
22-23	37.552213090067234	40.0	37.0	41.0	31.5	41.0
24-25	37.492726204610875	40.0	37.0	41.0	31.0	41.0
26-27	37.34905646938759	39.5	36.0	41.0	31.0	41.0
28-29	37.284666245444875	39.5	36.0	41.0	31.0	41.0
30-31	37.57015290895405	40.0	37.0	41.0	31.0	41.0
32-33	37.47088525685126	40.0	37.0	41.0	31.0	41.0
34-35	37.40485125772136	40.0	36.0	41.0	31.0	41.0
36-37	37.34139266737343	40.0	36.0	41.0	31.0	41.0
38-39	37.26540369446475	40.0	36.0	41.0	30.5	41.0
40-41	37.19166001642856	39.5	36.0	41.0	30.0	41.0
42-43	37.16869722984197	39.0	36.0	41.0	30.5	41.0
44-45	37.12731907526143	39.0	35.5	41.0	31.0	41.0
46-47	36.928133733770906	39.0	35.0	41.0	30.0	41.0
48-49	36.844604029551135	39.0	35.0	40.5	30.0	41.0
50-51	35.90279131816173	38.0	34.0	39.5	29.0	40.5
52-53	36.0027805708809	38.0	34.0	39.5	29.5	40.5
54-55	36.40429961563288	38.0	35.0	40.0	30.0	41.0
56-57	36.37994864673489	38.0	35.0	40.0	30.0	41.0
58-59	36.169395404117104	38.0	34.0	40.0	30.0	41.0
60-61	35.93064159149581	37.0	34.0	40.0	29.0	41.0
62-63	35.673788029862266	37.0	34.0	40.0	29.0	41.0
64-65	35.41203403495855	36.0	34.0	39.0	29.0	41.0
66-67	35.217296927333265	36.0	34.0	39.0	29.0	41.0
68-69	34.92412167931713	35.0	33.0	39.0	29.0	40.0
70-71	34.71775110922395	35.0	33.0	38.0	29.0	40.0
72-73	34.61402979359137	35.0	33.0	37.5	29.0	40.0
74-75	34.563798084518595	35.0	33.0	37.0	29.5	39.0
76	33.52841687321783	34.0	32.0	36.0	28.0	38.0
>>END_MODULE
>>Per sequence quality scores	pass
#Quality	Count
12	2.0
13	2.0
14	0.0
15	3.0
16	5.0
17	20.0
18	61.0
19	1051.0
20	13673.0
21	45502.0
22	93022.0
23	147205.0
24	206695.0
25	271285.0
26	337786.0
27	409148.0
28	487072.0
29	578946.0
30	693415.0
31	837248.0
32	1023079.0
33	1273171.0
34	1640042.0
35	2179636.0
36	3047855.0
37	4367931.0
38	5883217.0
39	6316877.0
40	412411.0
>>END_MODULE
>>Per base sequence content	fail
#Base	G	A	T	C
1	26.521709690981126	13.079602971708152	18.874270539068768	41.52441679824195
2	22.878612317835582	21.42135975907877	33.12931323752577	22.570714685559878
3	27.856359473767267	24.1457599851548	23.703153098261424	24.29472744281651
4	28.223312707359156	30.153091151728212	19.005059612967052	22.618536527945583
5	28.150216247133088	30.82312109403244	21.02250413638156	20.004158522452915
6	22.58038104680886	33.232587052676664	21.070432481004424	23.11659941951005
7	19.726234600188246	16.377055365077695	39.79671379487562	24.09999623985844
8	21.896325195902488	21.424328765620615	26.214507877648273	30.464838160828624
9	22.05236827329165	20.853051129713844	29.002009726752366	28.092570870242145
10-11	25.932762471809273	29.327709302244514	20.247399062113743	24.492129163832466
12-13	23.488496409947896	23.16083840483481	27.215752628969092	26.134912556248203
14-15	23.99914524421912	24.78881634496582	26.28104251129693	24.93099589951812
16-17	24.823458426253435	25.095705883746415	25.273397172105692	24.807438517894457
18-19	24.535397830243628	25.24407867624317	25.235907835426648	24.984615658086557
20-21	24.606121848572766	25.27603066330309	25.320751409685222	24.797096078438923
22-23	24.587211259417245	25.569228295585226	25.41717752610111	24.42638291889642
24-25	24.47226387338424	25.527220609569234	25.495331487572344	24.50518402947418
26-27	24.5708196942442	25.454504488334457	25.25854260292283	24.716133214498516
28-29	24.81649330463704	25.332889542149573	25.097401015724525	24.753216137488867
30-31	24.196768328147147	25.46581702799367	25.47779847394495	24.85961616991423
32-33	24.376101318864198	25.562728771421405	25.500481838482987	24.56068807123141
34-35	24.681111116057455	25.554886422983625	25.193862771984847	24.570139688974074
36-37	24.550040352655262	25.40806602720928	25.252973529828544	24.788920090306913
38-39	24.499642225025127	25.440826069105306	25.500004074694445	24.559527631175126
40-41	24.64227863567925	25.580402397591207	25.26937213613552	24.50794683059402
42-43	24.31528286896104	25.656273829301767	25.544308584622204	24.484134717114987
44-45	24.38751888148723	25.549920430664848	25.45753744024042	24.605023247607505
46-47	24.561070620455926	25.47574241142869	25.332539292795076	24.6306476753203
48-49	24.42791782573865	25.551694816334336	25.442237213054046	24.57815014487296
50-51	24.417645752367577	25.523744660054742	25.422484526161764	24.636125061415914
52-53	24.51737700321159	25.563261217664703	25.228984088553176	24.690377690570532
54-55	24.365539794975728	25.502500105069515	25.432300964689226	24.69965913526553
56-57	24.313019058370948	25.422283258569433	25.598099143261578	24.66659853979804
58-59	24.464460463949898	25.43728138609324	25.436920203252967	24.661337946703895
60-61	24.37504833797349	25.496085096900963	25.491793014481456	24.637073550644093
62-63	24.233523721241436	25.59493723820211	25.61271335874936	24.558825681807093
64-65	24.394757611298548	25.515550866054614	25.49092719076832	24.598764331878513
66-67	24.29931971349601	25.65882057104002	25.47232106109036	24.569538654373616
68-69	24.30385815121455	25.672161460298536	25.48960922074805	24.534371167738865
70-71	24.304068689521177	25.588891302006072	25.57875585117407	24.528284157298682
72-73	24.19664569112774	25.525595599508538	25.702942480330982	24.574816229032745
74-75	24.371597970967507	22.079349703037092	27.375543224109332	26.173509101886072
76	25.392382160798295	0.0	37.80920900111737	36.79840883808434
>>END_MODULE
>>Per sequence GC content	pass
#GC Content	Count
0	4275.0
1	3536.5
2	2546.0
3	2340.5
4	2470.0
5	2749.0
6	3135.0
7	3508.5
8	3915.5
9	4475.0
10	5194.0
11	6029.5
12	6741.0
13	7786.5
14	9659.5
15	12344.0
16	15503.0
17	18700.5
18	24986.0
19	35813.0
20	48255.5
21	59446.0
22	78670.0
23	110935.0
24	143658.5
25	170304.0
26	211265.0
27	271650.0
28	329848.0
29	373890.0
30	428055.5
31	500297.5
32	565571.0
33	611506.0
34	662200.5
35	727469.0
36	780871.5
37	815550.0
38	855485.5
39	913107.5
40	964268.5
41	1011834.0
42	1045484.0
43	1078737.0
44	1120462.0
45	1147174.0
46	1164414.5
47	1187663.0
48	1225837.0
49	1251667.0
50	1259556.5
51	1280629.5
52	1295308.5
53	1303769.5
54	1319352.5
55	1299453.0
56	1253042.5
57	1211103.0
58	1179638.0
59	1131295.0
60	1069946.0
61	1006177.0
62	955029.0
63	904654.5
64	825370.0
65	738113.0
66	638732.5
67	568873.0
68	513001.0
69	434505.0
70	354668.0
71	299778.5
72	256840.0
73	203688.5
74	157918.5
75	129574.0
76	108831.0
77	84352.0
78	64149.5
79	51010.0
80	41114.0
81	30993.0
82	23182.5
83	17501.5
84	13172.5
85	9539.5
86	7285.0
87	5942.5
88	4548.0
89	3329.5
90	2615.0
91	2116.0
92	1863.0
93	1344.5
94	738.0
95	482.0
96	381.0
97	359.5
98	234.0
99	124.5
100	140.0
>>END_MODULE
>>Per base N content	pass
#Base	N-Count
1	0.06625177259505273
2	0.03906647512287569
3	0.006713724412185674
4	0.0757937194958363
5	0.018542038091134843
6	0.0029471664250342623
7	0.005094765277357436
8	0.0021971588258383233
9	0.0018304150218262124
10-11	0.00212447086468277
12-13	0.001665215110109045
14-15	0.001338119284909054
16-17	0.13701019878174978
18-19	6.508876521656386E-4
20-21	4.660627408042475E-4
22-23	3.989036736677958E-4
24-25	4.094282609498149E-4
26-27	7.770538521232647E-4
28-29	5.438696575617009E-4
30-31	9.495853319119762E-5
32-33	2.554792748616525E-4
34-35	1.3388600135834043E-5
36-37	5.868741996922298E-5
38-39	3.024514547352077E-5
40-41	7.076829839041886E-5
42-43	3.379367585487989E-5
44-45	1.693919373198337E-5
46-47	5.095229066977449E-6
48-49	8.516377539055766E-6
50-51	8.883209253406749E-5
52-53	7.842357786718142E-4
54-55	0.0010815862482111338
56-57	6.8884594470192735E-6
58-59	0.0
60-61	5.204626753575375E-6
62-63	2.8749769239541596E-4
64-65	4.4493033328137224E-4
66-67	6.348255118598101E-5
68-69	2.3093931279033402E-5
70-71	0.0
72-73	0.0
74-75	0.0
76	0.0
>>END_MODULE
>>Sequence Length Distribution	warn
#Length	Count
20-21	47858.0
22-23	42574.0
24-25	48290.0
26-27	53679.0
28-29	47676.0
30-31	58251.0
32-33	77604.0
34-35	57206.0
36-37	60698.0
38-39	66534.0
40-41	96714.0
42-43	73060.0
44-45	77214.0
46-47	80846.0
48-49	89355.0
50-51	70926.0
52-53	73035.0
54-55	86885.0
56-57	98123.0
58-59	110669.0
60-61	120008.0
62-63	139176.0
64-65	186458.0
66-67	199878.0
68-69	245263.0
70-71	355249.0
72-73	1149987.0
74-75	9030907.0
76-77	1.7422237E7
>>END_MODULE
>>Sequence Duplication Levels	pass
#Total Deduplicated Percentage	82.45717463177536
#Duplication Level	Percentage of deduplicated	Percentage of total
1	88.57372604444647	73.03539196233953
2	8.197007687814759	13.518041887442935
3	1.8934511943637446	4.683859073711848
4	0.6062339956558471	1.9995336979005254
5	0.276223929182687	1.1388322383045986
6	0.143336812528959	0.7091489149117453
7	0.07661310179748518	0.44221099397980523
8	0.04655338402398452	0.3070928412932634
9	0.031669634306059576	0.23502497098492967
>10	0.13689972294236466	2.017985111682786
>50	0.011312121420277342	0.6520373361666965
>100	0.006586735308819869	1.0057706905866828
>500	3.1719611667732937E-4	0.1704324206734327
>1k	6.844009186390902E-5	0.08463786002126997
>5k	0.0	0.0
>10k+	0.0	0.0
>>END_MODULE
>>Overrepresented sequences	pass
>>END_MODULE
>>Adapter Content	pass
#Position	Illumina Universal Adapter	Illumina Small RNA 3' Adapter	Illumina Small RNA 5' Adapter	Nextera Transposase Sequence	SOLID Small RNA Adapter
1	6.6079964686866875E-6	1.982398940606006E-5	0.0	9.91199470303003E-6	0.0
2	6.6079964686866875E-6	4.955997351515015E-5	0.0	3.964797881212012E-5	0.0
3	6.6079964686866875E-6	4.955997351515015E-5	0.0	4.2951977046463466E-5	3.3039982343433437E-6
4	6.6079964686866875E-6	4.955997351515015E-5	0.0	5.28639717494935E-5	9.91199470303003E-6
5	6.6079964686866875E-6	4.955997351515015E-5	0.0	5.616796998383684E-5	9.91199470303003E-6
6	6.6079964686866875E-6	4.955997351515015E-5	0.0	6.277596645252353E-5	9.91199470303003E-6
7	6.6079964686866875E-6	7.929595762424025E-5	0.0	6.277596645252353E-5	9.91199470303003E-6
8	6.6079964686866875E-6	8.25999558585836E-5	0.0	6.938396292121021E-5	9.91199470303003E-6
9	6.6079964686866875E-6	8.920795232727028E-5	0.0	8.590395409292693E-5	1.651999117171672E-5
10	9.91199470303003E-6	1.05727943498987E-4	0.0	8.920795232727028E-5	1.651999117171672E-5
11	1.3215992937373375E-5	1.1233593996767368E-4	0.0	9.581594879595697E-5	1.651999117171672E-5
12	1.3215992937373375E-5	1.1563993820201702E-4	0.0	9.91199470303003E-5	1.982398940606006E-5
13	1.651999117171672E-5	1.2555193290504705E-4	0.0	9.91199470303003E-5	1.982398940606006E-5
14	1.651999117171672E-5	1.2555193290504705E-4	0.0	9.91199470303003E-5	1.982398940606006E-5
15	1.982398940606006E-5	1.288559311393904E-4	0.0	1.3546392760807708E-4	2.3127987640403404E-5
16	1.982398940606006E-5	1.3215992937373375E-4	0.0	1.3876792584242042E-4	2.3127987640403404E-5
17	1.982398940606006E-5	1.4207192407676377E-4	0.0	1.519839187797938E-4	2.3127987640403404E-5
18	1.982398940606006E-5	1.4207192407676377E-4	0.0	1.685039099515105E-4	2.643198587474675E-5
19	1.982398940606006E-5	1.4207192407676377E-4	0.0	1.8502390112322723E-4	2.643198587474675E-5
20	2.3127987640403404E-5	1.4207192407676377E-4	0.0	1.9163189759191393E-4	2.643198587474675E-5
21	2.3127987640403404E-5	1.4207192407676377E-4	0.0	2.1475988523231732E-4	3.634398057777678E-5
22	2.643198587474675E-5	1.4207192407676377E-4	0.0	2.2797587816969072E-4	3.634398057777678E-5
23	2.643198587474675E-5	1.4867992054545047E-4	0.0	2.3127987640403404E-4	3.634398057777678E-5
24	2.9735984109090092E-5	1.5528791701413714E-4	0.0	2.3788787287272074E-4	3.634398057777678E-5
25	2.9735984109090092E-5	1.5528791701413714E-4	0.0	2.3788787287272074E-4	3.634398057777678E-5
26	2.9735984109090092E-5	1.5528791701413714E-4	0.0	2.444958693414074E-4	3.964797881212012E-5
27	3.303998234343344E-5	1.5528791701413714E-4	0.0	2.444958693414074E-4	3.964797881212012E-5
28	3.303998234343344E-5	1.5528791701413714E-4	0.0	2.4779986757575076E-4	4.625597528080681E-5
29	3.303998234343344E-5	1.585919152484805E-4	0.0	2.577118622787808E-4	4.625597528080681E-5
30	3.303998234343344E-5	1.585919152484805E-4	0.0	2.6101586051312416E-4	4.625597528080681E-5
31	3.303998234343344E-5	1.7180790818585386E-4	0.0	2.742318534504975E-4	4.625597528080681E-5
32	3.964797881212012E-5	1.8171990288888388E-4	0.0	2.8414384815352755E-4	4.955997351515015E-5
33	4.2951977046463466E-5	1.8832789935757058E-4	0.0	2.9075184462221425E-4	5.28639717494935E-5
34	4.2951977046463466E-5	1.8832789935757058E-4	0.0	3.0066383932524424E-4	5.28639717494935E-5
35	4.2951977046463466E-5	1.8832789935757058E-4	0.0	3.0066383932524424E-4	5.28639717494935E-5
36	4.2951977046463466E-5	1.9163189759191393E-4	0.0	3.0066383932524424E-4	5.28639717494935E-5
37	4.2951977046463466E-5	2.0154389229494395E-4	0.0	3.039678375595876E-4	5.28639717494935E-5
38	4.2951977046463466E-5	2.0815188876363065E-4	0.0	3.0727183579393094E-4	5.28639717494935E-5
39	4.2951977046463466E-5	2.11455886997974E-4	0.0	3.1387983226261764E-4	5.28639717494935E-5
40	4.2951977046463466E-5	2.11455886997974E-4	0.0	3.17183830496961E-4	5.28639717494935E-5
41	4.2951977046463466E-5	2.1806388346666067E-4	0.0	3.2048782873130433E-4	6.607996468686688E-5
42	4.2951977046463466E-5	2.2136788170100402E-4	0.0	3.6343980577776777E-4	6.607996468686688E-5
43	4.2951977046463466E-5	2.2136788170100402E-4	0.0	3.733518004807978E-4	6.607996468686688E-5
44	4.2951977046463466E-5	2.2467187993534737E-4	0.0	3.799597969494845E-4	6.607996468686688E-5
45	4.625597528080681E-5	2.3127987640403404E-4	0.0	3.799597969494845E-4	6.607996468686688E-5
46	4.625597528080681E-5	2.3127987640403404E-4	0.0	3.8326379518382786E-4	6.607996468686688E-5
47	4.625597528080681E-5	2.3127987640403404E-4	0.0	3.8326379518382786E-4	6.938396292121021E-5
48	4.625597528080681E-5	2.444958693414074E-4	0.0	3.865677934181712E-4	6.938396292121021E-5
49	4.625597528080681E-5	2.5440786404443746E-4	0.0	3.865677934181712E-4	6.938396292121021E-5
50	4.625597528080681E-5	2.577118622787808E-4	0.0	3.931757898868579E-4	6.938396292121021E-5
51	4.625597528080681E-5	2.577118622787808E-4	0.0	3.964797881212012E-4	6.938396292121021E-5
52	4.955997351515015E-5	2.7753585168484085E-4	0.0	3.9978378635554455E-4	7.929595762424025E-5
53	4.955997351515015E-5	2.874478463878709E-4	0.0	4.096957810585746E-4	7.929595762424025E-5
54	4.955997351515015E-5	3.0066383932524424E-4	0.0	4.1960777576160465E-4	8.590395409292693E-5
55	4.955997351515015E-5	3.0066383932524424E-4	0.0	4.1960777576160465E-4	9.251195056161362E-5
56	4.955997351515015E-5	3.0066383932524424E-4	0.0	4.1960777576160465E-4	9.251195056161362E-5
57	4.955997351515015E-5	3.039678375595876E-4	0.0	4.32823768698978E-4	9.251195056161362E-5
58	4.955997351515015E-5	3.2048782873130433E-4	0.0	4.4273576340200804E-4	9.251195056161362E-5
59	4.955997351515015E-5	3.2048782873130433E-4	0.0	4.625597528080681E-4	9.251195056161362E-5
60	4.955997351515015E-5	3.2048782873130433E-4	0.0	4.856877404484715E-4	9.91199470303003E-5
61	4.955997351515015E-5	3.37007819903021E-4	0.0	4.922957369171582E-4	9.91199470303003E-5
62	4.955997351515015E-5	3.469198146060511E-4	0.0	4.922957369171582E-4	9.91199470303003E-5
63	4.955997351515015E-5	3.5352781107473777E-4	0.0	4.955997351515015E-4	9.91199470303003E-5
64	4.955997351515015E-5	3.568318093090811E-4	0.0	5.055117298545316E-4	9.91199470303003E-5
65	5.28639717494935E-5	3.6343980577776777E-4	0.0	5.088157280888749E-4	1.05727943498987E-4
>>END_MODULE
