##FastQC	0.11.7
>>Basic Statistics	pass
#Measure	Value
Filename	SRR656373_1_val_1.fq.gz
File type	Conventional base calls
Encoding	Sanger / Illumina 1.9
Total Sequences	35393957
Sequences flagged as poor quality	0
Sequence length	20-76
%GC	47
>>END_MODULE
>>Per base sequence quality	pass
#Base	Mean	Median	Lower Quartile	Upper Quartile	10th Percentile	90th Percentile
1	31.938292093195457	33.0	31.0	34.0	30.0	34.0
2	32.21848681683147	34.0	31.0	34.0	30.0	34.0
3	32.36469869701204	34.0	31.0	34.0	30.0	34.0
4	35.84462562352099	37.0	35.0	37.0	35.0	37.0
5	35.658863517294776	37.0	35.0	37.0	33.0	37.0
6	35.61479692705735	37.0	35.0	37.0	33.0	37.0
7	35.616643598227796	37.0	35.0	37.0	33.0	37.0
8	35.56557928801236	37.0	35.0	37.0	33.0	37.0
9	37.20821497861909	39.0	37.0	39.0	33.0	39.0
10-11	37.301750451355296	39.0	37.0	39.0	34.0	39.0
12-13	37.16955378851819	39.0	37.0	39.0	33.0	39.0
14-15	38.44862522718214	40.0	38.0	41.0	33.0	41.0
16-17	38.40764123943531	40.0	38.0	41.0	33.0	41.0
18-19	38.42207453662217	40.0	38.0	41.0	33.0	41.0
20-21	38.36067700832976	40.0	38.0	41.0	33.0	41.0
22-23	38.234478770464385	40.0	38.0	41.0	33.0	41.0
24-25	38.182913107486726	40.0	38.0	41.0	33.0	41.0
26-27	38.102953327448944	40.0	38.0	41.0	33.0	41.0
28-29	38.07861248394021	40.0	38.0	41.0	33.0	41.0
30-31	38.13769224735113	40.0	38.0	41.0	33.0	41.0
32-33	38.005134389018735	40.0	38.0	41.0	33.0	41.0
34-35	37.92959069333394	40.0	37.5	41.0	32.0	41.0
36-37	37.9053228044255	40.0	37.0	41.0	32.0	41.0
38-39	37.9237058185243	40.0	37.0	41.0	32.0	41.0
40-41	37.89772934260272	40.0	37.0	41.0	32.0	41.0
42-43	37.917554198459044	40.0	37.0	41.0	32.5	41.0
44-45	37.82992687061188	40.0	37.0	41.0	32.0	41.0
46-47	37.683091266301695	40.0	37.0	41.0	32.0	41.0
48-49	37.60728533531023	40.0	36.5	41.0	32.0	41.0
50-51	36.690712941252684	39.0	35.0	40.0	31.0	40.5
52-53	36.78818420129568	38.5	35.0	40.0	31.0	40.5
54-55	37.22618238251066	39.0	35.0	41.0	31.5	41.0
56-57	37.17201370671236	39.0	35.0	41.0	31.0	41.0
58-59	36.968806789684635	39.0	35.0	41.0	31.0	41.0
60-61	36.726537979417074	38.0	35.0	40.0	31.0	41.0
62-63	36.45164286777326	38.0	35.0	40.0	31.0	41.0
64-65	36.204582458888794	37.0	35.0	40.0	31.0	41.0
66-67	35.99313961744315	37.0	34.0	39.5	30.5	41.0
68-69	35.690318367543796	36.0	34.0	39.0	30.0	41.0
70-71	35.407937525341964	36.0	34.0	39.0	30.0	40.5
72-73	35.222919204597794	35.0	34.0	38.5	30.0	40.0
74-75	35.10826132022791	35.0	34.0	37.0	30.5	39.5
76	33.38376693829658	34.0	31.0	36.0	28.0	38.0
>>END_MODULE
>>Per sequence quality scores	pass
#Quality	Count
9	1.0
10	0.0
11	0.0
12	0.0
13	2.0
14	0.0
15	5.0
16	20.0
17	29.0
18	123.0
19	1343.0
20	16809.0
21	50519.0
22	97302.0
23	146739.0
24	197114.0
25	249338.0
26	303176.0
27	359853.0
28	422180.0
29	500124.0
30	591028.0
31	715494.0
32	892217.0
33	1120832.0
34	1488971.0
35	2038626.0
36	2996457.0
37	4758555.0
38	7544252.0
39	9964123.0
40	938725.0
>>END_MODULE
>>Per base sequence content	fail
#Base	G	A	T	C
1	23.475916751456303	14.888953835615995	23.368255472845355	38.26687394008234
2	22.223536358318917	21.518940597099114	33.392344197220474	22.8651788473615
3	26.407134260091087	24.616316124506138	27.080277944255915	21.89627167114686
4	26.196801355555156	29.992830546562733	20.680662879130416	23.129705218751695
5	26.63368236897965	31.518432946660347	22.228502648749476	19.619382035610528
6	21.803551287737296	34.08738159541707	20.698448910664982	23.410618206180654
7	18.738972368252718	16.29893013606792	41.394915456518525	23.567182039160837
8	21.096246813727166	22.466138584566757	26.10451760356231	30.333096998143773
9	20.947778470975845	21.965634397394094	29.570380098981374	27.516207032648687
10-11	24.718413965051205	29.973815924542485	20.65161516026155	24.656154950144757
12-13	22.442062619730173	23.658168820691337	28.798361862696165	25.10140669688233
14-15	22.48708946650777	25.693452032826293	27.69917030150666	24.120288199159283
16-17	23.21697073543341	25.858936693543754	26.729555879112134	24.194536691910702
18-19	23.04397837501356	26.23802191292291	26.939403331278843	23.778596380784688
20-21	23.437336189874244	26.27077330778619	26.44538433629921	23.84650616604036
22-23	23.23011018078034	26.621851625212457	26.6300835323739	23.517954661633304
24-25	23.24343759213992	26.565280757296954	26.592056295715143	23.599225354847984
26-27	23.176394179626232	26.67747542289012	26.447169106281386	23.69896129120226
28-29	23.381920971129986	26.47791248637948	26.415313919363427	23.724852623127106
30-31	23.164974693300167	26.507257787350184	26.52795829285616	23.79980922649349
32-33	23.080218552820337	26.588377423262262	26.730158116478215	23.60124590743919
34-35	23.391363049546896	26.43371166545468	26.664846919135528	23.510078365862896
36-37	23.173413433068404	26.381637046946473	26.581197984467686	23.863751535517444
38-39	23.469537225881684	26.363747826795237	26.63814512774164	23.52856981958144
40-41	23.312444722863816	26.562255751455822	26.569036254970396	23.55626327070997
42-43	23.058911928756302	26.71342093227389	26.808037066403863	23.41963007256595
44-45	23.15594896598176	26.555580283210556	26.71174536838214	23.576725382425543
46-47	23.256162048521393	26.465148787743214	26.66732681849985	23.611362345235545
48-49	23.19461742228564	26.619807889365177	26.719260920976286	23.466313767372903
50-51	23.23659146886489	26.659221415916278	26.63831578741976	23.46587132779907
52-53	23.1996715977663	26.80034304422229	26.32824726289254	23.67173809511887
54-55	23.18639214220511	26.656060867198438	26.606388847864594	23.551158142731854
56-57	23.085738991264442	26.564986314406685	26.755354812512984	23.593919881815893
58-59	23.201909512423327	26.5482472366008	26.659833541452933	23.59000970952293
60-61	23.23108900616922	26.612770264372145	26.598946149608892	23.557194579849742
62-63	23.072831373785917	26.824770109463223	26.640552925651818	23.46184559109904
64-65	23.145330811311236	26.621505355073737	26.761006233868017	23.472157599747014
66-67	23.058545803681763	26.90000511653978	26.57513188008982	23.466317199688632
68-69	23.147622664585647	26.80857115932315	26.61032907418333	23.433477101907872
70-71	23.082216839062443	26.749195341008523	26.69334917882581	23.475238641103218
72-73	22.99723419898397	26.695923237571336	26.76278627824704	23.544056285197655
74-75	23.133145020125877	23.3024887094308	28.568805402039597	24.995560868403725
76	24.083771765712967	0.0	40.23640136172874	35.679826872558294
>>END_MODULE
>>Per sequence GC content	pass
#GC Content	Count
0	3216.0
1	2546.0
2	1877.5
3	1923.5
4	2062.0
5	2328.0
6	2713.5
7	3167.0
8	3659.0
9	4215.5
10	4947.0
11	5907.0
12	6786.5
13	8009.5
14	10194.5
15	13288.0
16	17097.0
17	21135.5
18	28876.0
19	42642.5
20	58747.5
21	73234.0
22	98426.0
23	141264.5
24	183716.0
25	217585.5
26	271434.0
27	351044.0
28	427824.5
29	487513.5
30	564538.0
31	669054.0
32	761033.5
33	826615.5
34	898870.5
35	991327.0
36	1067921.0
37	1119859.5
38	1187127.5
39	1293779.5
40	1396937.5
41	1473606.5
42	1527958.0
43	1569672.0
44	1613963.5
45	1644870.5
46	1666147.0
47	1706282.0
48	1758589.0
49	1776661.0
50	1785509.0
51	1794258.5
52	1690599.5
53	1548643.0
54	1458017.5
55	1373982.0
56	1309340.0
57	1226435.5
58	1114129.0
59	1008217.0
60	924052.5
61	843454.5
62	781514.0
63	720095.0
64	630216.0
65	545289.5
66	456584.0
67	395485.0
68	348262.5
69	283378.5
70	220269.0
71	179765.5
72	151255.5
73	115858.0
74	85988.0
75	68717.0
76	57225.0
77	43880.0
78	32814.5
79	26012.5
80	21309.5
81	15938.0
82	11867.0
83	9136.0
84	6815.5
85	4543.0
86	3058.5
87	2301.5
88	1742.0
89	1208.5
90	882.5
91	655.0
92	518.0
93	379.5
94	220.0
95	131.5
96	99.5
97	94.0
98	76.5
99	68.0
100	77.0
>>END_MODULE
>>Per base N content	pass
#Base	N-Count
1	0.1957368033192785
2	0.002935529361693014
3	0.006373969432126507
4	0.021803156962641956
5	0.030106834338980523
6	0.0034412654114938323
7	0.002952481408055053
8	0.002042721586625649
9	0.0023563344443233627
10-11	0.0019466599905740972
12-13	0.0023478584211423436
14-15	0.0010651535797480908
16-17	5.127994024516671E-4
18-19	0.0020695623266988768
20-21	5.347285618089137E-4
22-23	5.21847722112004E-4
24-25	9.30536131304416E-4
26-27	1.1954265541665917E-4
28-29	4.603757840855247E-4
30-31	1.0990396277721206E-4
32-33	1.2868225156479405E-5
34-35	1.332429363585459E-4
36-37	0.0010849719303697163
38-39	4.14161183249297E-4
40-41	2.478732653969397E-4
42-43	1.3432182837024047E-4
44-45	3.5189478907679767E-4
46-47	6.604377756066713E-4
48-49	0.004733902026360369
50-51	0.007703555613698536
52-53	0.0053147593766850205
54-55	7.222833455318965E-4
56-57	0.0013266793614617137
58-59	0.008608506120002251
60-61	0.019349719268218286
62-63	0.015620686234198468
64-65	0.004483488995260574
66-67	0.001539745310502861
68-69	0.0010111282447052474
70-71	6.95997122562093E-4
72-73	0.0028036460683382165
74-75	0.0
76	0.0
>>END_MODULE
>>Sequence Length Distribution	warn
#Length	Count
20-21	118649.0
22-23	63049.0
24-25	64731.0
26-27	54790.0
28-29	49380.0
30-31	56171.0
32-33	74212.0
34-35	60171.0
36-37	65672.0
38-39	73116.0
40-41	71745.0
42-43	93896.0
44-45	82150.0
46-47	80123.0
48-49	128144.0
50-51	85742.0
52-53	88994.0
54-55	99388.0
56-57	109123.0
58-59	120050.0
60-61	117975.0
62-63	127716.0
64-65	169752.0
66-67	202233.0
68-69	233508.0
70-71	351413.0
72-73	1333654.0
74-75	1.1083416E7
76-77	2.0134994E7
>>END_MODULE
>>Sequence Duplication Levels	pass
#Total Deduplicated Percentage	71.39882181888517
#Duplication Level	Percentage of deduplicated	Percentage of total
1	86.00129913124968	61.40391432864739
2	9.801100117567481	13.9957400184651
3	2.3177908494526216	4.964626076205306
4	0.8006877331716471	2.28672643173158
5	0.35887764683233236	1.2811720580481247
6	0.18862945168663323	0.8080752366460757
7	0.11946733322977995	0.5970878786915306
8	0.07354484769683088	0.420081238112246
9	0.0532497328408147	0.34217713683041096
>10	0.2282625469235238	2.9470191580573775
>50	0.023772747650172746	1.1989826087840791
>100	0.026601169887369013	4.1149744149127825
>500	0.004442350369704137	2.1886354847515324
>1k	0.0022028973060418365	2.4543447928956836
>5k	4.762942374714141E-5	0.2186215201879272
>10k+	2.3814711873570704E-5	0.7778216170326058
>>END_MODULE
>>Overrepresented sequences	warn
#Sequence	Count	Percentage	Possible Source
CGTATGCCGTCTTCTGCTTG	75931	0.21453097205265861	No Hit
>>END_MODULE
>>Adapter Content	pass
#Position	Illumina Universal Adapter	Illumina Small RNA 3' Adapter	Illumina Small RNA 5' Adapter	Nextera Transposase Sequence	SOLID Small RNA Adapter
1	1.9777387422378345E-5	5.650682120679527E-6	0.0	2.8253410603397637E-6	0.0
2	1.9777387422378345E-5	1.695204636203858E-5	0.0	2.5428069543057874E-5	0.0
3	1.9777387422378345E-5	1.9777387422378345E-5	0.0	3.10787516637374E-5	0.0
4	1.9777387422378345E-5	1.9777387422378345E-5	0.0	3.390409272407716E-5	0.0
5	1.9777387422378345E-5	1.9777387422378345E-5	0.0	3.390409272407716E-5	0.0
6	1.9777387422378345E-5	1.9777387422378345E-5	0.0	3.955477484475669E-5	0.0
7	1.9777387422378345E-5	3.390409272407716E-5	0.0	3.955477484475669E-5	0.0
8	1.9777387422378345E-5	3.390409272407716E-5	0.0	4.803079802577598E-5	0.0
9	2.260272848271811E-5	3.390409272407716E-5	0.0	6.21575033274748E-5	2.8253410603397637E-6
10	2.5428069543057874E-5	3.955477484475669E-5	0.0	7.06335265084941E-5	5.650682120679527E-6
11	3.10787516637374E-5	4.238011590509645E-5	0.0	7.910954968951338E-5	5.650682120679527E-6
12	3.10787516637374E-5	4.238011590509645E-5	0.0	7.910954968951338E-5	8.47602318101929E-6
13	3.390409272407716E-5	5.085613908611575E-5	0.0	9.888693711189172E-5	8.47602318101929E-6
14	3.390409272407716E-5	5.085613908611575E-5	0.0	1.017122781722315E-4	8.47602318101929E-6
15	3.390409272407716E-5	5.650682120679527E-5	0.0	1.243150066549496E-4	8.47602318101929E-6
16	3.955477484475669E-5	6.21575033274748E-5	0.0	1.2996568877562912E-4	8.47602318101929E-6
17	4.238011590509645E-5	6.498284438781456E-5	0.0	1.3561637089630864E-4	1.1301364241359055E-5
18	4.238011590509645E-5	6.780818544815432E-5	0.0	1.4409239407732794E-4	1.1301364241359055E-5
19	4.803079802577598E-5	6.780818544815432E-5	0.0	1.4691773513766772E-4	1.1301364241359055E-5
20	5.650682120679527E-5	6.780818544815432E-5	0.0	1.5256841725834724E-4	1.1301364241359055E-5
21	6.498284438781456E-5	7.06335265084941E-5	0.0	1.6386978149970628E-4	1.1301364241359055E-5
22	6.498284438781456E-5	7.06335265084941E-5	0.0	1.6669512256004606E-4	1.1301364241359055E-5
23	6.780818544815432E-5	7.06335265084941E-5	0.0	1.7517114574106536E-4	1.1301364241359055E-5
24	7.06335265084941E-5	7.06335265084941E-5	0.0	1.8082182786174488E-4	1.1301364241359055E-5
25	7.345886756883386E-5	7.06335265084941E-5	0.0	1.8082182786174488E-4	1.1301364241359055E-5
26	7.345886756883386E-5	7.06335265084941E-5	0.0	1.8929785104276417E-4	1.1301364241359055E-5
27	8.193489074985314E-5	7.06335265084941E-5	0.0	1.8929785104276417E-4	1.1301364241359055E-5
28	8.193489074985314E-5	7.345886756883386E-5	0.0	1.9212319210310392E-4	1.1301364241359055E-5
29	8.193489074985314E-5	7.345886756883386E-5	0.0	1.9212319210310392E-4	1.1301364241359055E-5
30	8.193489074985314E-5	7.628420862917362E-5	0.0	1.9777387422378344E-4	1.1301364241359055E-5
31	8.193489074985314E-5	7.910954968951338E-5	0.0	2.0907523846514252E-4	1.1301364241359055E-5
32	8.193489074985314E-5	8.193489074985314E-5	0.0	2.1190057952548226E-4	1.1301364241359055E-5
33	8.193489074985314E-5	8.193489074985314E-5	0.0	2.1190057952548226E-4	1.1301364241359055E-5
34	8.47602318101929E-5	8.758557287053268E-5	0.0	2.2037660270650156E-4	1.1301364241359055E-5
35	8.47602318101929E-5	9.041091393087244E-5	0.0	2.2037660270650156E-4	1.1301364241359055E-5
36	8.47602318101929E-5	9.32362549912122E-5	0.0	2.2885262588752086E-4	1.4126705301698818E-5
37	8.47602318101929E-5	1.0736296029291102E-4	0.0	2.2885262588752086E-4	1.4126705301698818E-5
38	8.47602318101929E-5	1.1301364241359054E-4	0.0	2.3167796694786063E-4	1.4126705301698818E-5
39	8.47602318101929E-5	1.1301364241359054E-4	0.0	2.3167796694786063E-4	1.4126705301698818E-5
40	8.47602318101929E-5	1.1301364241359054E-4	0.0	2.3167796694786063E-4	1.4126705301698818E-5
41	8.47602318101929E-5	1.1583898347393032E-4	0.0	2.3732864906854015E-4	1.4126705301698818E-5
42	8.47602318101929E-5	1.1866432453427008E-4	0.0	2.458046722495594E-4	1.9777387422378345E-5
43	8.47602318101929E-5	1.1866432453427008E-4	0.0	2.458046722495594E-4	1.9777387422378345E-5
44	8.758557287053268E-5	1.2148966559460984E-4	0.0	2.458046722495594E-4	1.9777387422378345E-5
45	8.758557287053268E-5	1.243150066549496E-4	0.0	2.5428069543057875E-4	1.9777387422378345E-5
46	8.758557287053268E-5	1.243150066549496E-4	0.0	2.5993137755125824E-4	1.9777387422378345E-5
47	8.758557287053268E-5	1.2996568877562912E-4	0.0	2.62756718611598E-4	2.260272848271811E-5
48	8.758557287053268E-5	1.3561637089630864E-4	0.0	2.62756718611598E-4	2.260272848271811E-5
49	9.606159605155196E-5	1.3561637089630864E-4	0.0	2.655820596719378E-4	2.260272848271811E-5
50	9.606159605155196E-5	1.3844171195664842E-4	0.0	2.712327417926173E-4	2.5428069543057874E-5
51	9.606159605155196E-5	1.4409239407732794E-4	0.0	2.7688342391329684E-4	2.5428069543057874E-5
52	9.606159605155196E-5	1.4409239407732794E-4	0.0	2.797087649736366E-4	2.5428069543057874E-5
53	9.606159605155196E-5	1.55393758318687E-4	0.0	2.797087649736366E-4	2.5428069543057874E-5
54	9.606159605155196E-5	1.55393758318687E-4	0.0	2.797087649736366E-4	2.5428069543057874E-5
55	9.606159605155196E-5	1.55393758318687E-4	0.0	2.881847881546559E-4	2.5428069543057874E-5
56	9.606159605155196E-5	1.5821909937902676E-4	0.0	2.9101012921499566E-4	2.5428069543057874E-5
57	9.606159605155196E-5	1.5821909937902676E-4	0.0	2.9101012921499566E-4	2.5428069543057874E-5
58	9.606159605155196E-5	1.5821909937902676E-4	0.0	2.9948615239601493E-4	2.5428069543057874E-5
59	9.606159605155196E-5	1.5821909937902676E-4	0.0	3.0796217557703425E-4	2.5428069543057874E-5
60	9.606159605155196E-5	1.6104444043936654E-4	0.0	3.192635398183933E-4	2.5428069543057874E-5
61	9.606159605155196E-5	1.6386978149970628E-4	0.0	3.2491422193907285E-4	2.5428069543057874E-5
62	9.606159605155196E-5	1.695204636203858E-4	0.0	3.390409272407716E-4	2.5428069543057874E-5
63	9.606159605155196E-5	1.7517114574106536E-4	0.0	3.390409272407716E-4	2.5428069543057874E-5
64	9.606159605155196E-5	1.8082182786174488E-4	0.0	3.5316763254247043E-4	2.5428069543057874E-5
65	9.888693711189172E-5	1.864725099824244E-4	0.0	3.559929736028102E-4	2.8253410603397635E-5
>>END_MODULE
