##FastQC	0.11.7
>>Basic Statistics	pass
#Measure	Value
Filename	SRR807971_1.fastq.gz
File type	Conventional base calls
Encoding	Sanger / Illumina 1.9
Total Sequences	60685861
Sequences flagged as poor quality	0
Sequence length	76
%GC	49
>>END_MODULE
>>Per base sequence quality	fail
#Base	Mean	Median	Lower Quartile	Upper Quartile	10th Percentile	90th Percentile
1	29.5997220011429	31.0	30.0	34.0	25.0	34.0
2	29.811256974668282	31.0	30.0	34.0	26.0	34.0
3	28.947276219744168	31.0	28.0	34.0	16.0	34.0
4	32.961084032407484	35.0	33.0	37.0	26.0	37.0
5	32.685499477382386	35.0	33.0	37.0	25.0	37.0
6	32.626457470876126	35.0	33.0	37.0	25.0	37.0
7	32.68189079495799	35.0	33.0	37.0	25.0	37.0
8	32.58375923841634	35.0	33.0	37.0	25.0	37.0
9	33.87921191395802	38.0	34.0	39.0	25.0	39.0
10-11	33.76682754818293	38.0	33.0	39.0	23.0	39.0
12-13	33.62731473810679	38.0	33.0	39.0	22.5	39.0
14-15	34.506554673418904	39.0	33.0	41.0	22.0	41.0
16-17	34.34638287491711	38.0	33.0	41.0	19.0	41.0
18-19	34.189298986793645	38.5	33.0	40.0	18.0	41.0
20-21	34.0329425168739	38.0	33.0	40.0	18.0	41.0
22-23	33.86580858595711	38.0	33.0	40.0	18.0	41.0
24-25	33.808144511618615	38.0	33.0	40.0	17.5	41.0
26-27	33.65420490614774	38.0	33.0	40.0	16.0	41.0
28-29	33.54303860004557	38.0	32.5	40.0	15.5	41.0
30-31	33.424493433486916	38.0	32.0	40.0	13.5	41.0
32-33	33.278664547578884	38.0	32.0	40.0	9.5	41.0
34-35	33.17482316844775	38.0	32.0	40.0	9.0	41.0
36-37	33.047940911640026	38.0	32.0	40.0	9.0	41.0
38-39	32.86504096069429	38.0	32.0	40.0	8.0	41.0
40-41	32.660126952800425	38.0	31.0	40.0	7.5	41.0
42-43	32.422181123870025	38.0	31.0	40.0	2.0	41.0
44-45	32.171335412049274	38.0	31.0	40.0	2.0	41.0
46-47	31.89815631848743	37.0	30.0	40.0	2.0	41.0
48-49	31.596993161224162	37.0	30.0	40.0	2.0	41.0
50-51	30.652863745312935	36.0	29.0	39.0	2.0	40.5
52-53	30.599608358526872	36.0	29.0	39.0	2.0	40.0
54-55	30.803431758181695	36.0	29.0	40.0	2.0	41.0
56-57	30.546448842507154	36.0	28.5	39.5	2.0	41.0
58-59	30.17778347084834	35.0	28.0	39.0	2.0	41.0
60-61	29.76114368715968	35.0	28.0	39.0	2.0	40.5
62-63	29.287296146296747	35.0	27.0	38.5	2.0	40.0
64-65	28.801004421771324	34.5	26.0	38.0	2.0	40.0
66-67	28.26050389233169	34.0	26.0	37.5	2.0	40.0
68-69	27.668902736668763	34.0	25.0	37.0	2.0	39.5
70-71	27.01130025163522	33.5	23.0	36.0	2.0	39.0
72-73	26.264358941862916	33.0	19.5	36.0	2.0	39.0
74-75	25.349418293661515	33.0	2.0	35.0	2.0	38.0
76	22.35370670608101	29.0	2.0	34.0	2.0	36.0
>>END_MODULE
>>Per sequence quality scores	pass
#Quality	Count
2	2334653.0
3	722544.0
4	411788.0
5	290766.0
6	239011.0
7	220453.0
8	213105.0
9	215165.0
10	231699.0
11	254396.0
12	282329.0
13	308476.0
14	329693.0
15	344227.0
16	354675.0
17	368242.0
18	387500.0
19	412262.0
20	442639.0
21	481999.0
22	536037.0
23	604575.0
24	689425.0
25	789582.0
26	909886.0
27	1051096.0
28	1212509.0
29	1401426.0
30	1628999.0
31	1907605.0
32	2260187.0
33	2721561.0
34	3353788.0
35	4204307.0
36	5431985.0
37	7128087.0
38	8712145.0
39	7025583.0
40	271456.0
>>END_MODULE
>>Per base sequence content	fail
#Base	G	A	T	C
1	28.70503627650478	13.604728268865903	14.711165255857289	42.97907019877203
2	23.277437110693423	21.082297860337963	34.58484473648069	21.055420292487923
3	26.37857686122186	23.805656667957216	24.281910429924924	25.533856040895998
4	26.7580158204158	31.169806129597134	20.42062949795905	21.65154855202802
5	27.657512781737033	30.946257055498894	21.703100678982402	19.693129483781675
6	22.166807683798396	33.23179560985945	22.13932237479668	22.462074331545473
7	19.885316701838768	16.638392716766884	39.46563768956071	24.01065289183364
8	21.833016217723774	21.742798226466842	27.14495208717024	29.27923346863915
9	21.569989361934176	20.869728952563506	29.810711925421273	27.749569760081044
10-11	25.927060177454987	29.307692597092196	20.74170028471593	24.023546940736892
12-13	23.53531090050037	23.304657578030984	27.28216634875763	25.87786517271102
14-15	24.076364983160218	24.879559514684278	26.529655938438555	24.514419563716945
16-17	24.973242747609547	24.960713230546183	25.31763035409518	24.74841366774909
18-19	24.74988281709213	25.311856433971037	25.140354937465275	24.79790581147156
20-21	24.743342221903315	25.51116858420317	25.388288232502447	24.35720096139107
22-23	24.76940684711076	25.50209171110225	25.335637586708682	24.392863855078314
24-25	24.691766319872197	25.47051205092726	25.277909580034198	24.55981204916635
26-27	24.70338489851832	25.642557367019574	25.206864720206674	24.447193014255433
28-29	24.821373671755957	25.456233403319377	25.17131875062688	24.55107417429778
30-31	24.375166402815555	25.48930474530899	25.3921073442383	24.743421507637155
32-33	24.52938194664934	25.502582731285884	25.386468790631344	24.581566531433428
34-35	24.879765010743014	25.510822836538853	25.060960216008652	24.548451936709476
36-37	24.754431462355146	25.45563968620887	25.273936417766073	24.515992433669908
38-39	24.381923548127045	25.545035998420822	25.47064525052944	24.602395202922693
40-41	24.693080192361553	25.333464392858147	25.372866382664405	24.600589032115895
42-43	24.49944416906925	25.36453578489916	25.48303608617181	24.652983959859778
44-45	24.435239567406715	25.540234903820892	25.594921151616518	24.42960437715588
46-47	24.816123866122975	25.321777720266166	25.28731417623229	24.574784237378573
48-49	24.598154514182117	25.301979101937828	25.44178618483648	24.65808019904358
50-51	24.676599897349686	25.391767407925236	25.45765783409158	24.4739748606335
52-53	24.61962247112558	25.355111395984803	25.382640721394633	24.642625411494983
54-55	24.62392885041004	25.36670019202898	25.43633822604422	24.57303273151676
56-57	24.560251330440206	25.41561903259361	25.461966403284336	24.56216323368184
58-59	24.709844683711307	25.366068692845868	25.37455028883401	24.549536334608817
60-61	24.66676855439947	25.35314986503312	25.406019041184198	24.57406253938321
62-63	24.40654880932063	25.41725460930407	25.614594978408363	24.561601602966938
64-65	24.666161439154518	25.36405413130233	25.3784502365075	24.591334193035653
66-67	24.670016045327497	25.434712325627462	25.30277318838875	24.592498440656293
68-69	24.574766839289758	25.48546629778509	25.39582421036595	24.543942652559203
70-71	24.707929555638223	25.52285499367324	25.278741979745867	24.49047347094267
72-73	24.497608899397157	25.56109405644952	25.42551554908656	24.515781495066765
74-75	24.63195179117842	25.742309543497505	25.444094360008744	24.181644305315327
76	25.265920814837635	24.938256751537434	25.324700056754196	24.47112237687074
>>END_MODULE
>>Per sequence GC content	pass
#GC Content	Count
0	3846.0
1	5307.5
2	8859.0
3	9899.0
4	8849.0
5	7165.5
6	4793.5
7	3939.5
8	3774.0
9	3902.0
10	4372.5
11	5106.5
12	5498.0
13	6293.5
14	8537.5
15	12164.0
16	17829.5
17	21317.0
18	26980.0
19	41537.5
20	65039.0
21	79646.0
22	99462.5
23	146137.5
24	204765.5
25	236535.0
26	284123.5
27	382945.0
28	494000.0
29	553822.0
30	625816.5
31	766038.5
32	911111.5
33	987957.0
34	1061915.0
35	1217138.0
36	1377243.5
37	1456084.0
38	1538487.5
39	1749336.0
40	1973829.0
41	2231395.5
42	2392914.0
43	2495909.5
44	2583239.0
45	2597721.5
46	2627870.0
47	2681272.5
48	2748932.5
49	2769399.0
50	2775608.0
51	2820700.5
52	2825594.5
53	2795845.5
54	2806295.0
55	2839183.5
56	2780797.5
57	2521140.5
58	2352758.0
59	2229229.5
60	1987741.5
61	1697111.5
62	1524441.0
63	1409220.5
64	1176978.5
65	975335.5
66	806280.5
67	721847.0
68	651420.5
69	514440.5
70	395158.5
71	342430.0
72	299401.5
73	221861.5
74	163061.0
75	138772.0
76	119989.0
77	86585.5
78	62636.5
79	53308.0
80	45323.5
81	32035.0
82	21707.0
83	16683.0
84	13255.5
85	7851.5
86	4684.5
87	3494.0
88	2737.5
89	1635.0
90	1104.0
91	737.5
92	556.0
93	438.5
94	284.5
95	211.5
96	175.0
97	138.5
98	81.5
99	42.0
100	23.0
>>END_MODULE
>>Per base N content	pass
#Base	N-Count
1	0.2001355801806948
2	0.0054164181669928025
3	0.0019708050282091242
4	0.14723363651378368
5	0.06487507856236892
6	0.1060955532953549
7	0.11630880543987009
8	0.12523345429671007
9	0.13014398856432144
10-11	0.13676826633472333
12-13	0.1174894758434753
14-15	0.13643458070076653
16-17	0.15315429074986678
18-19	0.18415162635659071
20-21	0.1944447982702264
22-23	0.17039059559524086
24-25	0.1518343786866598
26-27	0.15613768749198434
28-29	0.16159942099198363
30-31	0.16882186115807107
32-33	0.1741929639920574
34-35	0.15402928863446463
36-37	0.13530004954531336
38-39	0.11444510938058539
40-41	0.11056117338435718
42-43	0.08472484224949861
44-45	0.08081618879890326
46-47	0.07410375210792511
48-49	0.08089281290744149
50-51	0.07420674150112165
52-53	0.06828608726503856
54-55	0.07203078160166501
56-57	0.06506705079128727
58-59	0.08994434469669962
60-61	0.10477069774127454
62-63	0.11331387388571451
64-65	0.11904667546860709
66-67	0.12164777558317909
68-69	0.12789058064118097
70-71	0.14518785520732744
72-73	0.1695304281832633
74-75	0.182043227499071
76	0.31871839142234465
>>END_MODULE
>>Sequence Length Distribution	pass
#Length	Count
76	6.0685861E7
>>END_MODULE
>>Sequence Duplication Levels	warn
#Total Deduplicated Percentage	69.60023100422605
#Duplication Level	Percentage of deduplicated	Percentage of total
1	85.76817821317435	59.69485016448562
2	9.520404874094371	13.252447569814555
3	2.4926271850352415	5.204622836575995
4	0.932611283335499	2.5963984302919374
5	0.42223873641880877	1.4693956796840804
6	0.24674202284946092	1.0303981073263502
7	0.14450652321833618	0.7040381178329627
8	0.0912774302661268	0.5082344185595647
9	0.06194433724203715	0.3880206163304521
>10	0.2641801341204272	3.1755867804628335
>50	0.021489388513960372	1.0453010373450682
>100	0.024944738154091997	3.8040226170088287
>500	0.0051288531797118175	2.5088302704161807
>1k	0.003684044153943037	4.423795146117518
>5k	4.2236243615124174E-5	0.1940582077483581
>10k+	0.0	0.0
>>END_MODULE
>>Overrepresented sequences	pass
>>END_MODULE
>>Adapter Content	pass
#Position	Illumina Universal Adapter	Illumina Small RNA 3' Adapter	Illumina Small RNA 5' Adapter	Nextera Transposase Sequence	SOLID Small RNA Adapter
1	4.284358756976357E-5	6.591321164579011E-6	0.0	1.6478302911447529E-6	0.0
2	1.2358727183585646E-4	2.80131149494608E-5	1.6478302911447529E-6	1.4830472620302776E-5	3.2956605822895057E-6
3	2.6035718600087097E-4	2.9660945240605552E-5	1.6478302911447529E-6	1.4830472620302776E-5	6.591321164579011E-6
4	5.174187114194524E-4	2.9660945240605552E-5	1.6478302911447529E-6	1.4830472620302776E-5	1.3182642329158023E-5
5	5.948667351032557E-4	2.9660945240605552E-5	1.6478302911447529E-6	1.4830472620302776E-5	1.3182642329158023E-5
6	7.415236310151388E-4	2.9660945240605552E-5	1.6478302911447529E-6	1.4830472620302776E-5	1.9773963493737033E-5
7	8.651109028509952E-4	4.119575727861882E-5	3.2956605822895057E-6	1.647830291144753E-5	1.9773963493737033E-5
8	9.656285506108251E-4	4.613924815205308E-5	3.2956605822895057E-6	2.4717454367171292E-5	1.9773963493737033E-5
9	0.0011501855432190374	4.613924815205308E-5	3.2956605822895057E-6	2.9660945240605552E-5	2.1421793784881786E-5
10	0.0014385558441693692	4.613924815205308E-5	3.2956605822895057E-6	2.9660945240605552E-5	2.306962407602654E-5
11	0.0016494781214358976	4.613924815205308E-5	3.2956605822895057E-6	2.9660945240605552E-5	2.4717454367171292E-5
12	0.0019279614406393609	4.613924815205308E-5	3.2956605822895057E-6	3.13087755317503E-5	2.9660945240605552E-5
13	0.002285540613817772	5.1082739025487335E-5	3.2956605822895057E-6	3.625226640518456E-5	3.13087755317503E-5
14	0.0025986283691352753	5.1082739025487335E-5	3.2956605822895057E-6	3.7900096696329315E-5	3.13087755317503E-5
15	0.002919955275908502	5.1082739025487335E-5	3.2956605822895057E-6	4.9434908734342585E-5	3.13087755317503E-5
16	0.0033879390785936116	5.273056931663209E-5	3.2956605822895057E-6	5.1082739025487335E-5	3.460443611403981E-5
17	0.0037175051368225622	5.437839960777684E-5	3.2956605822895057E-6	5.767406019006635E-5	3.9547926987474065E-5
18	0.004048719025342658	5.60262298989216E-5	3.2956605822895057E-6	6.26175510635006E-5	4.449141786090833E-5
19	0.004442550464926254	5.60262298989216E-5	3.2956605822895057E-6	6.920887222807962E-5	4.449141786090833E-5
20	0.004861099358877021	5.9321890481211104E-5	3.2956605822895057E-6	8.07436842660929E-5	4.7787078443197835E-5
21	0.005253282968169472	5.9321890481211104E-5	3.2956605822895057E-6	8.239151455723764E-5	4.7787078443197835E-5
22	0.0055993273293098705	5.9321890481211104E-5	3.2956605822895057E-6	8.898283572181666E-5	5.1082739025487335E-5
23	0.00596679348423515	5.9321890481211104E-5	3.2956605822895057E-6	8.898283572181666E-5	5.1082739025487335E-5
24	0.006278233409261509	6.26175510635006E-5	3.2956605822895057E-6	9.886981746868517E-5	5.1082739025487335E-5
25	0.006586377673705577	6.591321164579012E-5	3.2956605822895057E-6	1.0216547805097467E-4	5.1082739025487335E-5
26	0.006924182883390252	6.756104193693487E-5	3.2956605822895057E-6	1.0875679921555368E-4	5.437839960777684E-5
27	0.007233974978125465	6.756104193693487E-5	3.2956605822895057E-6	1.1040462950669843E-4	5.60262298989216E-5
28	0.007519049618493507	6.756104193693487E-5	3.2956605822895057E-6	1.1040462950669843E-4	5.60262298989216E-5
29	0.007833785204102155	7.415236310151388E-5	3.2956605822895057E-6	1.120524597978432E-4	5.9321890481211104E-5
30	0.008120507674761341	7.415236310151388E-5	3.2956605822895057E-6	1.1370029008898795E-4	6.756104193693487E-5
31	0.008390751842509082	7.580019339265863E-5	3.2956605822895057E-6	1.1370029008898795E-4	6.756104193693487E-5
32	0.008644517707345374	7.580019339265863E-5	3.2956605822895057E-6	1.2029161125356696E-4	6.756104193693487E-5
33	0.00890652272363739	7.580019339265863E-5	3.2956605822895057E-6	1.2193944154471171E-4	7.085670251922437E-5
34	0.009150401606726812	7.580019339265863E-5	3.2956605822895057E-6	1.2193944154471171E-4	7.085670251922437E-5
35	0.009397576150398525	7.744802368380338E-5	3.2956605822895057E-6	1.252351021270012E-4	7.744802368380338E-5
36	0.00965958116669054	8.40393448483824E-5	3.2956605822895057E-6	1.252351021270012E-4	8.07436842660929E-5
37	0.00989851655890653	8.568717513952714E-5	3.2956605822895057E-6	1.285307627092907E-4	8.07436842660929E-5
38	0.010170408556945414	8.733500543067189E-5	3.2956605822895057E-6	1.3017859300043548E-4	8.239151455723764E-5
39	0.010420878761199417	8.733500543067189E-5	3.2956605822895057E-6	1.3347425358272498E-4	8.568717513952714E-5
40	0.010651575001959682	8.898283572181666E-5	3.2956605822895057E-6	1.3512208387386973E-4	8.733500543067189E-5
41	0.010911932187960553	8.898283572181666E-5	3.2956605822895057E-6	1.3512208387386973E-4	8.898283572181666E-5
42	0.011183824185999437	8.898283572181666E-5	3.2956605822895057E-6	1.3841774445615923E-4	9.06306660129614E-5
43	0.011488672789861216	9.06306660129614E-5	3.2956605822895057E-6	1.4006557474730398E-4	9.227849630410616E-5
44	0.01177374743022926	9.06306660129614E-5	3.2956605822895057E-6	1.4006557474730398E-4	9.227849630410616E-5
45	0.012060469900888446	9.886981746868517E-5	3.2956605822895057E-6	1.4336123532959348E-4	9.227849630410616E-5
46	0.01233236189892733	1.0051764775982992E-4	3.2956605822895057E-6	1.4336123532959348E-4	9.227849630410616E-5
47	0.012660280126865136	1.0051764775982992E-4	3.2956605822895057E-6	1.46656895911883E-4	9.227849630410616E-5
48	0.012965128730726916	1.0875679921555368E-4	3.2956605822895057E-6	1.4830472620302776E-4	9.39263265952509E-5
49	0.013274920825462128	1.0875679921555368E-4	3.2956605822895057E-6	1.53248217076462E-4	9.722198717754042E-5
50	0.013592952071653066	1.1040462950669843E-4	3.2956605822895057E-6	1.59839538241041E-4	1.0710896892440893E-4
51	0.01393734860250232	1.1040462950669843E-4	3.2956605822895057E-6	1.59839538241041E-4	1.0875679921555368E-4
52	0.014313053908883324	1.1370029008898795E-4	4.943490873434258E-6	1.59839538241041E-4	1.1040462950669843E-4
53	0.014657450439732576	1.2688293241814596E-4	4.943490873434258E-6	1.6313519882333054E-4	1.1040462950669843E-4
54	0.015066112351936474	1.2688293241814596E-4	4.943490873434258E-6	1.647830291144753E-4	1.120524597978432E-4
55	0.015430282846279465	1.3017859300043548E-4	4.943490873434258E-6	1.6643085940562004E-4	1.120524597978432E-4
56	0.015880140515761983	1.3017859300043548E-4	4.943490873434258E-6	1.6972651998790954E-4	1.120524597978432E-4
57	0.016422276681548605	1.3182642329158023E-4	4.943490873434258E-6	1.7302218057019904E-4	1.1370029008898795E-4
58	0.016959469356461795	1.3676991416501448E-4	4.943490873434258E-6	1.7467001086134379E-4	1.1370029008898795E-4
59	0.01749501420108384	1.3676991416501448E-4	4.943490873434258E-6	1.812613320259228E-4	1.153481203801327E-4
60	0.018193694244529216	1.4006557474730398E-4	4.943490873434258E-6	1.8950048348164656E-4	1.1864378096242221E-4
61	0.018897317778848025	1.4171340503844873E-4	4.943490873434258E-6	1.8950048348164656E-4	1.2193944154471171E-4
62	0.01980032877839535	1.46656895911883E-4	4.943490873434258E-6	1.927961440639361E-4	1.2193944154471171E-4
63	0.02067697449328436	1.4830472620302776E-4	4.943490873434258E-6	1.960918046462256E-4	1.2688293241814596E-4
64	0.021673911819426933	1.499525564941725E-4	4.943490873434258E-6	2.0103529551965984E-4	1.3182642329158023E-4
65	0.022758184151000182	1.53248217076462E-4	6.591321164579011E-6	2.0433095610194934E-4	1.3512208387386973E-4
>>END_MODULE
