##FastQC	0.11.7
>>Basic Statistics	pass
#Measure	Value
Filename	SRR598253_2_val_2.fq.gz
File type	Conventional base calls
Encoding	Sanger / Illumina 1.9
Total Sequences	56342689
Sequences flagged as poor quality	0
Sequence length	20-76
%GC	48
>>END_MODULE
>>Per base sequence quality	pass
#Base	Mean	Median	Lower Quartile	Upper Quartile	10th Percentile	90th Percentile
1	28.513097342585123	31.0	28.0	33.0	16.0	34.0
2	29.42131208895621	31.0	28.0	34.0	16.0	34.0
3	30.252515867675395	31.0	30.0	34.0	25.0	34.0
4	34.157848926947736	37.0	35.0	37.0	28.0	37.0
5	34.259876396740665	37.0	35.0	37.0	30.0	37.0
6	34.1520369927676	37.0	35.0	37.0	29.0	37.0
7	33.29563773571403	37.0	33.0	37.0	25.0	37.0
8	33.441456743393985	37.0	33.0	37.0	26.0	37.0
9	34.87672535473058	38.0	34.0	39.0	27.0	39.0
10-11	35.32832952825521	38.5	35.0	39.0	27.0	39.0
12-13	35.522857322269445	38.5	35.0	39.0	28.5	39.0
14-15	36.773510792145544	39.0	36.0	41.0	29.5	41.0
16-17	36.77749704136414	39.0	36.0	41.0	30.0	41.0
18-19	36.82141307632655	39.0	36.0	41.0	29.5	41.0
20-21	36.35076927939617	39.0	35.5	41.0	27.0	41.0
22-23	36.1269896107627	39.0	35.0	41.0	27.0	41.0
24-25	36.057257330828364	39.0	35.0	41.0	27.0	41.0
26-27	35.89160979522545	39.0	34.0	41.0	26.5	41.0
28-29	36.057211494268834	39.0	35.0	41.0	27.0	41.0
30-31	36.31327732542486	39.0	35.0	41.0	28.0	41.0
32-33	36.13648769340244	39.0	35.0	41.0	27.5	41.0
34-35	35.89547533830417	39.0	35.0	41.0	26.5	41.0
36-37	36.197857790672444	39.0	35.0	41.0	27.5	41.0
38-39	36.207446071948006	39.0	35.0	41.0	28.0	41.0
40-41	35.97008424847219	38.5	34.5	40.0	27.0	41.0
42-43	35.91420574410286	38.0	34.0	40.0	27.0	41.0
44-45	35.845624282094164	38.0	34.0	40.0	27.5	41.0
46-47	36.01024604618652	38.0	34.5	40.0	28.0	41.0
48-49	35.771356169137746	38.0	34.0	40.0	27.5	41.0
50-51	35.02333436361107	37.5	33.5	39.5	26.5	40.5
52-53	35.420713312155925	38.0	33.5	39.5	28.0	40.5
54-55	35.88116312710391	38.0	34.0	40.0	28.0	41.0
56-57	35.57131304821547	38.0	34.0	40.0	28.0	41.0
58-59	35.061307799629354	37.0	33.5	40.0	26.5	41.0
60-61	34.46709289597686	36.5	33.0	39.5	26.0	41.0
62-63	34.105957818296815	36.0	32.0	39.0	25.0	41.0
64-65	34.060938457140374	35.5	32.0	39.0	26.0	41.0
66-67	34.341558698589964	35.0	33.0	39.0	26.5	40.0
68-69	34.53796652157657	35.0	33.0	38.0	28.0	40.0
70-71	34.568237456301944	35.0	33.0	37.5	29.0	40.0
72-73	34.46677100254763	35.0	33.0	37.0	29.0	39.0
74-75	34.40024603519986	35.0	33.0	37.0	29.0	39.0
76	33.91319971065922	35.0	32.0	36.0	29.0	39.0
>>END_MODULE
>>Per sequence quality scores	pass
#Quality	Count
11	6.0
12	7.0
13	29.0
14	51.0
15	109.0
16	185.0
17	722.0
18	9790.0
19	57843.0
20	233245.0
21	389992.0
22	539514.0
23	683858.0
24	821746.0
25	953807.0
26	1090413.0
27	1225485.0
28	1372501.0
29	1538581.0
30	1736863.0
31	1986498.0
32	2306689.0
33	2738011.0
34	3331921.0
35	4156437.0
36	5500924.0
37	7461533.0
38	9289452.0
39	8242302.0
40	674175.0
>>END_MODULE
>>Per base sequence content	fail
#Base	G	A	T	C
1	28.348771556060587	13.044816266013706	21.50863584675741	37.0977763311683
2	22.967899583426945	21.860900289234483	31.219161742881376	23.952038384457197
3	28.310095120229057	24.15991022467296	24.261284809087037	23.26870984601095
4	28.06405511138857	29.78844964200313	18.902813025639535	23.24468222096877
5	27.772967577959406	30.9322109262897	20.690224169117513	20.604597326633378
6	22.43816932389113	33.09309660024242	20.475629186865707	23.993104889000747
7	19.347268578148125	15.511588593559717	39.91054544647247	25.230597381819692
8	21.727908249488753	21.73957203372802	25.20983273874245	31.322686978040775
9	21.981666005079532	21.106924461125963	28.535473272634153	28.375936261160344
10-11	25.867334062014248	29.397960904529295	19.83476716713715	24.899937866319306
12-13	23.540838446462615	22.67090325611731	27.586354592358926	26.201903705061152
14-15	23.64266271094026	24.693379463595306	26.794541401429107	24.869416424035325
16-17	24.192232737826068	25.176585344051666	25.821687126620567	24.809494791501695
18-19	24.184059774896756	25.439884369450517	25.547162687720526	24.8288931679322
20-21	24.296832660990685	25.37928961127131	25.538273847849947	24.78560387988806
22-23	24.638652533510136	25.643170432460472	25.372371290140293	24.3458057438891
24-25	24.13425077296953	25.825172006063973	25.3324835018207	24.708093719145793
26-27	24.057199941612637	25.811885851370192	25.40995370365196	24.72096050336521
28-29	24.173669888908663	25.62084221010627	25.449302746702852	24.756185154282214
30-31	23.895587339105397	25.7951528134863	25.9151680369788	24.394091810429508
32-33	23.895485902221655	25.7520952570074	25.835399500364137	24.517019340406808
34-35	24.26065919408668	25.682734185938127	25.605071508654632	24.45153511132056
36-37	23.907790544756153	25.77572344346411	25.665330699066324	24.651155312713406
38-39	23.886468676233857	25.739934144095717	25.83806254303591	24.535534636634516
40-41	24.361921992299962	25.59129622892158	25.62113914332855	24.42564263544991
42-43	23.92709384958617	25.761506842691535	26.013534499926198	24.297864807796095
44-45	24.02601308647354	25.790209302897633	25.757080319290974	24.426697291337852
46-47	24.08118866336116	25.742321945784923	25.726785184042182	24.44970420681173
48-49	23.700100834093128	25.73143476195271	25.835580793107027	24.732883610847132
50-51	23.93248154034375	25.69677581397467	25.930257821459318	24.440484824222256
52-53	23.793424656192723	25.809474223513867	25.890473637265217	24.506627483028193
54-55	23.703281576346704	25.763309563456392	25.958050258610974	24.57535860158593
56-57	23.685972308381796	25.79121854509513	26.121927652715847	24.400881493807226
58-59	23.58483328154971	25.815003826352072	25.81491872564857	24.785244166449644
60-61	23.552610144379834	25.92191538713936	25.8203957466701	24.705078721810704
62-63	23.390160273686213	26.22002970707358	25.84476140076712	24.545048618473096
64-65	23.419754974044192	26.085960558946837	25.951266968047822	24.543017498961152
66-67	23.438009680555616	26.03159451654151	25.982457934251656	24.547937868651218
68-69	23.611192697988244	26.138958717986295	25.9450143251853	24.304834258840163
70-71	23.53499005034919	26.03297229846646	26.047437464782693	24.384600186401656
72-73	23.366525349579884	25.94425990599222	26.287827160328764	24.401387584099137
74-75	23.70068012029035	22.795506673542526	27.71558915197642	25.7882240541907
76	24.563471541431888	0.0	38.7083707071339	36.72815775143421
>>END_MODULE
>>Per sequence GC content	pass
#GC Content	Count
0	7131.0
1	6306.5
2	4906.0
3	4103.0
4	3981.5
5	4300.0
6	4853.0
7	5447.0
8	5971.0
9	6588.5
10	7373.0
11	8308.5
12	9273.5
13	10711.5
14	12726.5
15	15313.5
16	18567.5
17	22014.5
18	28522.0
19	40019.5
20	54402.0
21	68534.0
22	92360.0
23	132562.0
24	177348.0
25	215697.5
26	274218.0
27	360797.5
28	453755.0
29	532034.0
30	632487.0
31	770024.5
32	911683.5
33	1024948.0
34	1150823.5
35	1337699.5
36	1501751.0
37	1612364.0
38	1746420.5
39	1956712.5
40	2149652.0
41	2306158.0
42	2412922.5
43	2503422.0
44	2589407.0
45	2640392.0
46	2683366.5
47	2712835.5
48	2739207.5
49	2706621.5
50	2652738.5
51	2596164.5
52	2508037.0
53	2395610.0
54	2308299.0
55	2258476.0
56	2204541.5
57	2108534.0
58	2015023.5
59	1915558.5
60	1799711.0
61	1688756.5
62	1595764.0
63	1488123.5
64	1332437.5
65	1183557.0
66	1019148.5
67	903759.0
68	811636.0
69	681195.0
70	550796.0
71	464633.0
72	398049.5
73	314739.5
74	241614.0
75	196485.0
76	163053.0
77	124175.5
78	91573.0
79	70678.5
80	55293.0
81	39845.0
82	29714.0
83	22190.0
84	16736.0
85	12915.0
86	10268.0
87	8710.0
88	6872.5
89	4902.5
90	3662.5
91	3004.5
92	2738.5
93	1974.0
94	1090.5
95	777.5
96	656.5
97	632.5
98	413.0
99	194.0
100	191.0
>>END_MODULE
>>Per base N content	pass
#Base	N-Count
1	1.8857282441737917
2	0.002752797261770733
3	0.0020428559950342448
4	0.0042454487750842
5	0.01132888776394751
6	0.0023410313270635697
7	0.8672447280604588
8	0.010494706775532136
9	0.0016044672628244634
10-11	0.003674833481944747
12-13	0.010686390917550989
14-15	0.005502044817207783
16-17	0.007343454977805549
18-19	0.0057727099251510695
20-21	0.6315636486643219
22-23	0.0020653669875495924
24-25	0.29711688789033613
26-27	0.0017462254616875273
28-29	0.0020015120106220263
30-31	0.003202206666019343
32-33	0.3421683177938727
34-35	0.34793827320374004
36-37	0.002549406407183365
38-39	0.0017880734414480678
40-41	0.0033372603731269593
42-43	0.0031395819719448486
44-45	0.0026314036421986424
46-47	0.0021444080453611705
48-49	0.0032089684183228863
50-51	8.355550391757856E-4
52-53	8.379529918903704E-4
54-55	1.9744051830935445E-4
56-57	5.67794965551926E-5
58-59	4.526214732230446E-4
60-61	2.4428770319029027E-4
62-63	0.003725891978350869
64-65	7.745309719625192E-4
66-67	0.0016046052093279437
68-69	9.291708053842543E-4
70-71	6.481411857359912E-5
72-73	1.5729568450638294E-5
74-75	0.0
76	0.0
>>END_MODULE
>>Sequence Length Distribution	warn
#Length	Count
20-21	122605.0
22-23	132843.0
24-25	139198.0
26-27	113347.0
28-29	109218.0
30-31	120715.0
32-33	127034.0
34-35	121328.0
36-37	124249.0
38-39	135643.0
40-41	147340.0
42-43	149428.0
44-45	152835.0
46-47	163826.0
48-49	166919.0
50-51	155393.0
52-53	167639.0
54-55	219288.0
56-57	241341.0
58-59	256721.0
60-61	237272.0
62-63	235062.0
64-65	256906.0
66-67	309165.0
68-69	412817.0
70-71	656805.0
72-73	2066117.0
74-75	1.6685879E7
76-77	3.2415756E7
>>END_MODULE
>>Sequence Duplication Levels	pass
#Total Deduplicated Percentage	81.28993623011841
#Duplication Level	Percentage of deduplicated	Percentage of total
1	92.44698408409344	75.15009440862728
2	4.881330808361165	7.93606140259583
3	1.3065581241690833	3.1863007978394378
4	0.520186995368358	1.6914387072492292
5	0.26973513350272116	1.0963375900729342
6	0.16033355162837598	0.7820102512451448
7	0.0989066844361427	0.562808264938254
8	0.06423482570685539	0.4177315908370437
9	0.04257889607242724	0.3115112171828805
>10	0.1868431532103533	2.461761550618724
>50	0.008126839596107861	0.45326371663849996
>100	0.009953144990602467	1.8530664021714882
>500	0.0023016967852412147	1.3110040482389733
>1k	0.0019136359078918228	2.657667891972041
>5k	0.0	0.0
>10k+	1.2426171359729145E-5	0.12894215977226806
>>END_MODULE
>>Overrepresented sequences	pass
>>END_MODULE
>>Adapter Content	pass
#Position	Illumina Universal Adapter	Illumina Small RNA 3' Adapter	Illumina Small RNA 5' Adapter	Nextera Transposase Sequence	SOLID Small RNA Adapter
1	0.0	8.874265834206102E-6	0.0	0.0	7.099412667364882E-6
2	0.0	1.9523384835253426E-5	0.0	1.5973678501570986E-5	1.0649119001047324E-5
3	0.0	1.9523384835253426E-5	0.0	1.5973678501570986E-5	1.7748531668412204E-5
4	0.0	1.9523384835253426E-5	0.0	1.7748531668412204E-5	2.4847944335777088E-5
5	0.0	1.9523384835253426E-5	0.0	1.9523384835253426E-5	3.017250383630075E-5
6	0.0	1.9523384835253426E-5	0.0	2.1298238002094648E-5	3.194735700314197E-5
7	0.0	3.194735700314197E-5	0.0	2.662279750261831E-5	3.549706333682441E-5
8	0.0	3.372221016998319E-5	0.0	3.017250383630075E-5	3.549706333682441E-5
9	0.0	3.727191650366563E-5	0.0	3.904676967050685E-5	3.727191650366563E-5
10	0.0	4.792103550471296E-5	0.0	3.904676967050685E-5	3.904676967050685E-5
11	5.324559500523662E-6	6.744442033996638E-5	0.0	4.2596476004189295E-5	5.8570154505760274E-5
12	7.099412667364882E-6	6.92192735068076E-5	0.0	4.614618233787173E-5	6.211986083944272E-5
13	8.874265834206102E-6	7.80935393410137E-5	0.0	4.792103550471296E-5	7.454383300733127E-5
14	8.874265834206102E-6	7.986839250785493E-5	0.0	5.1470741838395394E-5	7.454383300733127E-5
15	1.0649119001047324E-5	8.341809884153736E-5	0.0	5.8570154505760274E-5	7.631868617417248E-5
16	1.0649119001047324E-5	9.229236467574346E-5	0.0	5.8570154505760274E-5	8.164324567469614E-5
17	1.0649119001047324E-5	9.939177734310835E-5	0.0	6.211986083944272E-5	9.406721784258469E-5
18	1.2423972167888544E-5	9.939177734310835E-5	0.0	6.92192735068076E-5	9.761692417626713E-5
19	1.2423972167888544E-5	1.0116663050994958E-4	0.0	6.92192735068076E-5	1.0294148367679079E-4
20	1.2423972167888544E-5	1.1004089634415567E-4	0.0	7.631868617417248E-5	1.0294148367679079E-4
21	1.2423972167888544E-5	1.1181574951099689E-4	0.0	7.80935393410137E-5	1.1004089634415567E-4
22	1.2423972167888544E-5	1.224648685120442E-4	0.0	7.80935393410137E-5	1.1004089634415567E-4
23	1.2423972167888544E-5	1.295642811794091E-4	0.0	7.80935393410137E-5	1.1004089634415567E-4
24	1.2423972167888544E-5	1.295642811794091E-4	0.0	7.986839250785493E-5	1.1004089634415567E-4
25	1.2423972167888544E-5	1.313391343462503E-4	0.0	8.341809884153736E-5	1.1536545584467934E-4
26	1.2423972167888544E-5	1.313391343462503E-4	0.0	8.519295200837859E-5	1.3666369384677398E-4
27	1.2423972167888544E-5	1.3488884067993276E-4	0.0	8.69678051752198E-5	1.5441222551518618E-4
28	1.2423972167888544E-5	1.384385470136152E-4	0.0	8.874265834206103E-5	1.8813443568516938E-4
29	1.2423972167888544E-5	1.4021340018045643E-4	0.0	9.229236467574346E-5	2.0055840785305793E-4
30	1.2423972167888544E-5	1.4198825334729763E-4	0.0	9.229236467574346E-5	2.0233326101989915E-4
31	1.2423972167888544E-5	1.4198825334729763E-4	0.0	9.406721784258469E-5	2.0943267368726402E-4
32	1.2423972167888544E-5	1.4553795968098008E-4	0.0	9.406721784258469E-5	2.1298238002094648E-4
33	1.2423972167888544E-5	1.473128128478213E-4	0.0	9.761692417626713E-5	2.2008179268831135E-4
34	1.2423972167888544E-5	1.5441222551518618E-4	0.0	9.761692417626713E-5	2.2008179268831135E-4
35	1.4198825334729764E-5	1.5973678501570986E-4	0.0	9.761692417626713E-5	2.2718120535567622E-4
36	1.4198825334729764E-5	1.6328649134939228E-4	0.0	9.939177734310835E-5	2.2895605852251745E-4
37	1.4198825334729764E-5	1.7748531668412205E-4	0.0	9.939177734310835E-5	2.2895605852251745E-4
38	1.4198825334729764E-5	1.828098761846457E-4	0.0	1.0294148367679079E-4	2.2895605852251745E-4
39	1.4198825334729764E-5	1.8635958251832815E-4	1.7748531668412205E-6	1.0649119001047324E-4	2.3960517752356477E-4
40	1.4198825334729764E-5	1.9168414201885183E-4	1.7748531668412205E-6	1.1359060267783811E-4	2.3960517752356477E-4
41	1.4198825334729764E-5	1.987835546862167E-4	1.7748531668412205E-6	1.1714030901152055E-4	2.4670459019092964E-4
42	1.4198825334729764E-5	2.0233326101989915E-4	1.7748531668412205E-6	1.1891516217836177E-4	2.502542965246121E-4
43	1.4198825334729764E-5	2.0410811418674035E-4	1.7748531668412205E-6	1.20690015345203E-4	2.5557885602513577E-4
44	1.4198825334729764E-5	2.0943267368726402E-4	1.7748531668412205E-6	1.224648685120442E-4	2.5557885602513577E-4
45	1.4198825334729764E-5	2.2008179268831135E-4	1.7748531668412205E-6	1.2423972167888543E-4	2.5557885602513577E-4
46	1.4198825334729764E-5	2.25406352188835E-4	1.7748531668412205E-6	1.2601457484572666E-4	2.5557885602513577E-4
47	1.4198825334729764E-5	2.342806180230411E-4	1.7748531668412205E-6	1.2778942801256789E-4	2.5557885602513577E-4
48	1.4198825334729764E-5	2.3960517752356477E-4	1.7748531668412205E-6	1.295642811794091E-4	2.591285623588182E-4
49	1.4198825334729764E-5	2.41380030690406E-4	1.7748531668412205E-6	1.295642811794091E-4	2.591285623588182E-4
50	1.5973678501570986E-5	2.449297370240884E-4	1.7748531668412205E-6	1.3311398751309153E-4	2.609034155256594E-4
51	1.5973678501570986E-5	2.4670459019092964E-4	1.7748531668412205E-6	1.4021340018045643E-4	2.626782686925006E-4
52	1.5973678501570986E-5	2.609034155256594E-4	1.7748531668412205E-6	1.4376310651413886E-4	2.626782686925006E-4
53	1.5973678501570986E-5	2.7155253452670674E-4	1.7748531668412205E-6	1.4553795968098008E-4	2.680028281930243E-4
54	1.5973678501570986E-5	2.7332738769354797E-4	1.7748531668412205E-6	1.4553795968098008E-4	2.697776813598655E-4
55	1.5973678501570986E-5	2.768770940272304E-4	1.7748531668412205E-6	1.473128128478213E-4	2.768770940272304E-4
56	1.5973678501570986E-5	2.857513598614365E-4	1.7748531668412205E-6	1.473128128478213E-4	2.857513598614365E-4
57	1.5973678501570986E-5	2.999501851961663E-4	1.7748531668412205E-6	1.5086251918150373E-4	2.857513598614365E-4
58	1.5973678501570986E-5	3.0882445103037236E-4	1.7748531668412205E-6	1.5263737234834496E-4	3.0172503836300746E-4
59	1.5973678501570986E-5	3.1414901053089604E-4	1.7748531668412205E-6	1.6151163818255105E-4	3.034998915298487E-4
60	1.5973678501570986E-5	3.1592386369773726E-4	1.7748531668412205E-6	1.6683619768307473E-4	3.034998915298487E-4
61	1.5973678501570986E-5	3.2657298269878456E-4	1.7748531668412205E-6	1.7038590401675718E-4	3.034998915298487E-4
62	1.5973678501570986E-5	3.30122689032467E-4	1.7748531668412205E-6	1.7216075718359838E-4	3.123741573640548E-4
63	1.5973678501570986E-5	3.372221016998319E-4	1.7748531668412205E-6	1.7571046351728083E-4	3.283478358656258E-4
64	1.5973678501570986E-5	3.4077180803351436E-4	1.7748531668412205E-6	1.7571046351728083E-4	3.4077180803351436E-4
65	1.7748531668412204E-5	3.4964607386772043E-4	3.549706333682441E-6	1.7748531668412205E-4	3.46096367534038E-4
>>END_MODULE
