##FastQC	0.11.7
>>Basic Statistics	pass
#Measure	Value
Filename	SRR1079830_1_val_1.fq.gz
File type	Conventional base calls
Encoding	Sanger / Illumina 1.9
Total Sequences	26175796
Sequences flagged as poor quality	0
Sequence length	20-76
%GC	49
>>END_MODULE
>>Per base sequence quality	pass
#Base	Mean	Median	Lower Quartile	Upper Quartile	10th Percentile	90th Percentile
1	31.89566109087953	33.0	31.0	34.0	30.0	34.0
2	32.25154772752661	34.0	31.0	34.0	30.0	34.0
3	31.456800511434302	34.0	31.0	34.0	27.0	34.0
4	35.487535851822805	37.0	35.0	37.0	33.0	37.0
5	35.55565515562545	37.0	35.0	37.0	33.0	37.0
6	35.626264507868264	37.0	35.0	37.0	33.0	37.0
7	35.67590387700149	37.0	35.0	37.0	33.0	37.0
8	35.7016618329391	37.0	35.0	37.0	33.0	37.0
9	37.34706722958874	39.0	37.0	39.0	34.0	39.0
10-11	37.39464058705225	39.0	37.0	39.0	34.0	39.0
12-13	37.38085458795599	39.0	37.0	39.0	34.0	39.0
14-15	38.799274394559006	41.0	38.0	41.0	34.0	41.0
16-17	38.78561599425668	41.0	38.0	41.0	34.0	41.0
18-19	38.78773915796104	41.0	38.0	41.0	34.0	41.0
20-21	38.78497083872091	41.0	38.0	41.0	34.0	41.0
22-23	38.753888670338696	41.0	38.0	41.0	34.0	41.0
24-25	38.717201555701656	41.0	38.0	41.0	34.0	41.0
26-27	38.66414968949702	40.5	38.0	41.0	34.0	41.0
28-29	38.61592486831649	40.0	38.0	41.0	34.0	41.0
30-31	38.55819209190908	40.0	38.0	41.0	34.0	41.0
32-33	38.500721124890475	40.0	38.0	41.0	33.5	41.0
34-35	38.4416807141854	40.0	38.0	41.0	33.0	41.0
36-37	38.381306492590895	40.0	38.0	41.0	33.0	41.0
38-39	38.30041199719588	40.0	38.0	41.0	33.0	41.0
40-41	38.22185058640055	40.0	38.0	41.0	33.0	41.0
42-43	38.13737839415042	40.0	37.0	41.0	33.0	41.0
44-45	38.04905972493671	40.0	37.0	41.0	33.0	41.0
46-47	37.96151759660217	40.0	37.0	41.0	33.0	41.0
48-49	37.84169106251187	40.0	36.5	41.0	32.5	41.0
50-51	37.723950494974844	40.0	36.0	41.0	32.0	41.0
52-53	37.59170442311074	40.0	36.0	41.0	32.0	41.0
54-55	37.428605281748865	39.0	35.0	41.0	32.0	41.0
56-57	37.252435607857	39.0	35.0	41.0	32.0	41.0
58-59	37.057570669806424	39.0	35.0	41.0	31.0	41.0
60-61	36.85321334914962	38.0	35.0	41.0	31.0	41.0
62-63	36.62116568971552	37.5	35.0	40.0	31.0	41.0
64-65	36.38826918706175	37.0	35.0	40.0	31.0	41.0
66-67	36.140256777824305	37.0	35.0	40.0	31.0	41.0
68-69	35.91557924783764	36.0	35.0	39.0	31.0	41.0
70-71	35.735583640136284	36.0	35.0	39.0	31.0	41.0
72-73	35.55568867072195	35.0	34.0	39.0	31.0	40.5
74-75	35.45662360229056	35.0	34.0	37.5	31.0	40.0
76	34.86049285820392	35.0	34.0	37.0	30.0	39.0
>>END_MODULE
>>Per sequence quality scores	pass
#Quality	Count
13	3.0
14	36.0
15	126.0
16	211.0
17	266.0
18	357.0
19	927.0
20	7841.0
21	23876.0
22	48079.0
23	76177.0
24	109406.0
25	147098.0
26	189726.0
27	234877.0
28	286279.0
29	344085.0
30	411251.0
31	495662.0
32	607752.0
33	757285.0
34	982350.0
35	1345706.0
36	2021062.0
37	3260237.0
38	5171994.0
39	7369101.0
40	2284026.0
>>END_MODULE
>>Per base sequence content	fail
#Base	G	A	T	C
1	26.00959083903262	13.263771709529978	15.917187710174655	44.809449741262746
2	22.633816138830007	21.144483065386382	34.4901698194849	21.731530976298714
3	27.041354951422797	23.341803651746016	24.478379713780335	25.138461683050856
4	26.68485437176884	30.63338312043591	19.077761426843747	23.6040010809515
5	27.776253820709833	31.680140120145566	20.56002199389787	19.983584065246728
6	21.85132081536786	33.440261586355646	21.42540764629103	23.283009951985463
7	19.724127467944992	16.111133191070458	39.952563330418776	24.21217601056577
8	21.11814298909952	20.857668325489122	27.07997213777464	30.944216547636717
9	21.44403974267892	20.69779929036881	29.649509112974005	28.20865185397826
10-11	25.813726190826507	29.619196534860247	20.299156453704313	24.26792082060893
12-13	23.296842867193742	23.561490155816724	27.51648358955048	25.625183387439055
14-15	23.788958997895442	24.931754422571544	26.47823893824771	24.801047641285308
16-17	24.72005283061663	25.11968314162888	25.344052016286	24.81621201146849
18-19	24.56307444348782	25.60387878085776	25.02952293290229	24.803523842752135
20-21	24.441882836416955	25.54899770823291	25.382575768286884	24.626543687063243
22-23	24.53220941908025	25.64250616883032	25.44099426277611	24.384290149313326
24-25	24.455486972604053	25.673435559378827	25.405921185986703	24.465156282030424
26-27	24.35093291550612	25.735625308277143	25.446655876683515	24.46678589953322
28-29	24.52609314888926	25.4765404407846	25.42461344293304	24.572752967393097
30-31	24.271157394994585	25.665074301578727	25.458643027823197	24.60512527560349
32-33	24.28265114227712	25.736080149798184	25.48401729663558	24.497251411289113
34-35	24.64196393574571	25.616353476995684	25.235627415108684	24.506055172149917
36-37	24.461454172970516	25.575059670708832	25.327661984223354	24.6358241720973
38-39	24.42431762673731	25.646575775442116	25.46081672474596	24.46828987307461
40-41	24.477868183062082	25.582767906972304	25.466242029981707	24.473121879983907
42-43	24.24258554670291	25.554507210024635	25.647144303949194	24.555762939323262
44-45	24.366893882808384	25.60184412861759	25.57448711724789	24.456774871326132
46-47	24.510241002341832	25.581490553826907	25.388776308452428	24.519492135378837
48-49	24.383994120268888	25.563279693979414	25.512242508606946	24.540483677144756
50-51	24.315328199919463	25.67370784046955	25.514238924920484	24.496725034690503
52-53	24.452139764560332	25.6069390271795	25.392096663541828	24.54882454471834
54-55	24.333905895124776	25.582230208656153	25.50792669180287	24.575937204416203
56-57	24.357701199371977	25.595040657477824	25.567586648774583	24.479671494375623
58-59	24.47821027680129	25.556099248481946	25.434399373547333	24.531291101169433
60-61	24.27325754148143	25.67487121084571	25.558884224354912	24.49298702331795
62-63	24.214255723566183	25.687742642023437	25.67555968070469	24.422441953705686
64-65	24.401642845684073	25.60466207684521	25.563419704462813	24.430275373007905
66-67	24.356504781575854	25.567944767406914	25.525887355990406	24.549663095026826
68-69	24.30658888769787	25.656721826107088	25.565611020630275	24.471078265564767
70-71	24.39306175830403	25.539462424014847	25.597117239369776	24.470358578311348
72-73	24.294978866125014	25.362948882778653	25.79323104972143	24.54884120137491
74-75	24.504049783242422	21.2363004041816	27.750375627156714	26.50927418541927
76	25.506776884046367	0.0	37.51947866662592	36.97374444932771
>>END_MODULE
>>Per sequence GC content	pass
#GC Content	Count
0	929.0
1	876.5
2	882.0
3	945.0
4	983.0
5	1141.5
6	1402.5
7	1628.0
8	1806.5
9	2046.5
10	2421.5
11	2983.5
12	3555.5
13	4197.0
14	5267.5
15	6786.5
16	8908.5
17	11481.5
18	16197.5
19	24344.5
20	33774.5
21	42589.0
22	58402.0
23	84731.5
24	112218.0
25	136185.5
26	174627.5
27	230394.0
28	281923.0
29	321782.5
30	374423.5
31	443677.0
32	502391.5
33	542491.5
34	594640.5
35	663449.0
36	719828.0
37	757124.0
38	795963.0
39	847634.0
40	892303.0
41	935474.5
42	963417.0
43	976382.0
44	993747.5
45	999582.0
46	995871.5
47	1010023.5
48	1030168.5
49	1040418.0
50	1045924.5
51	1054740.0
52	1062870.0
53	1063260.5
54	1057518.5
55	1040684.0
56	1022957.0
57	998174.5
58	973619.0
59	946509.0
60	907123.0
61	844192.5
62	787973.5
63	726095.5
64	638335.0
65	565516.0
66	491239.5
67	434951.5
68	384871.5
69	320536.0
70	256164.0
71	210934.5
72	180776.5
73	146404.0
74	115904.5
75	95995.0
76	83139.0
77	69312.5
78	55866.0
79	45819.5
80	38529.0
81	31169.5
82	24823.5
83	19541.0
84	14893.0
85	9264.5
86	5454.0
87	3795.5
88	2727.5
89	1696.5
90	1106.5
91	777.0
92	595.5
93	400.5
94	229.5
95	157.0
96	129.0
97	123.5
98	69.5
99	14.5
100	13.0
>>END_MODULE
>>Per base N content	pass
#Base	N-Count
1	0.11226783705068606
2	0.0022539906713820662
3	0.003304579543636419
4	0.10873403811673961
5	0.03261791924111878
6	0.026157752757547465
7	0.03161699457009827
8	0.026864512544336756
9	0.028862541563205946
10-11	0.03394739170491702
12-13	0.026033592254462862
14-15	0.023500717991536912
16-17	0.01760404917581112
18-19	0.012780891171370682
20-21	0.0132064674438035
22-23	0.010372617207994197
24-25	0.008588041789552857
26-27	0.007909791941666989
28-29	0.005245843085767256
30-31	0.00547546291418007
32-33	0.0054928301407560255
34-35	0.008223542359368839
36-37	0.0057820404638367845
38-39	0.005585356939288977
40-41	0.004163182918791385
42-43	0.0024168796104506183
44-45	0.001551941675679817
46-47	0.0017506010380813242
48-49	0.0010416038008528514
50-51	0.0018343881129483071
52-53	0.0011064736966204922
54-55	7.763138568607668E-4
56-57	8.942593874004375E-4
58-59	5.803916436068107E-4
60-61	3.1030730806107346E-4
62-63	6.533530017364715E-4
64-65	5.80571234629254E-4
66-67	2.7941123487782614E-4
68-69	5.27460033592685E-4
70-71	1.449958803293782E-4
72-73	4.827080792118326E-5
74-75	0.0
76	0.0
>>END_MODULE
>>Sequence Length Distribution	warn
#Length	Count
20-21	12352.0
22-23	13135.0
24-25	14287.0
26-27	15815.0
28-29	17398.0
30-31	18547.0
32-33	19702.0
34-35	21456.0
36-37	22678.0
38-39	24358.0
40-41	26039.0
42-43	27574.0
44-45	29342.0
46-47	31393.0
48-49	33192.0
50-51	36170.0
52-53	39305.0
54-55	42160.0
56-57	46040.0
58-59	51271.0
60-61	57322.0
62-63	65721.0
64-65	77404.0
66-67	94894.0
68-69	123374.0
70-71	216473.0
72-73	1071953.0
74-75	9298258.0
76-77	1.4628183E7
>>END_MODULE
>>Sequence Duplication Levels	pass
#Total Deduplicated Percentage	83.51911954818006
#Duplication Level	Percentage of deduplicated	Percentage of total
1	89.44269662315794	74.70175271981128
2	7.3332007078292225	12.249249331759748
3	1.781834269698806	4.46451688158056
4	0.6363156940958706	2.1257810610230474
5	0.2912107660788549	1.216083339292849
6	0.15546449758469996	0.7790554775564583
7	0.09042547106370509	0.5286579009579057
8	0.057706601730209674	0.38556836548996765
9	0.04057346158681594	0.30497938098774946
>10	0.15887072127089852	2.244887978249962
>50	0.008193520207186559	0.4716234442242829
>100	0.0034391662334386794	0.48833897725084985
>500	6.849946250850862E-5	0.03950514181533631
>1k	0.0	0.0
>5k	0.0	0.0
>10k+	0.0	0.0
>>END_MODULE
>>Overrepresented sequences	pass
>>END_MODULE
>>Adapter Content	pass
#Position	Illumina Universal Adapter	Illumina Small RNA 3' Adapter	Illumina Small RNA 5' Adapter	Nextera Transposase Sequence	SOLID Small RNA Adapter
1	0.0	0.0	0.0	3.820323171834011E-6	0.0
2	0.0	1.146096951550203E-5	0.0	7.640646343668021E-6	0.0
3	0.0	1.146096951550203E-5	0.0	1.9101615859170053E-5	0.0
4	0.0	1.146096951550203E-5	0.0	2.292193903100406E-5	0.0
5	0.0	1.146096951550203E-5	0.0	2.292193903100406E-5	0.0
6	0.0	1.146096951550203E-5	0.0	2.292193903100406E-5	0.0
7	0.0	1.5281292687336042E-5	0.0	2.674226220283807E-5	0.0
8	0.0	1.9101615859170053E-5	0.0	2.674226220283807E-5	0.0
9	0.0	1.9101615859170053E-5	0.0	3.438290854650609E-5	0.0
10	0.0	2.292193903100406E-5	0.0	3.438290854650609E-5	0.0
11	0.0	2.292193903100406E-5	0.0	3.438290854650609E-5	0.0
12	0.0	2.292193903100406E-5	0.0	3.438290854650609E-5	0.0
13	0.0	2.292193903100406E-5	0.0	3.438290854650609E-5	0.0
14	0.0	2.292193903100406E-5	0.0	3.438290854650609E-5	0.0
15	0.0	3.0562585374672085E-5	0.0	3.438290854650609E-5	0.0
16	0.0	4.584387806200812E-5	0.0	3.8203231718340106E-5	0.0
17	0.0	5.348452440567614E-5	0.0	4.2023554890174113E-5	0.0
18	0.0	5.348452440567614E-5	0.0	4.9664201233842135E-5	0.0
19	0.0	5.348452440567614E-5	0.0	5.348452440567614E-5	0.0
20	0.0	5.7304847577510156E-5	0.0	5.348452440567614E-5	0.0
21	0.0	5.7304847577510156E-5	0.0	5.348452440567614E-5	3.820323171834011E-6
22	0.0	6.112517074934417E-5	0.0	5.348452440567614E-5	3.820323171834011E-6
23	0.0	6.876581709301218E-5	0.0	6.876581709301218E-5	7.640646343668021E-6
24	0.0	7.640646343668021E-5	0.0	7.640646343668021E-5	7.640646343668021E-6
25	0.0	7.640646343668021E-5	0.0	8.022678660851422E-5	1.5281292687336042E-5
26	0.0	7.640646343668021E-5	0.0	8.022678660851422E-5	1.5281292687336042E-5
27	0.0	8.022678660851422E-5	0.0	8.404710978034823E-5	1.9101615859170053E-5
28	0.0	8.022678660851422E-5	0.0	8.404710978034823E-5	1.9101615859170053E-5
29	0.0	8.404710978034823E-5	0.0	8.404710978034823E-5	1.9101615859170053E-5
30	0.0	9.168775612401624E-5	0.0	9.168775612401624E-5	1.9101615859170053E-5
31	0.0	9.550807929585026E-5	3.820323171834011E-6	9.168775612401624E-5	1.9101615859170053E-5
32	0.0	1.0314872563951828E-4	3.820323171834011E-6	9.932840246768427E-5	1.9101615859170053E-5
33	0.0	1.0314872563951828E-4	3.820323171834011E-6	1.0696904881135228E-4	1.9101615859170053E-5
34	0.0	1.0314872563951828E-4	3.820323171834011E-6	1.107893719831863E-4	1.9101615859170053E-5
35	0.0	1.1460969515502031E-4	3.820323171834011E-6	1.107893719831863E-4	1.9101615859170053E-5
36	0.0	1.2225034149868834E-4	3.820323171834011E-6	1.107893719831863E-4	2.292193903100406E-5
37	0.0	1.2989098784235635E-4	3.820323171834011E-6	1.1460969515502031E-4	2.292193903100406E-5
38	0.0	1.2989098784235635E-4	3.820323171834011E-6	1.2225034149868834E-4	2.292193903100406E-5
39	0.0	1.3371131101419035E-4	3.820323171834011E-6	1.2607066467052233E-4	2.292193903100406E-5
40	0.0	1.3753163418602437E-4	3.820323171834011E-6	1.2989098784235635E-4	2.292193903100406E-5
41	0.0	1.3753163418602437E-4	3.820323171834011E-6	1.3753163418602437E-4	2.292193903100406E-5
42	0.0	1.3753163418602437E-4	3.820323171834011E-6	1.413519573578584E-4	2.292193903100406E-5
43	0.0	1.3753163418602437E-4	3.820323171834011E-6	1.413519573578584E-4	2.292193903100406E-5
44	0.0	1.413519573578584E-4	3.820323171834011E-6	1.413519573578584E-4	2.292193903100406E-5
45	0.0	1.4517228052969238E-4	3.820323171834011E-6	1.413519573578584E-4	2.292193903100406E-5
46	0.0	1.4517228052969238E-4	3.820323171834011E-6	1.413519573578584E-4	2.292193903100406E-5
47	0.0	1.489926037015264E-4	3.820323171834011E-6	1.4517228052969238E-4	2.292193903100406E-5
48	0.0	1.5281292687336042E-4	3.820323171834011E-6	1.4517228052969238E-4	2.292193903100406E-5
49	0.0	1.6045357321702844E-4	3.820323171834011E-6	1.5281292687336042E-4	2.292193903100406E-5
50	0.0	1.6427389638886243E-4	3.820323171834011E-6	1.6045357321702844E-4	2.292193903100406E-5
51	0.0	1.6427389638886243E-4	3.820323171834011E-6	1.6427389638886243E-4	2.674226220283807E-5
52	0.0	1.6427389638886243E-4	3.820323171834011E-6	1.6427389638886243E-4	3.0562585374672085E-5
53	0.0	1.6427389638886243E-4	3.820323171834011E-6	1.6427389638886243E-4	3.0562585374672085E-5
54	0.0	1.6809421956069645E-4	3.820323171834011E-6	1.6427389638886243E-4	3.0562585374672085E-5
55	0.0	1.7191454273253047E-4	3.820323171834011E-6	1.6809421956069645E-4	3.0562585374672085E-5
56	0.0	1.795551890761985E-4	3.820323171834011E-6	1.7191454273253047E-4	3.0562585374672085E-5
57	0.0	1.871958354198665E-4	3.820323171834011E-6	1.7573486590436447E-4	3.0562585374672085E-5
58	0.0	1.871958354198665E-4	3.820323171834011E-6	1.7573486590436447E-4	3.0562585374672085E-5
59	0.0	1.871958354198665E-4	3.820323171834011E-6	1.795551890761985E-4	3.0562585374672085E-5
60	0.0	1.871958354198665E-4	3.820323171834011E-6	1.8337551224803248E-4	3.0562585374672085E-5
61	0.0	1.9101615859170052E-4	3.820323171834011E-6	1.871958354198665E-4	3.0562585374672085E-5
62	0.0	1.9483648176353452E-4	3.820323171834011E-6	1.871958354198665E-4	3.0562585374672085E-5
63	0.0	1.9865680493536854E-4	3.820323171834011E-6	1.871958354198665E-4	3.0562585374672085E-5
64	0.0	2.0629745127903655E-4	3.820323171834011E-6	1.871958354198665E-4	3.0562585374672085E-5
65	0.0	2.1393809762270457E-4	7.640646343668021E-6	1.9101615859170052E-4	3.438290854650609E-5
>>END_MODULE
