##FastQC	0.11.7
>>Basic Statistics	pass
#Measure	Value
Filename	SRR1095383_2.fastq.gz
File type	Conventional base calls
Encoding	Sanger / Illumina 1.9
Total Sequences	35611993
Sequences flagged as poor quality	0
Sequence length	76
%GC	50
>>END_MODULE
>>Per base sequence quality	pass
#Base	Mean	Median	Lower Quartile	Upper Quartile	10th Percentile	90th Percentile
1	31.5287773419477	34.0	31.0	34.0	30.0	34.0
2	31.80985203495912	34.0	31.0	34.0	30.0	34.0
3	31.828140059445705	34.0	31.0	34.0	30.0	34.0
4	35.208462076244935	37.0	35.0	37.0	33.0	37.0
5	35.16534281021565	37.0	35.0	37.0	33.0	37.0
6	35.21501832261957	37.0	36.0	37.0	33.0	37.0
7	35.188281346680036	37.0	35.0	37.0	33.0	37.0
8	35.19578151663683	37.0	35.0	37.0	33.0	37.0
9	36.96157097975393	39.0	38.0	39.0	34.0	39.0
10-11	36.991281307957124	39.0	38.0	39.0	34.0	39.0
12-13	36.93470481980607	39.0	38.0	39.0	34.0	39.0
14-15	38.38914515399349	41.0	39.0	41.0	34.0	41.0
16-17	38.330136184739786	41.0	39.0	41.0	34.0	41.0
18-19	38.28482362669227	41.0	39.0	41.0	34.0	41.0
20-21	38.24846103109141	41.0	39.0	41.0	34.0	41.0
22-23	38.18685495922679	41.0	39.0	41.0	34.0	41.0
24-25	38.11723613727544	41.0	39.0	41.0	33.5	41.0
26-27	38.03468761211988	41.0	39.0	41.0	33.0	41.0
28-29	38.04429663624836	41.0	39.0	41.0	33.0	41.0
30-31	38.04144563040883	41.0	39.0	41.0	33.0	41.0
32-33	38.01194907850285	41.0	39.0	41.0	33.0	41.0
34-35	37.9732922979065	41.0	39.0	41.0	33.0	41.0
36-37	37.892925762396956	41.0	38.5	41.0	33.0	41.0
38-39	37.79680992580224	41.0	38.0	41.0	33.0	41.0
40-41	37.722466936910834	41.0	38.0	41.0	33.0	41.0
42-43	37.58278698414885	40.5	38.0	41.0	32.5	41.0
44-45	37.40315485853319	40.0	38.0	41.0	32.0	41.0
46-47	37.24072021186795	40.0	37.5	41.0	32.0	41.0
48-49	37.074249663589455	40.0	37.0	41.0	31.0	41.0
50-51	36.8984104877253	40.0	37.0	41.0	31.0	41.0
52-53	36.70187714571324	40.0	36.0	41.0	31.0	41.0
54-55	36.48231917264501	40.0	35.5	41.0	30.5	41.0
56-57	36.222520388005236	39.0	35.0	41.0	30.0	41.0
58-59	35.95337586132851	39.0	35.0	41.0	30.0	41.0
60-61	35.64777103320221	38.5	35.0	41.0	29.5	41.0
62-63	35.30479730522243	37.5	35.0	40.5	29.0	41.0
64-65	34.94797313084949	37.0	35.0	40.0	29.0	41.0
66-67	34.55773350005994	36.5	35.0	39.5	28.5	41.0
68-69	34.16505045084109	36.0	34.0	39.0	28.0	41.0
70-71	33.76458027777328	35.5	34.0	39.0	28.0	41.0
72-73	33.378955258134525	35.0	34.0	37.5	27.5	40.0
74-75	32.928117979805286	35.0	34.0	37.0	26.5	39.0
76	30.159938310669666	34.0	30.0	35.0	17.0	37.0
>>END_MODULE
>>Per sequence quality scores	pass
#Quality	Count
2	554683.0
3	72622.0
4	56829.0
5	45529.0
6	40131.0
7	39237.0
8	39053.0
9	40669.0
10	42656.0
11	46273.0
12	50079.0
13	54091.0
14	56825.0
15	59744.0
16	62713.0
17	65046.0
18	68589.0
19	71982.0
20	76470.0
21	82097.0
22	91522.0
23	103381.0
24	120149.0
25	142292.0
26	169081.0
27	206173.0
28	260236.0
29	287778.0
30	349273.0
31	434458.0
32	523649.0
33	675419.0
34	925106.0
35	1362875.0
36	2213149.0
37	4170709.0
38	7890339.0
39	1.1602455E7
40	2458631.0
>>END_MODULE
>>Per base sequence content	fail
#Base	G	A	T	C
1	28.726413274095048	11.99313646515814	15.514631470331985	43.765818790414826
2	23.209505048868788	21.87585007754576	32.529916477620056	22.3847283959654
3	27.835571831086646	23.666098362484433	22.749331863535254	25.748997942893663
4	27.85205339189838	30.921820611583605	17.697488431792816	23.5286375647252
5	28.17041627296349	30.75141087867464	20.18784217593062	20.89033067243125
6	22.134292761355532	32.65541626884065	21.098123422628063	24.11216754717575
7	19.796151265126806	14.717841883967338	39.69698437619091	25.789022474714933
8	21.97122560192686	20.082364362184162	25.826368188124228	32.12004184776475
9	21.96341705197368	19.619182182966547	28.897063783421988	29.520336981637783
10-11	26.49982967599106	28.525203387937687	19.720571698681727	25.254395237389527
12-13	23.750209286736055	22.329663845080884	27.201446070732576	26.71868079745049
14-15	24.460808421134132	23.99720211003134	26.122833780565802	25.419155688268724
16-17	25.221390334517658	24.32435355840073	24.749149860244504	25.705106246837104
18-19	25.104569413776762	24.60405810842685	24.67552018999766	25.61585228779873
20-21	25.022646512028363	24.879769620230725	24.887664380103523	25.20991948763739
22-23	25.130996465129822	24.987827782290275	24.759950493865233	25.121225258714674
24-25	25.112279736341087	25.04932574002727	24.66564152904997	25.172752994581664
26-27	25.106946244798184	25.141859727168846	24.583876143585467	25.1673178844475
28-29	25.167179666893507	24.819812190828358	24.619558017585806	25.393450124692325
30-31	24.640426697791263	24.93234760877454	24.908311062548233	25.51891463088597
32-33	24.842497271473547	25.03111593360556	24.95508691503	25.171299879890896
34-35	25.22034651360338	24.974170732194192	24.524080454957545	25.28140229924488
36-37	25.111735577290823	24.868686384810257	24.824613498289054	25.19496453960986
38-39	24.767799108839927	24.891201093734765	24.93263759274957	25.40836220467574
40-41	25.086619533495195	24.787783495088362	24.79562808157982	25.329968889836618
42-43	25.024100435155056	24.88640955171519	24.911433657769635	25.178056355360116
44-45	24.81970428751205	25.029244175913373	25.060907719047837	25.090143817526737
46-47	25.162087406546846	24.74650467893187	24.8004271654418	25.290980749079484
48-49	24.93028862332669	24.79517930421419	24.86429399266378	25.410238079795345
50-51	25.072352304485396	24.924189720989148	24.91846506277618	25.08499291174927
52-53	25.00420770658547	24.85775661928332	24.907035357055353	25.231000317075853
54-55	24.87366292442191	24.765961024063916	25.015769305830805	25.344606745683368
56-57	24.922147592343887	24.835200761387437	25.00602209215412	25.236629554114558
58-59	25.09918471381818	24.868170010772744	24.78955049992872	25.24309477548036
60-61	24.803026599346467	24.954605224339794	24.924059666602044	25.318308509711695
62-63	24.695214849642586	24.97821330025845	25.141284628194523	25.185287221904446
64-65	24.967613383922398	24.966412240636288	24.861970373428562	25.204004002012752
66-67	24.919512752417926	25.090641716192447	24.887201099826946	25.10264443156268
68-69	24.82650993298103	25.061969267851154	25.010707997269588	25.100812801898233
70-71	25.013397667614434	25.027079136493345	24.79579094063653	25.163732255255688
72-73	24.84811418571295	25.245402044346317	24.898387000448146	25.00809676949258
74-75	25.000915678030605	25.36880258606864	24.82378062560163	24.806501110299127
76	25.45280269909321	24.71078390850922	24.57571614053215	25.260697251865416
>>END_MODULE
>>Per sequence GC content	pass
#GC Content	Count
0	4316.0
1	3253.0
2	1823.0
3	1505.0
4	1554.0
5	1408.0
6	1122.5
7	896.5
8	810.0
9	820.0
10	908.0
11	1069.0
12	1152.0
13	1340.0
14	1907.0
15	2944.5
16	4693.0
17	5783.0
18	7925.0
19	13779.5
20	23561.0
21	29630.0
22	37918.0
23	60176.5
24	91434.5
25	108722.0
26	131813.5
27	174752.0
28	221374.0
29	248149.0
30	280815.5
31	348073.0
32	421430.0
33	460196.0
34	498183.0
35	575143.0
36	660313.5
37	706511.0
38	753345.0
39	880477.0
40	1022393.0
41	1175397.5
42	1266784.0
43	1355437.5
44	1433492.5
45	1448358.5
46	1473823.0
47	1526340.0
48	1615754.5
49	1705763.0
50	1758874.0
51	1809668.5
52	1833174.5
53	1824513.5
54	1843141.0
55	1831438.0
56	1754036.5
57	1603507.5
58	1518677.0
59	1435444.5
60	1301318.0
61	1136126.0
62	1021828.0
63	946582.0
64	783639.5
65	646644.0
66	538593.0
67	479841.0
68	430113.5
69	334607.5
70	252200.5
71	215572.0
72	187178.0
73	138101.5
74	101379.5
75	85340.0
76	73856.5
77	53604.0
78	37678.5
79	30522.0
80	25883.0
81	17648.5
82	11123.5
83	8194.0
84	6265.5
85	3290.5
86	1741.0
87	1238.0
88	1005.0
89	637.5
90	416.5
91	275.5
92	221.0
93	198.5
94	159.0
95	117.0
96	92.0
97	98.5
98	107.0
99	189.0
100	269.0
>>END_MODULE
>>Per base N content	pass
#Base	N-Count
1	0.09007078036884934
2	0.06550602208643588
3	0.11419467593403154
4	0.06478997117628323
5	0.1287740340732966
6	0.06383523662941301
7	0.12149277913201882
8	0.05383579627234005
9	0.049561955153703416
10-11	0.050735717037796786
12-13	0.05021763314398046
14-15	0.04660649012258314
16-17	0.052174838965064384
18-19	0.05136331460022471
20-21	0.052688710794703345
22-23	0.049467885720408854
24-25	0.04983573932523238
26-27	0.05136893068579453
28-29	0.04767916246641967
30-31	0.051322597979843475
32-33	0.049671468822315004
34-35	0.053727686625120924
36-37	0.05564277180443117
38-39	0.056674727527886465
40-41	0.057760036064255095
42-43	0.05703696504714016
44-45	0.05337668127700688
46-47	0.056617162650795756
48-49	0.05532827101252098
50-51	0.05713945860878946
52-53	0.05493514502263325
54-55	0.058123677604901246
56-57	0.05651607311053891
58-59	0.05705662134663454
60-61	0.058668437905174245
62-63	0.06190470721478576
64-65	0.058693710290238454
66-67	0.06798973592969088
68-69	0.06113389947032731
70-71	0.0665758863874875
72-73	0.06228660103353384
74-75	0.06629929417317362
76	0.19817761954519086
>>END_MODULE
>>Sequence Length Distribution	pass
#Length	Count
76	3.5611993E7
>>END_MODULE
>>Sequence Duplication Levels	pass
#Total Deduplicated Percentage	80.34620631481597
#Duplication Level	Percentage of deduplicated	Percentage of total
1	89.96529673965233	72.28370293017747
2	7.196359167108622	11.56400316712053
3	1.6078819964942208	3.8756165586060862
4	0.5335170117916964	1.7146427160751896
5	0.23450075375937937	0.9420622971265477
6	0.12268447921369369	0.591433948711751
7	0.07088672889570845	0.3986835821385913
8	0.04549797946540785	0.29244720360279364
9	0.030853957073261988	0.22310985605731048
>10	0.15520831432602006	2.3187044389562748
>50	0.01815962803622366	1.0256744060735947
>100	0.01633977419966232	2.72017498889384
>500	0.0020140499246329192	1.0872566623475484
>1k	7.906367149029462E-4	0.9187121539736139
>5k	8.783343999980547E-6	0.043775090138773856
>10k+	0.0	0.0
>>END_MODULE
>>Overrepresented sequences	pass
>>END_MODULE
>>Adapter Content	pass
#Position	Illumina Universal Adapter	Illumina Small RNA 3' Adapter	Illumina Small RNA 5' Adapter	Nextera Transposase Sequence	SOLID Small RNA Adapter
1	2.808042784912375E-5	2.808042784912375E-6	0.0	0.0	2.808042784912375E-6
2	8.9857369117196E-5	6.177694126807225E-5	0.0	6.7393026837897E-5	8.424128354737125E-6
3	2.4149167950246423E-4	6.7393026837897E-5	0.0	7.581715519263412E-5	1.12321711396495E-5
4	7.469393807866917E-4	6.7393026837897E-5	0.0	8.704932633228362E-5	1.4040213924561875E-5
5	8.564530493982744E-4	7.020106962280938E-5	0.0	8.704932633228362E-5	1.4040213924561875E-5
6	0.0010698643010516149	7.300911240772175E-5	0.0	8.704932633228362E-5	1.4040213924561875E-5
7	0.001176569926878285	1.0670562582667025E-4	0.0	8.704932633228362E-5	1.4040213924561875E-5
8	0.0014152535635958369	1.1512975418140738E-4	0.0	1.010895402568455E-4	1.4040213924561875E-5
9	0.0016848256709474248	1.2074583975123212E-4	0.0	1.0951366861158262E-4	1.9656299494386623E-5
10	0.0023250594259074464	1.235538825361445E-4	0.0	1.12321711396495E-4	1.9656299494386623E-5
11	0.0027799623570632513	1.235538825361445E-4	0.0	1.12321711396495E-4	1.9656299494386623E-5
12	0.003349995042400463	1.2916996810596925E-4	0.0	1.1512975418140738E-4	1.9656299494386623E-5
13	0.004043581610273819	1.4040213924561875E-4	0.0	1.1793779696631974E-4	2.2464342279299E-5
14	0.004560261482697696	1.4321018203053112E-4	0.0	1.2074583975123212E-4	2.2464342279299E-5
15	0.005318433034624038	1.4321018203053112E-4	0.0	1.460182248154435E-4	2.2464342279299E-5
16	0.006478154704792849	1.4321018203053112E-4	0.0	1.5444235317018062E-4	2.2464342279299E-5
17	0.007340223839760948	1.4882626760035587E-4	0.0	1.6286648152491774E-4	2.5272385064211373E-5
18	0.008179828632449747	1.4882626760035587E-4	0.0	1.6286648152491774E-4	2.5272385064211373E-5
19	0.009283389446920311	1.4882626760035587E-4	0.0	1.7129060987965486E-4	2.5272385064211373E-5
20	0.010325173320122803	1.4882626760035587E-4	0.0	1.9094690937404148E-4	2.5272385064211373E-5
21	0.01139784566395933	1.5444235317018062E-4	0.0	1.9937103772877862E-4	2.5272385064211373E-5
22	0.012217794157153744	1.57250395955093E-4	0.0	1.9937103772877862E-4	2.808042784912375E-5
23	0.013057398949842543	1.6286648152491774E-4	0.0	1.9937103772877862E-4	2.808042784912375E-5
24	0.013835226801263272	1.6286648152491774E-4	0.0	2.0779516608351574E-4	2.808042784912375E-5
25	0.014680447679521896	1.7129060987965486E-4	0.0	2.0779516608351574E-4	2.808042784912375E-5
26	0.015472315744867186	1.7409865266456725E-4	0.0	2.106032088684281E-4	2.808042784912375E-5
27	0.016247335553503002	1.7409865266456725E-4	0.0	2.106032088684281E-4	3.088847063403612E-5
28	0.01696900254922548	1.7409865266456725E-4	0.0	2.106032088684281E-4	3.36965134189485E-5
29	0.017673821288238488	1.79714738234392E-4	0.0	2.106032088684281E-4	3.36965134189485E-5
30	0.01837583198446658	1.79714738234392E-4	0.0	2.106032088684281E-4	3.650455620386088E-5
31	0.01903291399613608	1.9656299494386623E-4	0.0	2.106032088684281E-4	3.650455620386088E-5
32	0.01963945123767715	1.9937103772877862E-4	0.0	2.134112516533405E-4	3.650455620386088E-5
33	0.02025441260757296	1.9937103772877862E-4	0.0	2.134112516533405E-4	3.931259898877325E-5
34	0.02088341419139333	2.02179080513691E-4	0.0	2.1621929443825286E-4	3.931259898877325E-5
35	0.02150960773242879	2.02179080513691E-4	0.0	2.1621929443825286E-4	3.931259898877325E-5
36	0.02211895301675478	2.3025950836281475E-4	0.0	2.1902733722316525E-4	4.4928684558598E-5
37	0.022745146557790235	2.3587559393263948E-4	0.0	2.1902733722316525E-4	4.4928684558598E-5
38	0.023298330986417974	2.3587559393263948E-4	0.0	2.218353800080776E-4	5.054477012842275E-5
39	0.023815010858841853	2.442997222873766E-4	0.0	2.2745146557790236E-4	5.3352812913335123E-5
40	0.024458052656586786	2.442997222873766E-4	0.0	2.3025950836281475E-4	5.896889848315987E-5
41	0.024991580785720138	2.47107765072289E-4	0.0	2.3868363671755187E-4	6.7393026837897E-5
42	0.025614966283970683	2.47107765072289E-4	0.0	2.6114797899685086E-4	7.300911240772175E-5
43	0.02622711961108158	2.527238506421137E-4	0.0	2.6114797899685086E-4	7.300911240772175E-5
44	0.026822424681483006	2.527238506421137E-4	0.0	2.639560217817632E-4	7.86251979775465E-5
45	0.02745423430808829	2.7238015013650036E-4	0.0	2.639560217817632E-4	7.86251979775465E-5
46	0.028119740448112523	2.8361232127614987E-4	0.0	2.639560217817632E-4	7.86251979775465E-5
47	0.028740317903578158	2.92036449630887E-4	0.0	2.639560217817632E-4	7.86251979775465E-5
48	0.02940582404360239	3.116927491252736E-4	0.0	2.6676406456667564E-4	7.86251979775465E-5
49	0.030121874953755047	3.14500791910186E-4	0.0	2.69572107351588E-4	7.86251979775465E-5
50	0.030846349992262437	3.229249202649231E-4	0.0	2.69572107351588E-4	7.86251979775465E-5
51	0.03167472261381159	3.2854100583474784E-4	0.0	2.69572107351588E-4	7.86251979775465E-5
52	0.032531175663209864	3.481973053291345E-4	0.0	2.751881929214127E-4	7.86251979775465E-5
53	0.033429749354381824	3.678536048235211E-4	0.0	2.8642036406106223E-4	7.86251979775465E-5
54	0.03439571607239168	3.678536048235211E-4	0.0	2.8642036406106223E-4	8.143324076245887E-5
55	0.035372914961541185	3.678536048235211E-4	0.0	2.9765253520071174E-4	8.143324076245887E-5
56	0.0364877079471514	3.678536048235211E-4	0.0	3.1730883469509834E-4	8.424128354737125E-5
57	0.03758846071883705	3.706616476084335E-4	0.0	3.257329630498355E-4	8.704932633228362E-5
58	0.038697637618877435	3.7346969039334587E-4	0.0	3.3134904861966026E-4	8.9857369117196E-5
59	0.0401409716103224	3.7346969039334587E-4	0.0	3.566214336838716E-4	8.9857369117196E-5
60	0.04181737315291509	3.790857759631706E-4	0.0	3.706616476084335E-4	8.9857369117196E-5
61	0.0437268422466555	3.8189381874808296E-4	0.0	3.8750990431790774E-4	9.266541190210838E-5
62	0.04599293277407979	3.9874207545755725E-4	0.0	3.9874207545755725E-4	9.547345468702074E-5
63	0.04858756430733882	4.0716620381229434E-4	5.61608556982475E-6	4.04358161027382E-4	9.547345468702074E-5
64	0.051401223177821025	4.0997424659720675E-4	5.61608556982475E-6	4.0716620381229434E-4	9.828149747193312E-5
65	0.05441144504324709	4.212064177368562E-4	8.424128354737125E-6	4.26822503306681E-4	1.010895402568455E-4
>>END_MODULE
