##FastQC	0.11.7
>>Basic Statistics	pass
#Measure	Value
Filename	SRR627449_2.fastq.gz
File type	Conventional base calls
Encoding	Sanger / Illumina 1.9
Total Sequences	32181002
Sequences flagged as poor quality	0
Sequence length	101
%GC	44
>>END_MODULE
>>Per base sequence quality	fail
#Base	Mean	Median	Lower Quartile	Upper Quartile	10th Percentile	90th Percentile
1	24.87862612233143	30.0	23.0	31.0	2.0	34.0
2	23.84750608449047	30.0	16.0	31.0	2.0	34.0
3	24.20950146300603	30.0	16.0	31.0	2.0	34.0
4	27.181155359923224	33.0	19.0	37.0	2.0	37.0
5	27.092884304845448	33.0	19.0	37.0	2.0	37.0
6	27.41804350902436	35.0	17.0	37.0	2.0	37.0
7	26.40165477134615	35.0	17.0	37.0	2.0	37.0
8	26.709694216482134	33.0	17.0	37.0	2.0	37.0
9	27.45171878116163	34.0	17.0	39.0	2.0	39.0
10-11	28.06470169884704	34.5	17.0	39.0	2.0	39.0
12-13	27.70065147443203	34.0	17.0	39.0	2.0	39.0
14-15	28.237595647270396	34.5	17.0	39.0	2.0	41.0
16-17	28.4271081273355	35.0	17.0	39.0	2.0	41.0
18-19	28.56571580648732	35.0	17.5	39.5	2.0	41.0
20-21	28.590958199499195	35.0	18.0	39.5	2.0	41.0
22-23	28.806018501226283	35.0	19.0	39.0	2.0	41.0
24-25	28.751114959068083	35.5	20.0	39.0	2.0	41.0
26-27	28.562380422461672	35.0	18.5	39.0	2.0	41.0
28-29	28.230724605778278	35.0	17.5	39.0	2.0	41.0
30-31	28.40769568020287	35.0	18.5	39.0	2.0	41.0
32-33	28.387183888804955	35.0	18.5	39.0	2.0	41.0
34-35	28.234411252949798	35.0	18.0	39.0	2.0	41.0
36-37	27.973496226127452	35.0	16.0	39.0	2.0	41.0
38-39	27.920100576731578	35.0	16.0	39.0	2.0	41.0
40-41	27.95555177244015	35.0	18.0	39.0	2.0	41.0
42-43	27.62118477541501	34.5	15.5	39.0	2.0	41.0
44-45	27.319590996576178	34.0	15.0	39.0	2.0	41.0
46-47	27.09375707133047	34.0	14.0	39.0	2.0	41.0
48-49	27.12801911823628	34.0	14.5	39.0	2.0	41.0
50-51	26.534629857081516	33.5	13.0	38.5	2.0	40.5
52-53	26.219758384154723	33.0	10.5	38.0	2.0	40.0
54-55	26.281716430085055	33.0	9.5	39.0	2.0	40.0
56-57	26.239497825456148	33.0	10.0	39.0	2.0	40.0
58-59	26.329250251437166	33.0	9.5	39.0	2.0	41.0
60-61	26.16325958402414	33.0	8.0	38.5	2.0	41.0
62-63	26.16057087035388	33.0	8.0	38.0	2.0	40.0
64-65	25.86737656583844	33.0	8.0	38.0	2.0	40.0
66-67	25.542611103283857	33.0	7.0	38.0	2.0	40.0
68-69	25.260233957289458	32.0	6.5	37.0	2.0	40.0
70-71	25.013761100415707	32.0	2.0	37.0	2.0	39.5
72-73	24.78795116447897	32.0	2.0	36.0	2.0	39.0
74-75	24.557857785161566	32.0	2.0	36.0	2.0	39.0
76-77	24.223483237097465	31.5	2.0	35.5	2.0	39.0
78-79	23.81369700669979	31.0	2.0	35.0	2.0	37.5
80-81	23.486123132523964	31.0	2.0	35.0	2.0	37.0
82-83	23.14234848871393	31.0	2.0	35.0	2.0	37.0
84-85	22.821036896240834	31.0	2.0	35.0	2.0	36.0
86-87	22.567031396349932	30.0	2.0	35.0	2.0	36.0
88-89	22.327893565899533	30.0	2.0	35.0	2.0	35.5
90-91	22.04613437766792	30.0	2.0	34.0	2.0	35.0
92-93	21.73732185219093	30.0	2.0	34.0	2.0	35.0
94-95	21.42253482349617	30.0	2.0	34.0	2.0	35.0
96-97	21.008240389780283	29.5	2.0	34.0	2.0	35.0
98-99	20.487697461999474	29.0	2.0	34.0	2.0	35.0
100-101	19.0021042694693	26.5	2.0	33.0	2.0	34.5
>>END_MODULE
>>Per sequence quality scores	fail
#Quality	Count
2	3565912.0
3	367383.0
4	271109.0
5	246496.0
6	249721.0
7	277859.0
8	308002.0
9	347593.0
10	359952.0
11	341225.0
12	316934.0
13	294609.0
14	284313.0
15	283843.0
16	306511.0
17	330760.0
18	350471.0
19	382139.0
20	433592.0
21	487229.0
22	539665.0
23	593617.0
24	644869.0
25	693061.0
26	747208.0
27	805565.0
28	868658.0
29	941493.0
30	1023344.0
31	1124668.0
32	1249500.0
33	1411638.0
34	1630719.0
35	1931689.0
36	2334784.0
37	2759461.0
38	2458074.0
39	616413.0
40	923.0
>>END_MODULE
>>Per base sequence content	fail
#Base	G	A	T	C
1	32.5042102115593	13.208040247834399	19.608798483997543	34.67895105660877
2	22.269007838312792	20.948214529478804	37.0043895841488	19.7783880480596
3	25.622899610148465	24.224834301607075	26.161587145269433	23.99067894297503
4	25.835143004046067	30.546330728484634	24.2488860892489	19.3696401782204
5	25.295445918686905	31.833983299938456	25.809575059164665	17.06099572220997
6	22.122437015150314	35.41816433431617	22.46994119568092	19.989457454852598
7	16.876275522944184	18.225852127052107	44.29230431383671	20.605568036166996
8	20.209524673378173	23.047829374194524	30.609636209422053	26.133009743005246
9	21.553918758868353	21.54895661093886	31.07830249610577	25.818822134087014
10-11	23.413398608234452	33.096202258973044	22.565635100220973	20.924764032571527
12-13	21.06423282785881	25.865252187905206	30.206048520005734	22.86446646423025
14-15	21.33774464979492	26.965863484158593	29.927492627272212	21.768899238774278
16-17	22.056675940847803	27.207910647037746	28.79595850092413	21.93945491119032
18-19	22.035706873355558	27.547787122431423	28.429017191537433	21.987488812675586
20-21	21.936377198837523	27.613725929033873	28.384359515898407	22.065537356230198
22-23	22.07224338086493	28.25755416941168	28.12117589579031	21.549026553933086
24-25	22.071393475090883	28.461124165236097	27.933084081611568	21.53439827806145
26-27	21.989027032198223	28.137702433425233	28.085918693791008	21.787351840585536
28-29	22.115383698455844	27.904125624100732	28.183486904024786	21.79700377341864
30-31	21.84780670162184	28.05422333713869	28.14350940196753	21.95446055927194
32-33	22.037190339893964	28.099635385315636	28.262171313203734	21.601002961586666
34-35	22.147265907443042	28.27129448110694	28.065497968822626	21.51594164262739
36-37	22.05498092189659	27.930153968870574	28.06639173907251	21.948473370160322
38-39	22.158820898020316	27.913784554392766	28.06565107838537	21.861743469201546
40-41	22.287000769515146	28.02255076188027	28.08745976621206	21.60298870239253
42-43	22.048148785092046	28.011218703608975	28.1443819333491	21.79625057794988
44-45	22.270498090282857	27.992514167501593	28.089159218304836	21.64782852391071
46-47	22.311392363574743	27.984027939964466	27.92026983487944	21.784309861581345
48-49	22.265192012005393	27.91917590247579	27.9608613885581	21.854770696960713
50-51	22.304876900264368	27.647940154602185	28.120983284727075	21.926199660406372
52-53	22.300337778252793	28.026417439416214	27.978488512485505	21.694756269845485
54-55	22.130334782053165	27.948071801654084	28.012226493926484	21.909366922366267
56-57	22.12279339839936	27.74818548182349	28.042476725193353	22.086544394583797
58-59	22.1656574244775	27.866969939569014	28.05165638972146	21.915716246232023
60-61	22.27933177551061	27.710249323512265	28.045963336313047	21.964455564664082
62-63	22.03798167943864	27.83617248433056	28.27677361267924	21.849072223551556
64-65	22.138561246510516	27.970064634764423	28.189200642585398	21.702173476139663
66-67	22.26743817830042	27.954904342386833	28.07285421317159	21.704803266141155
68-69	22.27388691062498	27.85695274382507	28.015299872940425	21.853860472609522
70-71	21.999092138182487	27.97170058474342	28.093083595958213	21.93612368111588
72-73	22.203365410720835	27.971159430096005	28.09309766982447	21.732377489358694
74-75	22.2834765832533	27.95060143611353	27.983959310043836	21.781962670589333
76-77	22.170212831030163	27.849610918034045	28.190086902100823	21.79008934883497
78-79	22.098852072113903	27.937413158806212	28.23824061520789	21.725494153871995
80-81	22.05528334640938	28.04459947105177	28.142481027407673	21.757636155131173
82-83	22.104820185788164	27.86877521774636	28.142625758272427	21.88377883819305
84-85	22.090244584295654	27.889276584648982	28.107530107160137	21.91294872389523
86-87	22.063606618040186	27.97672917087673	28.134567028401214	21.825097182681876
88-89	22.140303889232392	28.053896232091603	28.01482687247267	21.790973006203334
90-91	22.21971112533609	27.87659942253791	28.088240815318834	21.815448636807165
92-93	22.13410696319494	27.816362066094996	28.315682966000562	21.733848004709504
94-95	22.23642100544632	27.857632014307026	28.03781542798921	21.868131552257438
96-97	22.129884648237518	27.98321351041091	27.993224520813193	21.893677320538384
98-99	22.302383870715044	27.721770540262636	28.09344352368629	21.88240206533603
100-101	22.506606989587695	27.916867348000512	27.760479265437272	21.81604639697452
>>END_MODULE
>>Per sequence GC content	pass
#GC Content	Count
0	3479.0
1	2562.0
2	1588.0
3	1639.0
4	1731.5
5	1840.0
6	2191.5
7	2727.5
8	3555.5
9	5014.0
10	7184.5
11	10246.5
12	14275.5
13	19090.5
14	24921.0
15	31422.0
16	38525.0
17	46384.5
18	55120.0
19	65465.5
20	77792.0
21	93745.0
22	114579.0
23	140191.5
24	172163.5
25	211817.0
26	259955.0
27	316501.5
28	379194.0
29	445840.0
30	517574.5
31	594207.0
32	673940.0
33	758104.0
34	836773.0
35	903854.5
36	977902.0
37	1054158.0
38	1108213.0
39	1145663.5
40	1175742.5
41	1200667.5
42	1221507.5
43	1233157.0
44	1242484.0
45	1240908.5
46	1210884.0
47	1172883.0
48	1130633.5
49	1069123.0
50	1000202.0
51	939469.0
52	885565.0
53	819127.5
54	745491.5
55	680442.5
56	621773.5
57	559502.5
58	498527.0
59	444202.0
60	385971.0
61	329993.0
62	275605.0
63	222631.5
64	175947.5
65	133270.0
66	98547.0
67	72012.0
68	51736.5
69	37526.0
70	27734.0
71	21139.0
72	17447.0
73	15411.0
74	13673.0
75	11872.0
76	10301.0
77	9316.0
78	8511.5
79	7626.5
80	6683.5
81	5805.5
82	4978.5
83	4398.5
84	3903.0
85	3323.5
86	2851.5
87	2432.0
88	2016.5
89	1603.5
90	1256.5
91	1002.0
92	753.5
93	583.5
94	436.0
95	318.0
96	238.5
97	172.0
98	130.0
99	87.5
100	51.5
>>END_MODULE
>>Per base N content	warn
#Base	N-Count
1	4.767054798355875
2	10.379505896056312
3	6.689188857450741
4	6.528522635808544
5	4.078471515585499
6	3.9348246521348216
7	11.645274438626863
8	2.97942245552205
9	5.9409337223247425
10-11	3.4643110242496484
12-13	5.913992361083102
14-15	4.891440297601672
16-17	4.846928010507566
18-19	3.519063825296677
20-21	3.094025785772612
22-23	3.3959135268690517
24-25	2.7706284596110464
26-27	3.8706548043469873
28-29	3.8712017108727688
30-31	1.4605092159653699
32-33	1.8921272246277476
34-35	2.471605762928078
36-37	2.8845854457856843
38-39	2.37388506423759
40-41	1.0166805868878788
42-43	0.9725318683364801
44-45	3.428616051172055
46-47	3.769846880466929
48-49	0.9601860750016422
50-51	1.427129273352023
52-53	1.961286040751621
54-55	2.8050633724829326
56-57	1.0140563677911583
58-59	1.9053928153014006
60-61	1.4288119431458348
62-63	1.996869146585305
64-65	0.47314561554049805
66-67	1.4291009335259355
68-69	1.4564882100314962
70-71	0.9888551636770042
72-73	0.9389359597939182
74-75	0.46947885587900584
76-77	1.445745847192701
78-79	1.4417932045745498
80-81	0.004017898510431714
82-83	0.9416409719001292
84-85	0.47862866420380573
86-87	0.0035517849941403314
88-89	0.003272116884365502
90-91	0.47251325487006274
92-93	0.49131005927037324
94-95	0.003152481081850714
96-97	0.00445293779230367
98-99	0.49377113863639177
100-101	1.1032829245030966
>>END_MODULE
>>Sequence Length Distribution	pass
#Length	Count
101	3.2181002E7
>>END_MODULE
>>Sequence Duplication Levels	pass
#Total Deduplicated Percentage	89.99259473722704
#Duplication Level	Percentage of deduplicated	Percentage of total
1	96.07393791242052	86.45942959361972
2	2.6013484839480725	4.6820419977247765
3	0.5834029269139667	1.5750582951084204
4	0.23051576641047186	0.8297884778847554
5	0.12656562858052478	0.5694984660254784
6	0.08044955361768048	0.43439184453040425
7	0.05217663849287851	0.3286857757848291
8	0.037917918364260374	0.27298654885073137
9	0.02602553778845562	0.2107895107513387
>10	0.16852668675791835	2.823171679061942
>50	0.013474691430745533	0.8370114980857826
>100	0.005481775523660528	0.8196337601068358
>500	1.308706708422936E-4	0.08044219324929065
>1k	4.560908015985074E-5	0.07707035921577374
>5k	0.0	0.0
>10k+	0.0	0.0
>>END_MODULE
>>Overrepresented sequences	pass
>>END_MODULE
>>Adapter Content	pass
#Position	Illumina Universal Adapter	Illumina Small RNA 3' Adapter	Illumina Small RNA 5' Adapter	Nextera Transposase Sequence	SOLID Small RNA Adapter
1	0.0	9.322270325827642E-6	0.0	3.1074234419425472E-6	0.0
2	0.0	2.175196409359783E-5	0.0	3.1074234419425475E-5	0.0
3	3.1074234419425472E-6	2.4859387535540378E-5	0.0	3.418165786136802E-5	9.322270325827642E-6
4	9.322270325827642E-6	2.4859387535540378E-5	0.0	4.350392818719566E-5	9.322270325827642E-6
5	1.2429693767770189E-5	2.4859387535540378E-5	0.0	5.2826198513023306E-5	9.322270325827642E-6
6	1.2429693767770189E-5	2.7966810977482925E-5	0.0	6.52558922807935E-5	9.322270325827642E-6
7	1.2429693767770189E-5	3.418165786136802E-5	0.0	6.836331572273604E-5	9.322270325827642E-6
8	1.8644540651655284E-5	4.039650474525312E-5	0.0	7.457816260662114E-5	9.322270325827642E-6
9	2.4859387535540378E-5	4.039650474525312E-5	0.0	7.457816260662114E-5	9.322270325827642E-6
10-11	5.2826198513023306E-5	4.350392818719566E-5	0.0	8.85615680953626E-5	9.322270325827642E-6
12-13	7.14707391646786E-5	5.127248679205203E-5	0.0	1.1031353218896043E-4	1.0875982046798916E-5
14-15	9.788383842119025E-5	6.059475711787967E-5	0.0	1.3828034316644335E-4	1.5537117209712737E-5
16-17	1.351729197245008E-4	6.370218055982223E-5	0.0	1.5226374865518483E-4	1.5537117209712737E-5
18-19	1.6780086586489756E-4	6.991702744370732E-5	1.5537117209712736E-6	1.600323072600412E-4	1.8644540651655284E-5
20-21	1.957676768423805E-4	7.302445088564987E-5	3.1074234419425472E-6	1.6935457758586881E-4	2.019825237262656E-5
22-23	2.4237902847151869E-4	7.61318743275924E-5	3.1074234419425472E-6	1.833379830746103E-4	2.4859387535540378E-5
24-25	2.7189955116997287E-4	9.322270325827642E-5	3.1074234419425472E-6	2.0353623544723686E-4	2.4859387535540378E-5
26-27	3.0297378558939833E-4	9.322270325827642E-5	3.1074234419425472E-6	2.1130479405209322E-4	2.4859387535540378E-5
28-29	3.495851372185366E-4	9.322270325827642E-5	4.661135162913821E-6	2.1441221749403578E-4	2.4859387535540378E-5
30-31	3.91535353684761E-4	9.633012670021897E-5	7.768558604856369E-6	2.2528819954083468E-4	2.4859387535540378E-5
32-33	4.5057639908166935E-4	9.633012670021897E-5	9.322270325827642E-6	2.3927160502957616E-4	2.4859387535540378E-5
34-35	4.987414624317789E-4	1.0254497358410406E-4	9.322270325827642E-6	2.594698574022027E-4	2.4859387535540378E-5
36-37	5.375842554560606E-4	1.0565239702604661E-4	9.322270325827642E-6	2.765606863328867E-4	2.4859387535540378E-5
38-39	5.748733367593713E-4	1.118672439099317E-4	9.322270325827642E-6	2.858829566587144E-4	2.4859387535540378E-5
40-41	6.13716129783653E-4	1.1497466735187426E-4	9.322270325827642E-6	2.95205226984542E-4	2.6413099256511653E-5
42-43	6.52558922807935E-4	1.1963580251478806E-4	9.322270325827642E-6	3.0763492075231217E-4	2.7966810977482925E-5
44-45	7.069388330419295E-4	1.289580728406157E-4	9.322270325827642E-6	3.185109027991111E-4	2.95205226984542E-5
46-47	7.659798784388379E-4	1.351729197245008E-4	9.322270325827642E-6	3.3249430828785257E-4	3.1074234419425475E-5
48-49	8.436654644874016E-4	1.3828034316644335E-4	9.322270325827642E-6	3.4337029033465146E-4	3.262794614039675E-5
50-51	9.166899153730515E-4	1.429414783293572E-4	9.322270325827642E-6	3.620148309863068E-4	3.728908130331057E-5
52-53	9.866069428167588E-4	1.4604890177129974E-4	1.0875982046798916E-5	3.837667950799046E-4	3.728908130331057E-5
54-55	0.0011217798625412596	1.5537117209712736E-4	1.2429693767770189E-5	3.91535353684761E-4	3.884279302428184E-5
56-57	0.0012476305119399327	1.6158601898101248E-4	1.2429693767770189E-5	3.9619648884767477E-4	4.039650474525312E-5
58-59	0.0014107702426419165	1.6780086586489756E-4	1.2429693767770189E-5	4.0396504745253116E-4	4.505763990816694E-5
60-61	0.0016080916312052683	1.7246200102781137E-4	1.5537117209712737E-5	4.195021646622439E-4	4.661135162913821E-5
62-63	0.001873776335491356	1.7867684791169648E-4	1.8644540651655284E-5	4.3970041703487046E-4	4.661135162913821E-5
64-65	0.002203163220337266	1.879991182375241E-4	2.175196409359783E-5	4.536838225236119E-4	4.9718775071080756E-5
66-67	0.0026428636373721365	1.8955282995849538E-4	2.175196409359783E-5	4.676672280123534E-4	4.9718775071080756E-5
68-69	0.0031493736584087715	1.9266025340043794E-4	2.175196409359783E-5	4.8786548038497993E-4	4.9718775071080756E-5
70-71	0.0038796181672652703	1.957676768423805E-4	2.175196409359783E-5	5.204934265253767E-4	4.9718775071080756E-5
72-73	0.004992075759480703	2.050899471682081E-4	2.175196409359783E-5	5.531213726657734E-4	5.437991023399458E-5
74-75	0.006496068705380895	2.1596592921500703E-4	2.175196409359783E-5	5.748733367593713E-4	5.593362195496585E-5
76-77	0.00862465376311154	2.175196409359783E-4	2.3305675814569103E-5	5.950715891319978E-4	5.593362195496585E-5
78-79	0.011676143583099121	2.2528819954083468E-4	2.7966810977482925E-5	6.012864360158829E-4	6.214846883885095E-5
80-81	0.01631086564675643	2.2684191126180596E-4	2.7966810977482925E-5	6.028401477368542E-4	6.370218055982223E-5
82-83	0.02303066883995719	2.2839562298277723E-4	2.7966810977482925E-5	6.106087063417105E-4	6.52558922807935E-5
84-85	0.03296354787212654	2.3927160502957613E-4	3.1074234419425475E-5	6.183772649465669E-4	6.52558922807935E-5
86-87	0.04787607297000883	2.4237902847151869E-4	3.1074234419425475E-5	6.276995352723946E-4	6.52558922807935E-5
88-89	0.06651129135133829	2.4393274019248996E-4	3.262794614039675E-5	6.525589228079349E-4	6.680960400176476E-5
90	0.08304899890935652	2.5480872223928886E-4	3.728908130331057E-5	6.92955427553188E-4	7.14707391646786E-5
>>END_MODULE
