##FastQC	0.11.7
>>Basic Statistics	pass
#Measure	Value
Filename	SRR815711_1_val_1.fq.gz
File type	Conventional base calls
Encoding	Sanger / Illumina 1.9
Total Sequences	53114124
Sequences flagged as poor quality	0
Sequence length	20-76
%GC	49
>>END_MODULE
>>Per base sequence quality	pass
#Base	Mean	Median	Lower Quartile	Upper Quartile	10th Percentile	90th Percentile
1	31.49252978360332	31.0	31.0	34.0	28.0	34.0
2	31.694668822929284	31.0	31.0	34.0	28.0	34.0
3	30.71355438338774	31.0	31.0	34.0	26.0	34.0
4	34.97981512412781	37.0	35.0	37.0	32.0	37.0
5	35.0628323833412	37.0	35.0	37.0	32.0	37.0
6	35.11345908670168	37.0	35.0	37.0	32.0	37.0
7	35.121017565873814	37.0	35.0	37.0	32.0	37.0
8	35.11989468187407	37.0	35.0	37.0	32.0	37.0
9	36.666289008174175	39.0	37.0	39.0	32.0	39.0
10-11	36.6937920881459	39.0	37.0	39.0	32.0	39.0
12-13	36.59464494792383	39.0	36.0	39.0	32.0	39.0
14-15	37.77569012528569	40.0	37.0	41.0	32.0	41.0
16-17	37.71687304868287	40.0	37.0	41.0	32.0	41.0
18-19	37.66563461538027	40.0	37.0	41.0	32.0	41.0
20-21	37.58551722336171	40.0	37.0	41.0	31.5	41.0
22-23	37.483383211556614	40.0	36.5	41.0	31.0	41.0
24-25	37.37051720668039	40.0	36.0	41.0	31.0	41.0
26-27	37.25013098520698	39.0	36.0	41.0	31.0	41.0
28-29	37.16379103297355	39.0	36.0	41.0	30.5	41.0
30-31	37.06254669490174	39.0	36.0	41.0	30.0	41.0
32-33	37.03608273952351	39.0	36.0	41.0	30.0	41.0
34-35	37.03463378325053	39.0	36.0	41.0	30.0	41.0
36-37	37.036220643335795	39.0	36.0	41.0	30.0	41.0
38-39	37.17923718222708	39.0	36.0	41.0	30.0	41.0
40-41	37.153578423908655	39.0	36.0	41.0	30.0	41.0
42-43	37.0669525013449	39.0	35.0	41.0	30.0	41.0
44-45	36.97624294892878	39.0	35.0	41.0	30.0	41.0
46-47	36.85880974261957	39.0	35.0	41.0	30.0	41.0
48-49	36.73558019371464	39.0	35.0	41.0	30.0	41.0
50-51	35.82376481586662	38.0	34.0	40.0	29.0	40.5
52-53	35.8815587271784	38.0	34.0	39.5	28.5	40.5
54-55	36.28939569562874	38.0	34.0	40.0	29.0	41.0
56-57	36.206688559828436	38.0	34.0	40.0	29.0	41.0
58-59	36.00825631401837	38.0	34.0	40.0	29.0	41.0
60-61	35.77356956253807	37.0	34.0	40.0	29.0	41.0
62-63	35.50299802715395	37.0	34.0	40.0	29.0	41.0
64-65	35.22034647798738	36.0	33.5	39.0	28.5	41.0
66-67	34.961552127356896	36.0	33.0	39.0	29.0	41.0
68-69	34.69813960373227	35.0	33.0	38.5	29.0	40.0
70-71	34.46463377099552	35.0	33.0	37.5	29.0	40.0
72-73	34.29378278695236	35.0	33.0	37.0	29.0	39.0
74-75	34.25143325636704	35.0	33.0	37.0	29.0	39.0
76	32.739799436417755	34.0	31.0	35.0	26.0	37.0
>>END_MODULE
>>Per sequence quality scores	pass
#Quality	Count
14	2.0
15	7.0
16	37.0
17	126.0
18	273.0
19	1513.0
20	21839.0
21	80748.0
22	174200.0
23	283320.0
24	402741.0
25	531301.0
26	668640.0
27	814547.0
28	973833.0
29	1156336.0
30	1372724.0
31	1632576.0
32	1959999.0
33	2397098.0
34	3024597.0
35	3899642.0
36	5264560.0
37	7367660.0
38	9935485.0
39	1.0218748E7
40	931572.0
>>END_MODULE
>>Per base sequence content	fail
#Base	G	A	T	C
1	32.046895310819906	12.552703048333333	16.551701871097148	38.848699769749615
2	24.51301983339665	21.24410908735302	31.05497027850457	23.187900800745766
3	27.97474625358754	23.373495672695494	23.208759752311884	25.44299832140508
4	28.316900784262206	30.179263674824576	19.431709230169826	22.072126310743393
5	28.343798385364	30.658077476530448	20.951766821961744	20.046357316143805
6	22.809533438999345	33.46486040299947	21.37555605514064	22.350050102860553
7	20.040450564225743	16.79009072448187	39.200517791924035	23.968940919368354
8	22.44495472574533	21.724837906547805	26.466498301702394	29.363709066004475
9	22.484338734267542	20.820539710587248	28.94781806054952	27.747303494595695
10-11	26.32791922253671	29.23562311066557	20.393046800248253	24.043410866549465
12-13	24.047291653130205	22.975126501257805	27.091268148926982	25.886313696685008
14-15	24.249438538652658	24.66442937540841	26.52586698644933	24.560265099489598
16-17	24.927630993486613	24.85774938694734	25.419440027028568	24.79517959253748
18-19	24.852325313318204	25.045018108921962	25.30525077770791	24.797405800051926
20-21	24.72567620396821	25.227130927324943	25.47990310924006	24.56728975946679
22-23	24.934074411794064	25.352030874317634	25.18372743551027	24.53016727837803
24-25	24.878397349801336	25.309677596256897	25.170679406956037	24.641245646985734
26-27	24.84327819444504	25.5134516478348	25.115616755127345	24.527653402592815
28-29	24.961432342735325	25.17666593547826	25.158070641808834	24.703831079977583
30-31	24.51142854787322	25.31127859506041	25.464033546824673	24.7132593102417
32-33	24.578152999658	25.36060183039052	25.364590943026798	24.696654226924682
34-35	24.960133431661806	25.269882380362745	25.108459803863976	24.661524384111473
36-37	24.86378584892349	25.303754605451196	25.262323872255937	24.570135673369375
38-39	24.53368353650392	25.409083367713187	25.270642921764967	24.78659017401793
40-41	24.804244528484045	25.208847391107113	25.242878067893944	24.744030012514898
42-43	24.631347530805815	25.23801928139512	25.44568084059508	24.684952347203982
44-45	24.55280469126805	25.39175290331528	25.48819968773544	24.567242717681232
46-47	24.822119023066357	25.21498073896081	25.34935200198774	24.613548235985093
48-49	24.6137046478027	25.22598445571649	25.441123541695447	24.719187354785362
50-51	24.69422643038443	25.311956133345255	25.43639934923724	24.55741808703307
52-53	24.61830011557561	25.356578760038378	25.361194408776257	24.663926715609755
54-55	24.57758124783512	25.320938910346825	25.42163291656019	24.679846925257866
56-57	24.553262860378812	25.281829230925183	25.458593550951942	24.706314357744066
58-59	24.60815633111896	25.26290507918196	25.395997034119866	24.732941555579217
60-61	24.57900801113722	25.25639061198192	25.452730084655006	24.711871292225855
62-63	24.33071513245102	25.370590682684117	25.661482760529843	24.637211424335025
64-65	24.50039641841867	25.3209788617128	25.51785011782052	24.660774602048015
66-67	24.386948544287137	25.33278652645826	25.51653565689755	24.763729272357054
68-69	24.323236648437906	25.411887304917585	25.560204289824824	24.70467175681969
70-71	24.37755033436145	25.39146124952591	25.49362239633442	24.73736601977822
72-73	24.130125817979987	25.274773937318752	25.748705128604616	24.84639511609664
74-75	24.445594698855263	21.78774435969291	27.461643138794468	26.30501780265736
76	25.65625769146131	0.0	37.469677145983	36.874065162555695
>>END_MODULE
>>Per sequence GC content	pass
#GC Content	Count
0	5052.0
1	4268.0
2	3152.5
3	2781.5
4	2796.0
5	3029.0
6	3485.0
7	3984.5
8	4484.5
9	5104.5
10	5871.5
11	6752.5
12	7624.0
13	8803.5
14	10490.5
15	12570.0
16	15049.0
17	17651.5
18	22433.5
19	30544.0
20	41061.5
21	51300.5
22	67750.5
23	97066.5
24	128926.5
25	155475.0
26	200168.0
27	269020.0
28	338800.5
29	396725.0
30	486426.0
31	607310.0
32	732736.5
33	831641.5
34	916677.5
35	1043990.0
36	1155758.5
37	1239517.0
38	1350589.0
39	1562251.0
40	1769555.0
41	1985617.5
42	2188672.0
43	2328784.5
44	2433474.5
45	2453084.0
46	2466634.0
47	2522451.5
48	2577898.5
49	2580476.0
50	2580816.0
51	2628743.0
52	2641011.5
53	2593162.0
54	2561056.5
55	2527503.0
56	2429064.5
57	2249260.5
58	2115111.5
59	1987011.0
60	1846551.5
61	1668444.5
62	1503827.0
63	1371719.5
64	1186012.5
65	1029789.5
66	876320.0
67	769996.0
68	694845.0
69	583809.0
70	465792.0
71	386339.0
72	329748.5
73	262293.5
74	203235.0
75	166398.0
76	140392.0
77	109873.5
78	84274.0
79	68178.0
80	56249.5
81	43987.0
82	34093.0
83	26233.5
84	19935.5
85	14545.0
86	10881.5
87	8698.5
88	6670.0
89	4804.5
90	3644.0
91	2937.0
92	2624.5
93	2027.5
94	1250.0
95	803.0
96	575.5
97	527.5
98	324.0
99	123.0
100	119.0
>>END_MODULE
>>Per base N content	pass
#Base	N-Count
1	0.22688880268457406
2	0.002609475400554474
3	0.0034755350573041554
4	0.10106727920430356
5	0.00277139090159898
6	0.006371186692262871
7	0.0016888163306618782
8	0.0017622431276471773
9	0.0026339509995495737
10-11	0.0025219280656873866
12-13	0.002656543860160435
14-15	0.0026075926621702355
16-17	0.0027026709505742767
18-19	0.010347530159774451
20-21	0.02754991621465771
22-23	0.022641059887785593
24-25	0.01844952024877314
26-27	0.01864335082780928
28-29	0.016803059541953706
30-31	0.015358706813940968
32-33	0.020144614017324446
34-35	0.015305871649431214
36-37	0.0012929085451524698
38-39	0.0012828198000613274
40-41	0.0024234682627001752
42-43	0.0034084264883714526
44-45	0.0023845214377788792
46-47	5.928689111400376E-4
48-49	0.001833911053923973
50-51	0.0028433563063033802
52-53	0.00338107159279352
54-55	0.001560941962299651
56-57	3.905580177743344E-4
58-59	3.126653377246314E-4
60-61	0.001374333792678479
62-63	7.391883901468384E-4
64-65	9.078885902037189E-4
66-67	3.5898361510538877E-4
68-69	2.9246571876739364E-4
70-71	3.360080977951569E-4
72-73	3.346054894623739E-5
74-75	0.0
76	0.0
>>END_MODULE
>>Sequence Length Distribution	warn
#Length	Count
20-21	56497.0
22-23	59515.0
24-25	64193.0
26-27	68214.0
28-29	74636.0
30-31	79103.0
32-33	82868.0
34-35	89059.0
36-37	92078.0
38-39	99715.0
40-41	109978.0
42-43	120231.0
44-45	131666.0
46-47	145601.0
48-49	155782.0
50-51	131307.0
52-53	134994.0
54-55	163875.0
56-57	189355.0
58-59	216536.0
60-61	250384.0
62-63	290240.0
64-65	343897.0
66-67	428490.0
68-69	552099.0
70-71	814085.0
72-73	2324931.0
74-75	1.6075582E7
76-77	2.9769213E7
>>END_MODULE
>>Sequence Duplication Levels	warn
#Total Deduplicated Percentage	65.49903386213364
#Duplication Level	Percentage of deduplicated	Percentage of total
1	87.24593544683327	57.14524480165658
2	7.868897282911297	10.30810339182117
3	2.2120934112650397	4.346699437519548
4	0.9585651669983921	2.5114036932915793
5	0.4932675228191625	1.6154273090111553
6	0.2984246369900643	1.1727915242104296
7	0.18295991835996084	0.83885885216506
8	0.13902430331154153	0.7284766040209758
9	0.09440871880432801	0.5565311882860801
>10	0.43564930798980545	4.909367589896354
>50	0.026838274318511626	1.2353334957710431
>100	0.03070745590851679	4.471665338686417
>500	0.007803779893102289	3.6513471802286452
>1k	0.005327031180682188	6.1217626529455265
>5k	9.77424163627405E-5	0.3869869404895961
>10k+	0.0	0.0
>>END_MODULE
>>Overrepresented sequences	pass
>>END_MODULE
>>Adapter Content	pass
#Position	Illumina Universal Adapter	Illumina Small RNA 3' Adapter	Illumina Small RNA 5' Adapter	Nextera Transposase Sequence	SOLID Small RNA Adapter
1	0.0	1.8827383842384371E-6	0.0	5.648215152715312E-6	1.8827383842384371E-6
2	0.0	1.6944645458145935E-5	0.0	2.0710122226622808E-5	1.8827383842384371E-6
3	0.0	1.882738384238437E-5	0.0	2.2592860610861248E-5	7.5309535369537485E-6
4	0.0	1.882738384238437E-5	0.0	2.635833737933812E-5	9.413691921192186E-6
5	0.0	2.2592860610861248E-5	0.0	2.635833737933812E-5	1.1296430305430624E-5
6	0.0	2.2592860610861248E-5	0.0	2.8241075763576558E-5	1.1296430305430624E-5
7	0.0	3.388929091629187E-5	0.0	3.0123814147814994E-5	1.5061907073907497E-5
8	0.0	3.765476768476874E-5	0.0	3.2006552532053434E-5	1.6944645458145935E-5
9	0.0	3.953750606900718E-5	0.0	3.388929091629187E-5	1.6944645458145935E-5
10	0.0	4.1420244453245616E-5	0.0	3.388929091629187E-5	1.6944645458145935E-5
11	0.0	4.1420244453245616E-5	0.0	3.765476768476874E-5	1.882738384238437E-5
12	0.0	4.895119799019937E-5	0.0	3.765476768476874E-5	2.4475598995099685E-5
13	0.0	4.895119799019937E-5	0.0	3.765476768476874E-5	2.4475598995099685E-5
14	0.0	4.895119799019937E-5	0.0	3.765476768476874E-5	2.4475598995099685E-5
15	0.0	5.0833936374437806E-5	0.0	4.5185721221722496E-5	2.4475598995099685E-5
16	0.0	5.459941314291468E-5	0.0	4.706845960596093E-5	2.4475598995099685E-5
17	0.0	5.459941314291468E-5	0.0	5.0833936374437806E-5	2.4475598995099685E-5
18	0.0	6.024762829562999E-5	0.0	5.0833936374437806E-5	3.388929091629187E-5
19	0.0	6.024762829562999E-5	0.0	5.6482151527153115E-5	3.388929091629187E-5
20	0.0	6.024762829562999E-5	0.0	5.836488991139155E-5	3.953750606900718E-5
21	0.0	6.024762829562999E-5	0.0	6.024762829562999E-5	3.953750606900718E-5
22	0.0	6.024762829562999E-5	0.0	6.024762829562999E-5	4.1420244453245616E-5
23	0.0	6.213036667986842E-5	0.0	6.401310506410687E-5	4.330298283748405E-5
24	0.0	6.401310506410687E-5	0.0	6.777858183258374E-5	4.330298283748405E-5
25	0.0	6.58958434483453E-5	0.0	6.777858183258374E-5	4.895119799019937E-5
26	0.0	6.58958434483453E-5	0.0	6.966132021682217E-5	5.271667475867624E-5
27	0.0	6.58958434483453E-5	0.0	7.154405860106061E-5	5.459941314291468E-5
28	0.0	6.58958434483453E-5	0.0	7.154405860106061E-5	5.459941314291468E-5
29	0.0	6.58958434483453E-5	0.0	7.342679698529906E-5	5.6482151527153115E-5
30	0.0	6.58958434483453E-5	0.0	7.719227375377593E-5	5.6482151527153115E-5
31	0.0	6.777858183258374E-5	0.0	7.907501213801436E-5	5.6482151527153115E-5
32	0.0	6.777858183258374E-5	0.0	8.284048890649123E-5	5.836488991139155E-5
33	0.0	6.966132021682217E-5	0.0	8.66059656749681E-5	5.836488991139155E-5
34	0.0	6.966132021682217E-5	0.0	8.66059656749681E-5	5.836488991139155E-5
35	0.0	7.342679698529906E-5	0.0	8.848870405920655E-5	5.836488991139155E-5
36	0.0	7.342679698529906E-5	0.0	8.848870405920655E-5	6.024762829562999E-5
37	0.0	7.530953536953749E-5	0.0	8.848870405920655E-5	6.024762829562999E-5
38	0.0	7.530953536953749E-5	0.0	8.848870405920655E-5	6.213036667986842E-5
39	0.0	7.530953536953749E-5	0.0	8.848870405920655E-5	6.213036667986842E-5
40	0.0	8.09577505222528E-5	0.0	9.037144244344499E-5	6.213036667986842E-5
41	0.0	8.09577505222528E-5	0.0	9.037144244344499E-5	6.58958434483453E-5
42	0.0	8.09577505222528E-5	0.0	9.790239598039874E-5	6.777858183258374E-5
43	0.0	8.848870405920655E-5	0.0	9.978513436463717E-5	7.154405860106061E-5
44	0.0	9.037144244344499E-5	0.0	1.0166787274887561E-4	7.342679698529906E-5
45	0.0	9.413691921192187E-5	0.0	1.0355061113311404E-4	7.342679698529906E-5
46	0.0	9.413691921192187E-5	0.0	1.0731608790159093E-4	7.342679698529906E-5
47	0.0	9.978513436463717E-5	0.0	1.0919882628582936E-4	7.530953536953749E-5
48	0.0	1.0166787274887561E-4	0.0	1.110815646700678E-4	7.907501213801436E-5
49	0.0	1.0355061113311404E-4	0.0	1.110815646700678E-4	7.907501213801436E-5
50	0.0	1.0731608790159093E-4	0.0	1.1296430305430623E-4	9.037144244344499E-5
51	0.0	1.110815646700678E-4	0.0	1.1296430305430623E-4	9.037144244344499E-5
52	0.0	1.223779949754984E-4	0.0	1.1296430305430623E-4	9.225418082768342E-5
53	0.0	1.2426073335973685E-4	0.0	1.2049525659125998E-4	9.225418082768342E-5
54	0.0	1.261434717439753E-4	0.0	1.223779949754984E-4	9.225418082768342E-5
55	0.0	1.3555716366516748E-4	0.0	1.2426073335973685E-4	9.413691921192187E-5
56	0.0	1.3555716366516748E-4	0.0	1.2426073335973685E-4	9.790239598039874E-5
57	0.0	1.3743990204940592E-4	0.0	1.2802621012821374E-4	9.978513436463717E-5
58	0.0	1.3932264043364434E-4	0.0	1.2802621012821374E-4	9.978513436463717E-5
59	0.0	1.3932264043364434E-4	0.0	1.3367442528092904E-4	9.978513436463717E-5
60	0.0	1.4497085558635967E-4	0.0	1.3743990204940592E-4	1.0166787274887561E-4
61	0.0	1.4497085558635967E-4	0.0	1.3743990204940592E-4	1.0166787274887561E-4
62	0.0	1.4873633235483653E-4	0.0	1.3932264043364434E-4	1.0166787274887561E-4
63	0.0	1.5626728589179028E-4	0.0	1.3932264043364434E-4	1.0355061113311404E-4
64	0.0	1.6003276266026716E-4	0.0	1.4308811720212123E-4	1.0731608790159093E-4
65	0.0	1.6379823942874405E-4	0.0	1.4497085558635967E-4	1.0919882628582936E-4
>>END_MODULE
