##FastQC	0.11.7
>>Basic Statistics	pass
#Measure	Value
Filename	SRR1086236_2.fastq.gz
File type	Conventional base calls
Encoding	Sanger / Illumina 1.9
Total Sequences	37381955
Sequences flagged as poor quality	0
Sequence length	76
%GC	50
>>END_MODULE
>>Per base sequence quality	pass
#Base	Mean	Median	Lower Quartile	Upper Quartile	10th Percentile	90th Percentile
1	30.3425108986408	31.0	31.0	34.0	26.0	34.0
2	30.44795998497136	33.0	31.0	34.0	26.0	34.0
3	30.532138648179316	34.0	31.0	34.0	26.0	34.0
4	33.82910075195372	37.0	35.0	37.0	28.0	37.0
5	33.76912122439824	37.0	35.0	37.0	28.0	37.0
6	33.775255761770616	37.0	35.0	37.0	29.0	37.0
7	33.756713366114745	37.0	35.0	37.0	29.0	37.0
8	33.75552859661834	37.0	35.0	37.0	29.0	37.0
9	35.256178442245734	39.0	37.0	39.0	28.0	39.0
10-11	35.25484553977982	39.0	37.0	39.0	29.0	39.0
12-13	35.17794578961961	39.0	35.0	39.0	28.0	39.0
14-15	36.40325404329442	40.0	37.0	41.0	27.5	41.0
16-17	36.348145408660415	40.0	37.0	41.0	27.0	41.0
18-19	36.31562221665507	40.0	37.0	41.0	27.0	41.0
20-21	36.285604404585044	40.0	37.0	41.0	27.0	41.0
22-23	36.21575094186487	40.0	37.0	41.0	27.0	41.0
24-25	36.14762918365292	40.0	37.0	41.0	27.0	41.0
26-27	36.035625143200775	40.0	36.5	41.0	27.0	41.0
28-29	35.92922959754245	40.0	36.0	41.0	26.5	41.0
30-31	35.809523097441	40.0	36.0	41.0	26.0	41.0
32-33	35.71215376509869	40.0	36.0	41.0	25.0	41.0
34-35	35.59986774367472	40.0	36.0	41.0	25.0	41.0
36-37	35.46818796662721	40.0	35.5	41.0	25.0	41.0
38-39	35.333320113942676	40.0	35.0	41.0	24.0	41.0
40-41	35.20243711170269	40.0	35.0	41.0	24.0	41.0
42-43	35.044811835015054	40.0	35.0	41.0	23.5	41.0
44-45	34.84835678069807	39.5	35.0	41.0	23.0	41.0
46-47	34.64724774292837	39.0	35.0	41.0	22.0	41.0
48-49	34.463146001861055	39.0	34.0	41.0	21.0	41.0
50-51	34.25594482685563	39.0	34.0	41.0	20.0	41.0
52-53	34.05632686947486	38.5	34.0	41.0	19.0	41.0
54-55	33.824111606789955	38.0	34.0	41.0	18.0	41.0
56-57	33.56358252263692	38.0	33.0	40.5	15.0	41.0
58-59	33.291442167751796	37.0	33.0	40.0	13.0	41.0
60-61	33.02830490005138	37.0	33.0	40.0	9.5	41.0
62-63	32.75569536157218	36.0	33.0	40.0	7.5	41.0
64-65	32.47028265375634	36.0	33.0	39.5	2.0	41.0
66-67	32.13598450107813	35.0	32.0	39.0	2.0	41.0
68-69	31.77076893115943	35.0	32.0	39.0	2.0	41.0
70-71	31.41074620094107	35.0	32.0	38.0	2.0	40.5
72-73	31.02891290731049	35.0	32.0	37.0	2.0	40.0
74-75	30.627486256403657	35.0	31.5	37.0	2.0	39.0
76	29.852561590211106	35.0	30.0	36.0	2.0	39.0
>>END_MODULE
>>Per sequence quality scores	pass
#Quality	Count
2	1407960.0
3	163070.0
4	123160.0
5	95566.0
6	81866.0
7	79415.0
8	82453.0
9	86863.0
10	91342.0
11	97344.0
12	103866.0
13	109510.0
14	114004.0
15	116670.0
16	119842.0
17	122497.0
18	125040.0
19	128868.0
20	134557.0
21	144709.0
22	159479.0
23	182227.0
24	210460.0
25	249031.0
26	296341.0
27	347787.0
28	411850.0
29	486810.0
30	578476.0
31	697171.0
32	851010.0
33	1064557.0
34	1387803.0
35	1897187.0
36	2821734.0
37	4487710.0
38	6700398.0
39	8727483.0
40	2295839.0
>>END_MODULE
>>Per base sequence content	fail
#Base	G	A	T	C
1	26.99587336794009	12.64627533965379	16.725260473523544	43.63259081888258
2	24.181809290303974	20.16288236323164	32.90821986207869	22.747088484385696
3	28.216776975430776	22.411872503824817	23.92930329721098	25.442047223533432
4	27.9044885404594	29.183307790318292	18.582141046989104	24.330062622233203
5	28.699367728430342	30.76873920030434	20.19832243265504	20.333570638610272
6	22.78752857736262	32.71390657614159	20.63457609060662	23.863988755889174
7	20.392182186682913	16.185085215475954	38.86389913886296	24.558833458978178
8	21.60827097046618	20.79548818772038	26.283677514461644	31.31256332735179
9	22.114089384392948	20.4187815482072	28.88687980887165	28.5802492585282
10-11	26.342236396306102	28.881119199369504	19.909064649670615	24.867579754653782
12-13	24.124764672605963	22.946568959188664	26.7351462478621	26.193520120343276
14-15	24.381066315239334	24.452420320468445	25.852649976866772	25.31386338742545
16-17	25.24346638065378	24.57203678275339	24.817418619485963	25.36707821710687
18-19	25.08684099297767	25.03212311278093	24.562707709328887	25.318328184912513
20-21	25.0052298926139	25.011657416916655	24.81597263079306	25.16714005967639
22-23	25.157977057922594	25.03552246061236	24.81659951577906	24.989900965685983
24-25	24.976729074222984	25.186824603073177	24.819088830153724	25.01735749255012
26-27	24.901921637749638	25.235925602430502	24.804832411228613	25.05732034859124
28-29	25.068219952863878	24.95623017033037	24.770596889786926	25.204952987018824
30-31	24.85335248368171	25.12450334215812	24.885978818072488	25.136165356087677
32-33	24.840158530377515	25.219949588207317	24.872644702337922	25.067247179077246
34-35	25.24773798569872	25.111223569899828	24.550076463840934	25.09096198056052
36-37	24.995513182022936	25.044786868951924	24.771460719078082	25.18823922994706
38-39	24.917493646461665	25.08565245474396	24.866957931881963	25.129895966912414
40-41	25.199172423555694	25.005584135956955	24.731921319684986	25.06332212080237
42-43	24.923718258193986	25.025737341091194	24.95747342085457	25.09307097986025
44-45	25.01301673297711	25.023928595512917	24.938131533079474	25.024923138430495
46-47	25.156415168640162	25.004284416507318	24.718749456625687	25.120550958226833
48-49	24.929146040556553	24.96378358256006	24.872954405905784	25.234115970977605
50-51	24.99305028692841	25.060667344064296	24.875773586025037	25.07050878298226
52-53	25.01548766327973	25.119129178356037	24.742283676698978	25.123099481665257
54-55	24.90808202348948	25.07194850957582	24.827427784746746	25.19254168218795
56-57	24.932335524990474	25.002644257250157	25.01566007982699	25.049360137932382
58-59	25.04336692142799	25.081405297741753	24.74786106249135	25.127366718338905
60-61	24.889554204452537	25.178681706561996	24.875011488665155	25.05675260032031
62-63	24.81628604679924	25.2571143991466	24.975423530552415	24.95117602350174
64-65	24.981060211813183	25.15852321257736	24.845995456164328	25.014421119445128
66-67	24.934328554736638	25.159739851839685	24.822061996500288	25.083869596923392
68-69	24.982344296913055	25.22625839563739	24.82502764838592	24.966369659063638
70-71	25.077557571967123	25.079979164930066	24.82812412633069	25.01433913677212
72-73	24.95448312428258	25.199057225825854	24.864870342447514	24.98158930744405
74-75	24.99526607369772	25.2288073303373	24.89380624674806	24.88212034921692
76	25.137374173293775	24.94872770587106	24.790673571104335	25.12322454973082
>>END_MODULE
>>Per sequence GC content	pass
#GC Content	Count
0	9052.0
1	8196.0
2	4560.5
3	1695.5
4	1610.0
5	1518.5
6	1297.0
7	1093.0
8	1019.0
9	1003.0
10	1103.0
11	1446.0
12	1673.0
13	1910.5
14	2780.0
15	4503.5
16	7357.0
17	9119.0
18	12453.5
19	21684.0
20	35541.5
21	43503.0
22	55393.5
23	85142.0
24	124908.5
25	146817.0
26	177639.5
27	242815.0
28	317245.0
29	357322.0
30	403420.5
31	495333.0
32	594795.5
33	648444.0
34	701163.5
35	804591.5
36	904410.5
37	953521.0
38	1001269.0
39	1098475.5
40	1187523.0
41	1275466.5
42	1323821.0
43	1351695.5
44	1393237.5
45	1413937.5
46	1420970.0
47	1448946.5
48	1481135.5
49	1494760.5
50	1504173.0
51	1508666.5
52	1504291.5
53	1487197.5
54	1478972.0
55	1472298.0
56	1457414.5
57	1431880.5
58	1414556.0
59	1382524.0
60	1323023.5
61	1242820.5
62	1190086.0
63	1128292.5
64	994597.5
65	865131.5
66	744352.5
67	681138.0
68	616054.5
69	494846.0
70	387861.0
71	337001.0
72	299282.0
73	232689.0
74	179624.0
75	155433.0
76	136175.5
77	102233.0
78	75171.5
79	62795.0
80	53707.0
81	38026.0
82	25501.0
83	19569.0
84	15114.0
85	7898.5
86	3899.5
87	2661.0
88	2011.0
89	1076.0
90	681.5
91	456.5
92	341.0
93	274.0
94	182.5
95	142.0
96	126.0
97	106.0
98	96.0
99	218.0
100	330.0
>>END_MODULE
>>Per base N content	pass
#Base	N-Count
1	0.14233873001024158
2	0.1149832853846194
3	0.11658031261339863
4	0.11497526012216322
5	0.11951220849738865
6	0.08917939150052479
7	0.08196735563990701
8	0.08132533464341285
9	0.07545886778794741
10-11	0.07328402166232345
12-13	0.0752876621888823
14-15	0.07693819116736939
16-17	0.07470716820455217
18-19	0.07388725389027942
20-21	0.0721778729871137
22-23	0.0686440824189104
24-25	0.0704323784028952
26-27	0.06984920933107966
28-29	0.07039492717809971
30-31	0.06855847961937785
32-33	0.07383241459682888
34-35	0.07496798923437792
36-37	0.06768640109913994
38-39	0.07007525422359533
40-41	0.06990271108078751
42-43	0.07401699563332094
44-45	0.07520205938934976
46-47	0.07640183612654823
48-49	0.07870107382024295
50-51	0.07943271024749776
52-53	0.07930296850445623
54-55	0.07672017153730991
56-57	0.07335089884945825
58-59	0.07727926482175691
60-61	0.08004396773790991
62-63	0.0793471074479652
64-65	0.08387068038576366
66-67	0.08562420023243836
68-69	0.08593852301197195
70-71	0.08161290654809253
72-73	0.08212117317031707
74-75	0.07821955807287231
76	0.1400140789854356
>>END_MODULE
>>Sequence Length Distribution	pass
#Length	Count
76	3.7381955E7
>>END_MODULE
>>Sequence Duplication Levels	pass
#Total Deduplicated Percentage	78.60969854780163
#Duplication Level	Percentage of deduplicated	Percentage of total
1	88.4039470065242	69.49407624618699
2	8.02992703878339	12.624602877592073
3	1.9684740716754066	4.64223460120702
4	0.7139270859793303	2.244863720557824
5	0.31552119121905337	1.2401512863586528
6	0.16397840449330842	0.7734175767341073
7	0.09791248868316563	0.5387809853614083
8	0.05725665281623409	0.3600742574192239
9	0.04009402648363757	0.28366014019016916
>10	0.16977260001689293	2.4683265543945234
>50	0.01972673314133075	1.0925695326321325
>100	0.017480431395080456	2.8671589981276115
>500	0.0016216892803197222	0.88022314652954
>1k	3.521965088533844E-4	0.400600547735634
>5k	0.0	0.0
>10k+	8.382999697753573E-6	0.0892595289731323
>>END_MODULE
>>Overrepresented sequences	pass
>>END_MODULE
>>Adapter Content	pass
#Position	Illumina Universal Adapter	Illumina Small RNA 3' Adapter	Illumina Small RNA 5' Adapter	Nextera Transposase Sequence	SOLID Small RNA Adapter
1	3.477613731010055E-5	5.350174970784701E-6	0.0	5.350174970784701E-6	0.0
2	5.617683719323936E-5	2.9425962339315854E-5	0.0	2.1400699883138805E-5	0.0
3	1.7655577403589512E-4	2.9425962339315854E-5	0.0	2.4075787368531152E-5	8.025262456177051E-6
4	5.510680219908241E-4	2.9425962339315854E-5	0.0	2.4075787368531152E-5	1.0700349941569402E-5
5	6.33995734037987E-4	3.477613731010055E-5	0.0	2.9425962339315854E-5	1.3375437426961752E-5
6	7.971760706469204E-4	3.477613731010055E-5	0.0	3.2101049824708205E-5	1.3375437426961752E-5
7	8.774286952086909E-4	5.082666222245466E-5	0.0	3.2101049824708205E-5	1.3375437426961752E-5
8	9.978076320513467E-4	5.3501749707847006E-5	2.6750874853923506E-6	3.477613731010055E-5	1.3375437426961752E-5
9	0.0011850637560288113	5.885192467863171E-5	2.6750874853923506E-6	4.8151574737062304E-5	1.3375437426961752E-5
10	0.0016211030161477644	6.152701216402406E-5	2.6750874853923506E-6	4.8151574737062304E-5	1.3375437426961752E-5
11	0.0019180377270263153	6.420209964941641E-5	5.350174970784701E-6	5.082666222245466E-5	1.6050524912354103E-5
12	0.002222997700361043	6.687718713480876E-5	5.350174970784701E-6	5.082666222245466E-5	1.6050524912354103E-5
13	0.0027339394100709823	6.95522746202011E-5	5.350174970784701E-6	5.885192467863171E-5	1.8725612397746454E-5
14	0.0031860291951022893	6.95522746202011E-5	5.350174970784701E-6	5.885192467863171E-5	1.8725612397746454E-5
15	0.003747797567034683	6.95522746202011E-5	5.350174970784701E-6	6.687718713480876E-5	1.8725612397746454E-5
16	0.004274789801656976	7.222736210559346E-5	5.350174970784701E-6	7.222736210559346E-5	1.8725612397746454E-5
17	0.004839233261074762	7.222736210559346E-5	5.350174970784701E-6	8.292771204716286E-5	1.8725612397746454E-5
18	0.005422402332890294	7.222736210559346E-5	5.350174970784701E-6	8.560279953255522E-5	2.1400699883138805E-5
19	0.006002896317220435	7.222736210559346E-5	5.350174970784701E-6	9.362806198873227E-5	2.6750874853923503E-5
20	0.006513838026930373	7.222736210559346E-5	5.350174970784701E-6	9.630314947412461E-5	2.6750874853923503E-5
21	0.0070381551740672735	7.757753707637816E-5	5.350174970784701E-6	1.0432841193030167E-4	2.6750874853923503E-5
22	0.007653425295707514	8.025262456177051E-5	5.350174970784701E-6	1.0700349941569401E-4	2.6750874853923503E-5
23	0.008231244192552263	8.560279953255522E-5	5.350174970784701E-6	1.0700349941569401E-4	2.9425962339315854E-5
24	0.00878766238951387	8.827788701794756E-5	5.350174970784701E-6	1.2037893684265577E-4	2.9425962339315854E-5
25	0.009330705149048518	9.630314947412461E-5	5.350174970784701E-6	1.2037893684265577E-4	2.9425962339315854E-5
26	0.009846997033729241	9.630314947412461E-5	5.350174970784701E-6	1.2572911181344047E-4	2.9425962339315854E-5
27	0.010336538043556042	9.897823695951696E-5	5.350174970784701E-6	1.2572911181344047E-4	3.2101049824708205E-5
28	0.010863530278178334	1.1235367438647872E-4	5.350174970784701E-6	1.3375437426961753E-4	3.745122479549291E-5
29	0.011307594800753466	1.1235367438647872E-4	5.350174970784701E-6	1.3642946175500986E-4	3.745122479549291E-5
30	0.011797135810580265	1.1502876187187106E-4	5.350174970784701E-6	1.3642946175500986E-4	3.745122479549291E-5
31	0.012219799633272257	1.1502876187187106E-4	5.350174970784701E-6	1.3642946175500986E-4	3.745122479549291E-5
32	0.012629088018537286	1.1770384935726342E-4	5.350174970784701E-6	1.4177963672579457E-4	3.745122479549291E-5
33	0.01307582762859781	1.1770384935726342E-4	5.350174970784701E-6	1.4177963672579457E-4	4.0126312280885255E-5
34	0.013495816363804407	1.230540243280481E-4	5.350174970784701E-6	1.4177963672579457E-4	4.0126312280885255E-5
35	0.013856953174332375	1.3642946175500986E-4	5.350174970784701E-6	1.4177963672579457E-4	4.0126312280885255E-5
36	0.014343819096673783	1.4177963672579457E-4	5.350174970784701E-6	1.4177963672579457E-4	4.0126312280885255E-5
37	0.01470495590720175	1.5247998666736398E-4	5.350174970784701E-6	1.4445472421118692E-4	4.0126312280885255E-5
38	0.015050042192817364	1.6050524912354102E-4	5.350174970784701E-6	1.4712981169657927E-4	4.547648725166996E-5
39	0.01537640286603523	1.6318033660893337E-4	5.350174970784701E-6	1.4712981169657927E-4	4.547648725166996E-5
40	0.01577499090135869	1.6585542409432573E-4	5.350174970784701E-6	1.4712981169657927E-4	4.547648725166996E-5
41	0.016176254024167544	1.6585542409432573E-4	5.350174970784701E-6	1.5247998666736398E-4	4.547648725166996E-5
42	0.016529365572239333	1.6585542409432573E-4	5.350174970784701E-6	1.551550741527563E-4	4.547648725166996E-5
43	0.017000180969668387	1.6853051157971808E-4	5.350174970784701E-6	1.551550741527563E-4	4.8151574737062304E-5
44	0.017329216730371647	1.7388068655050276E-4	5.350174970784701E-6	1.6585542409432573E-4	5.082666222245466E-5
45	0.017703728978326574	1.8725612397746454E-4	5.350174970784701E-6	1.7120559906511044E-4	5.082666222245466E-5
46	0.018115692451076998	1.899312114628569E-4	5.350174970784701E-6	1.7388068655050276E-4	5.3501749707847006E-5
47	0.018567782236108304	1.9528138643364157E-4	5.350174970784701E-6	1.7923086152128747E-4	5.3501749707847006E-5
48	0.018971720446402548	1.9795647391903393E-4	5.350174970784701E-6	1.7923086152128747E-4	5.3501749707847006E-5
49	0.019455911281258564	1.9795647391903393E-4	5.350174970784701E-6	1.7923086152128747E-4	5.3501749707847006E-5
50	0.01996150281599772	2.0063156140442628E-4	5.350174970784701E-6	1.8190594900667983E-4	5.3501749707847006E-5
51	0.02046174417576609	2.0330664888981864E-4	5.350174970784701E-6	1.8190594900667983E-4	5.3501749707847006E-5
52	0.02107701429740633	2.220322612875651E-4	5.350174970784701E-6	1.8725612397746454E-4	5.3501749707847006E-5
53	0.021689609331561176	2.3005752374374212E-4	5.350174970784701E-6	1.8725612397746454E-4	5.3501749707847006E-5
54	0.022312904715657594	2.3273261122913448E-4	5.350174970784701E-6	1.9260629894824922E-4	5.3501749707847006E-5
55	0.02296830114957872	2.4075787368531154E-4	5.350174970784701E-6	1.9795647391903393E-4	5.3501749707847006E-5
56	0.02360764705858749	2.4075787368531154E-4	5.350174970784701E-6	2.0063156140442628E-4	5.3501749707847006E-5
57	0.02427641892993558	2.4075787368531154E-4	5.350174970784701E-6	2.0330664888981864E-4	5.3501749707847006E-5
58	0.025191298849939765	2.434329611707039E-4	5.350174970784701E-6	2.0865682386060334E-4	5.3501749707847006E-5
59	0.02624528331918435	2.434329611707039E-4	5.350174970784701E-6	2.1668208631678038E-4	5.3501749707847006E-5
60	0.02757747688690974	2.434329611707039E-4	5.350174970784701E-6	2.2470734877295744E-4	5.3501749707847006E-5
61	0.029166478853232796	2.461080486560962E-4	5.350174970784701E-6	2.2470734877295744E-4	5.617683719323936E-5
62	0.030953437293474887	2.5680839859766564E-4	5.350174970784701E-6	2.2738243625834977E-4	5.885192467863171E-5
63	0.032989178869858464	2.6215857356845035E-4	5.350174970784701E-6	2.2738243625834977E-4	5.885192467863171E-5
64	0.03489651624694321	2.6750874853923506E-4	5.350174970784701E-6	2.3005752374374212E-4	5.885192467863171E-5
65	0.03699378483549081	2.7553401099541207E-4	8.025262456177051E-6	2.380827861999192E-4	6.420209964941641E-5
>>END_MODULE
