##FastQC	0.11.7
>>Basic Statistics	pass
#Measure	Value
Filename	SRR1081765_1.fastq.gz
File type	Conventional base calls
Encoding	Sanger / Illumina 1.9
Total Sequences	22234112
Sequences flagged as poor quality	0
Sequence length	76
%GC	49
>>END_MODULE
>>Per base sequence quality	pass
#Base	Mean	Median	Lower Quartile	Upper Quartile	10th Percentile	90th Percentile
1	32.282161887103925	34.0	31.0	34.0	30.0	34.0
2	32.475616566112464	34.0	31.0	34.0	30.0	34.0
3	32.011994407512205	34.0	31.0	34.0	30.0	34.0
4	35.73335265199707	37.0	35.0	37.0	33.0	37.0
5	35.67865800082324	37.0	35.0	37.0	33.0	37.0
6	35.70489993034127	37.0	35.0	37.0	35.0	37.0
7	35.72216722664705	37.0	35.0	37.0	35.0	37.0
8	35.71446442295514	37.0	36.0	37.0	35.0	37.0
9	37.4698698108564	39.0	38.0	39.0	35.0	39.0
10-11	37.47436124276068	39.0	38.0	39.0	35.0	39.0
12-13	37.420572451915326	39.0	38.0	39.0	35.0	39.0
14-15	38.88911828365352	41.0	39.0	41.0	35.0	41.0
16-17	38.86415504248607	41.0	39.0	41.0	35.0	41.0
18-19	38.851253515319165	41.0	39.0	41.0	35.0	41.0
20-21	38.829558023275226	41.0	39.0	41.0	35.0	41.0
22-23	38.782007979450675	41.0	39.0	41.0	35.0	41.0
24-25	38.73321414860193	41.0	39.0	41.0	34.0	41.0
26-27	38.66271810180681	41.0	39.0	41.0	34.0	41.0
28-29	38.59248102645161	41.0	39.0	41.0	34.0	41.0
30-31	38.5142006121045	41.0	39.0	41.0	34.0	41.0
32-33	38.43268386432523	41.0	38.0	41.0	34.0	41.0
34-35	38.34212587397239	41.0	38.0	41.0	34.0	41.0
36-37	38.25111866397003	41.0	38.0	41.0	33.0	41.0
38-39	38.139750982634254	40.0	38.0	41.0	33.0	41.0
40-41	38.0500436221604	40.0	38.0	41.0	33.0	41.0
42-43	37.95164994671251	40.0	38.0	41.0	33.0	41.0
44-45	37.85269906439259	40.0	38.0	41.0	33.0	41.0
46-47	37.7307399773825	40.0	37.0	41.0	33.0	41.0
48-49	37.60412255276937	40.0	37.0	41.0	32.5	41.0
50-51	37.48098246514185	40.0	37.0	41.0	32.0	41.0
52-53	37.328811580152156	40.0	36.0	41.0	32.0	41.0
54-55	37.153865240941485	40.0	36.0	41.0	32.0	41.0
56-57	36.94042456024329	39.5	35.0	41.0	32.0	41.0
58-59	36.70247194940819	39.0	35.0	41.0	31.0	41.0
60-61	36.43247791951394	39.0	35.0	41.0	31.0	41.0
62-63	36.15778651290414	38.5	35.0	41.0	31.0	41.0
64-65	35.85531365048445	37.5	35.0	41.0	31.0	41.0
66-67	35.54092319945136	37.0	35.0	40.0	30.5	41.0
68-69	35.205281461206994	36.5	35.0	39.5	30.0	41.0
70-71	34.84311750341098	36.0	35.0	39.0	30.0	41.0
72-73	34.461830969458106	35.5	35.0	39.0	30.0	41.0
74-75	34.07187932668505	35.0	34.5	37.5	29.5	40.5
76	33.14876577935741	35.0	33.0	37.0	27.0	39.0
>>END_MODULE
>>Per sequence quality scores	pass
#Quality	Count
2	68142.0
3	29126.0
4	23160.0
5	17784.0
6	15061.0
7	15149.0
8	15443.0
9	16867.0
10	18944.0
11	20995.0
12	23775.0
13	26251.0
14	28719.0
15	30566.0
16	32700.0
17	34417.0
18	36967.0
19	39283.0
20	41874.0
21	45863.0
22	53420.0
23	62857.0
24	75216.0
25	92168.0
26	113108.0
27	136527.0
28	164742.0
29	198360.0
30	240569.0
31	296366.0
32	368811.0
33	470180.0
34	623449.0
35	890342.0
36	1427995.0
37	2523275.0
38	4389522.0
39	6957909.0
40	2568210.0
>>END_MODULE
>>Per base sequence content	fail
#Base	G	A	T	C
1	26.797168128348854	12.604695789719713	15.166092188867475	45.43204389306396
2	21.335548766302917	21.943190075944592	35.61685573801697	21.10440541973552
3	26.629160072586274	23.49687912052722	24.142616629149728	25.73134417773678
4	26.823482098451034	31.273946789078604	18.781163876224653	23.1214072362457
5	27.418430553675943	31.661696619640434	20.884062744872832	20.03581008181079
6	21.6237553306025	33.63588867140278	22.106871368999705	22.633484628995014
7	19.234654056597336	16.132000032923365	40.41544341590907	24.217902494570232
8	21.01097614823209	20.607324409762107	27.681331921199938	30.70036752080587
9	21.772690998393404	20.14486442080275	29.936904740164422	28.145539840639422
10-11	25.7078662420683	29.824417063038894	20.395514250484815	24.07220244440799
12-13	23.13381196653171	23.663762798453842	27.669795049526265	25.532630185488188
14-15	23.714698967875268	24.944194747953468	26.637651496822308	24.703454787348957
16-17	24.59215677604166	25.21134529082524	25.477795898870227	24.718702034262876
18-19	24.51308164626568	25.554075666717534	25.191094410597437	24.741748276419344
20-21	24.331760819734708	25.573265093034436	25.50994828512555	24.585025802105307
22-23	24.485803270905294	25.734616721896124	25.49384978376141	24.28573022343717
24-25	24.479670649267923	25.765504725993164	25.399321792651914	24.355502832087
26-27	24.33663051893224	25.794648869751647	25.472823522373073	24.395897088943038
28-29	24.477750580781937	25.514004103765025	25.457283260772606	24.55096205468043
30-31	24.21829072560151	25.657574387257036	25.532933451348406	24.59120143579305
32-33	24.232253840282674	25.75975737855703	25.590317399313466	24.417671381846827
34-35	24.57243326474621	25.73708145947493	25.301344859773188	24.389140416005674
36-37	24.433327982984316	25.646894641912205	25.372560500044205	24.547216875059274
38-39	24.321031631309424	25.712889404244326	25.561040928219157	24.40503803622709
40-41	24.39135524557534	25.664937035345776	25.51878874782338	24.4249189712555
42-43	24.254347018045916	25.59161059415797	25.653013890454783	24.50102849734133
44-45	24.338946174691365	25.658594430125525	25.615611804296197	24.38684759088691
46-47	24.449208937598993	25.65671017145518	25.433898595104264	24.46018229584156
48-49	24.383016112477307	25.59942204361927	25.52120847077104	24.496353373132383
50-51	24.301569744781382	25.700588342500573	25.5478533419213	24.449988570796748
52-53	24.45367466896019	25.67332532339273	25.429244050235013	24.443755957412066
54-55	24.350966680493165	25.61560884883595	25.514495411267628	24.518929059403256
56-57	24.319068409986958	25.639854719061034	25.609659637377895	24.431417233574116
58-59	24.448994065279432	25.63579649249587	25.444458580639594	24.470750861585103
60-61	24.321075469783516	25.682833245653363	25.56026645474742	24.4358248298157
62-63	24.24952569622334	25.696427995931238	25.697113934132886	24.356932373712535
64-65	24.42484016347376	25.643127720924973	25.560701311981227	24.371330803620044
66-67	24.428739949641326	25.63207079522148	25.499638756288928	24.439550498848263
68-69	24.34328173968374	25.726221114812247	25.564245314547783	24.36625183095623
70-71	24.4775646536806	25.639048079915366	25.539484004733236	24.343903261670796
72-73	24.410185432523036	25.70760094196715	25.57357972571191	24.3086338997979
74-75	24.369592915717718	25.788682955843058	25.571907080774036	24.26981704766519
76	24.543731511870917	25.58617132938872	25.421955888376875	24.44814127036349
>>END_MODULE
>>Per sequence GC content	pass
#GC Content	Count
0	277.0
1	169.5
2	44.0
3	34.5
4	43.0
5	51.0
6	80.5
7	117.5
8	133.0
9	172.5
10	289.0
11	480.0
12	594.0
13	830.0
14	1566.5
15	2925.0
16	5285.0
17	6787.0
18	9443.0
19	16964.5
20	28667.0
21	35504.0
22	45617.5
23	70756.0
24	103983.0
25	122185.0
26	146944.0
27	197675.0
28	252855.5
29	282064.0
30	312591.5
31	373639.0
32	433216.5
33	462274.0
34	492994.5
35	550814.5
36	606337.0
37	634760.0
38	660970.0
39	712873.0
40	757646.0
41	798788.5
42	820851.0
43	829078.5
44	845153.5
45	852041.5
46	851082.0
47	862385.5
48	877072.5
49	882343.0
50	884230.0
51	888019.0
52	886717.0
53	872136.0
54	862646.0
55	850861.5
56	826911.0
57	799154.0
58	783563.0
59	765099.5
60	720722.5
61	662591.5
62	630374.0
63	591156.0
64	510753.5
65	437888.0
66	370602.0
67	334997.0
68	301239.0
69	241381.0
70	189136.5
71	162992.0
72	144205.0
73	111561.0
74	85491.0
75	73278.0
76	65549.0
77	51547.5
78	39287.5
79	33300.0
80	29393.5
81	22308.0
82	16235.0
83	13341.0
84	10429.0
85	5518.0
86	2651.5
87	1784.0
88	1276.5
89	564.5
90	272.5
91	159.5
92	134.0
93	105.5
94	63.0
95	39.0
96	29.0
97	23.5
98	13.0
99	10.5
100	13.0
>>END_MODULE
>>Per base N content	pass
#Base	N-Count
1	0.22576570631649245
2	0.00714217864873578
3	6.971270091650164E-4
4	0.06420314874729424
5	0.06598419581587067
6	0.01262474525629807
7	0.0029819045617832636
8	0.0048798890641551145
9	0.009058153525537696
10-11	0.015898993402569887
12-13	0.017704777235987658
14-15	0.01754736145972459
16-17	0.016755784984801732
18-19	0.02064170586169576
20-21	0.020812614418781374
22-23	0.021278115357159306
24-25	0.022137155736194906
26-27	0.01817927336158062
28-29	0.01487354206005619
30-31	0.013731153283747063
32-33	0.013204934831667665
34-35	0.013587230288306544
36-37	0.00862413574241238
38-39	0.013803114781467323
40-41	0.014691389518951778
42-43	0.010823459016487819
44-45	0.013656942989223047
46-47	0.013474790448118638
48-49	0.012037809290517202
50-51	0.016994157446000094
52-53	0.01530081345277023
54-55	0.0118983838886842
56-57	0.009060402322341454
58-59	0.008898488952470869
60-61	0.007843803251508312
62-63	0.008043946167042786
64-65	0.0069847628724727115
66-67	0.005392614735411965
68-69	0.0038341985504075898
70-71	0.0031078371827937185
72-73	0.00478993719200479
74-75	0.0035081230138626625
76	0.04065824621194676
>>END_MODULE
>>Sequence Length Distribution	pass
#Length	Count
76	2.2234112E7
>>END_MODULE
>>Sequence Duplication Levels	pass
#Total Deduplicated Percentage	83.05856857043138
#Duplication Level	Percentage of deduplicated	Percentage of total
1	89.02690112286102	73.94446971526166
2	7.743882027984124	12.86391512845301
3	1.8116129622186954	4.514099383365715
4	0.6542249748148399	2.1735595972458848
5	0.27775720873324955	1.1535058083751115
6	0.15319104493436242	0.7634297346034065
7	0.08224884438321386	0.4782029896729335
8	0.05177853617084866	0.3440520877618396
9	0.03562549875002318	0.2663102637706155
>10	0.14811286029667795	2.1106344843279676
>50	0.009405965879313857	0.5418106940272971
>100	0.0050446293101301335	0.7285169697577185
>500	1.8577543384045036E-4	0.08984524248141201
>1k	2.854822968574863E-5	0.02764790089548083
>5k	0.0	0.0
>10k+	0.0	0.0
>>END_MODULE
>>Overrepresented sequences	pass
>>END_MODULE
>>Adapter Content	pass
#Position	Illumina Universal Adapter	Illumina Small RNA 3' Adapter	Illumina Small RNA 5' Adapter	Nextera Transposase Sequence	SOLID Small RNA Adapter
1	0.0	0.0	0.0	4.4975936075162345E-6	0.0
2	0.0	0.0	0.0	8.995187215032469E-6	0.0
3	0.0	4.4975936075162345E-6	0.0	8.995187215032469E-6	0.0
4	0.0	4.4975936075162345E-6	0.0	8.995187215032469E-6	0.0
5	0.0	4.4975936075162345E-6	0.0	1.7990374430064938E-5	0.0
6	0.0	4.4975936075162345E-6	0.0	1.7990374430064938E-5	0.0
7	0.0	1.3492780822548704E-5	0.0	2.2487968037581173E-5	0.0
8	0.0	1.3492780822548704E-5	0.0	3.148315525261364E-5	0.0
9	0.0	1.3492780822548704E-5	0.0	3.148315525261364E-5	0.0
10	0.0	2.6985561645097407E-5	4.4975936075162345E-6	3.148315525261364E-5	0.0
11	0.0	3.5980748860129876E-5	4.4975936075162345E-6	3.148315525261364E-5	0.0
12	4.4975936075162345E-6	3.5980748860129876E-5	4.4975936075162345E-6	3.148315525261364E-5	0.0
13	4.4975936075162345E-6	4.4975936075162345E-5	4.4975936075162345E-6	3.148315525261364E-5	0.0
14	4.4975936075162345E-6	6.296631050522728E-5	4.4975936075162345E-6	4.047834246764611E-5	0.0
15	8.995187215032469E-6	6.296631050522728E-5	4.4975936075162345E-6	4.047834246764611E-5	0.0
16	6.296631050522728E-5	6.296631050522728E-5	4.4975936075162345E-6	4.047834246764611E-5	0.0
17	3.5980748860129876E-4	6.296631050522728E-5	4.4975936075162345E-6	4.047834246764611E-5	0.0
18	9.265042831483443E-4	6.296631050522728E-5	4.4975936075162345E-6	4.4975936075162345E-5	4.4975936075162345E-6
19	0.001574157762630682	6.746390411274352E-5	4.4975936075162345E-6	4.4975936075162345E-5	4.4975936075162345E-6
20	0.0022667871781881822	7.196149772025975E-5	4.4975936075162345E-6	4.4975936075162345E-5	8.995187215032469E-6
21	0.002972909374568231	7.196149772025975E-5	4.4975936075162345E-6	4.4975936075162345E-5	8.995187215032469E-6
22	0.0037330026942384745	7.196149772025975E-5	4.4975936075162345E-6	4.4975936075162345E-5	8.995187215032469E-6
23	0.004430129703403491	8.995187215032469E-5	4.4975936075162345E-6	4.4975936075162345E-5	8.995187215032469E-6
24	0.005046300027633215	9.444946575784092E-5	4.4975936075162345E-6	4.4975936075162345E-5	8.995187215032469E-6
25	0.005599504041357712	9.444946575784092E-5	4.4975936075162345E-6	5.3971123290194814E-5	8.995187215032469E-6
26	0.0061706984295122735	9.444946575784092E-5	4.4975936075162345E-6	6.296631050522728E-5	8.995187215032469E-6
27	0.006687921694376641	9.894705936535715E-5	4.4975936075162345E-6	6.296631050522728E-5	8.995187215032469E-6
28	0.007173661803988394	1.034446529728734E-4	4.4975936075162345E-6	6.746390411274352E-5	8.995187215032469E-6
29	0.007708875443282826	1.034446529728734E-4	4.4975936075162345E-6	6.746390411274352E-5	1.3492780822548704E-5
30	0.00807318052549164	1.034446529728734E-4	4.4975936075162345E-6	6.746390411274352E-5	1.3492780822548704E-5
31	0.008495954324598168	1.034446529728734E-4	4.4975936075162345E-6	7.645909132777598E-5	1.3492780822548704E-5
32	0.008864757000414497	1.0794224658038963E-4	4.4975936075162345E-6	8.545427854280846E-5	1.3492780822548704E-5
33	0.009256047644268411	1.0794224658038963E-4	4.4975936075162345E-6	8.995187215032469E-5	1.3492780822548704E-5
34	0.009683319036982453	1.0794224658038963E-4	4.4975936075162345E-6	8.995187215032469E-5	1.3492780822548704E-5
35	0.009962169840648459	1.2593262101045455E-4	4.4975936075162345E-6	8.995187215032469E-5	1.3492780822548704E-5
36	0.010425421982222632	1.304302146179708E-4	4.4975936075162345E-6	8.995187215032469E-5	1.3492780822548704E-5
37	0.010776234283608898	1.3942540183300327E-4	4.4975936075162345E-6	9.444946575784092E-5	1.3492780822548704E-5
38	0.01107307546170497	1.439229954405195E-4	4.4975936075162345E-6	1.034446529728734E-4	1.3492780822548704E-5
39	0.011351926265370975	1.4842058904803574E-4	4.4975936075162345E-6	1.034446529728734E-4	1.3492780822548704E-5
40	0.0116352746626445	1.4842058904803574E-4	4.4975936075162345E-6	1.1243984018790586E-4	1.7990374430064938E-5
41	0.011981589370423248	1.4842058904803574E-4	4.4975936075162345E-6	1.1693743379542209E-4	1.7990374430064938E-5
42	0.01227843054851932	1.4842058904803574E-4	4.4975936075162345E-6	1.1693743379542209E-4	2.2487968037581173E-5
43	0.012588764507437941	1.5291818265555197E-4	4.4975936075162345E-6	1.1693743379542209E-4	2.2487968037581173E-5
44	0.012890103279141528	1.664109634781007E-4	4.4975936075162345E-6	1.2143502740293834E-4	2.2487968037581173E-5
45	0.013195939644452632	1.664109634781007E-4	4.4975936075162345E-6	1.2143502740293834E-4	2.2487968037581173E-5
46	0.01349727841615622	1.664109634781007E-4	4.4975936075162345E-6	1.2143502740293834E-4	2.2487968037581173E-5
47	0.013780626813429743	1.7090855708561692E-4	4.4975936075162345E-6	1.2143502740293834E-4	2.2487968037581173E-5
48	0.014005506493805555	1.7540615069313315E-4	4.4975936075162345E-6	1.304302146179708E-4	2.2487968037581173E-5
49	0.014306845265509143	1.7540615069313315E-4	4.4975936075162345E-6	1.304302146179708E-4	2.2487968037581173E-5
50	0.014585696069175149	1.844013379081656E-4	4.4975936075162345E-6	1.3492780822548704E-4	2.2487968037581173E-5
51	0.014936508370561414	1.844013379081656E-4	4.4975936075162345E-6	1.3942540183300327E-4	2.2487968037581173E-5
52	0.015273827891125132	1.844013379081656E-4	4.4975936075162345E-6	1.439229954405195E-4	3.5980748860129876E-5
53	0.015656123347764013	1.844013379081656E-4	4.4975936075162345E-6	1.439229954405195E-4	3.5980748860129876E-5
54	0.016056409178832956	1.844013379081656E-4	4.4975936075162345E-6	1.439229954405195E-4	3.5980748860129876E-5
55	0.016416216667434255	1.844013379081656E-4	4.4975936075162345E-6	1.439229954405195E-4	3.5980748860129876E-5
56	0.016856980840970846	1.844013379081656E-4	4.4975936075162345E-6	1.4842058904803574E-4	3.5980748860129876E-5
57	0.017266261859254825	2.1138689955326303E-4	4.4975936075162345E-6	1.5291818265555197E-4	3.5980748860129876E-5
58	0.01776099715608161	2.203820867682955E-4	4.4975936075162345E-6	1.5291818265555197E-4	3.5980748860129876E-5
59	0.01833219154423617	2.3837246119836044E-4	4.4975936075162345E-6	1.6191336987058443E-4	3.5980748860129876E-5
60	0.019056304115046285	2.3837246119836044E-4	4.4975936075162345E-6	1.664109634781007E-4	3.5980748860129876E-5
61	0.019838885402754112	2.4287005480587667E-4	4.4975936075162345E-6	1.664109634781007E-4	3.5980748860129876E-5
62	0.020729408937042323	2.518652420209091E-4	4.4975936075162345E-6	1.7540615069313315E-4	3.5980748860129876E-5
63	0.02182232418366877	2.563628356284254E-4	4.4975936075162345E-6	1.7990374430064938E-4	3.5980748860129876E-5
64	0.022964712959977894	2.563628356284254E-4	4.4975936075162345E-6	1.7990374430064938E-4	3.5980748860129876E-5
65	0.024242029544512503	2.698556164509741E-4	8.995187215032469E-6	1.844013379081656E-4	4.4975936075162345E-5
>>END_MODULE
