##FastQC	0.11.7
>>Basic Statistics	pass
#Measure	Value
Filename	SRR815711_2_val_2.fq.gz
File type	Conventional base calls
Encoding	Sanger / Illumina 1.9
Total Sequences	53114124
Sequences flagged as poor quality	0
Sequence length	20-76
%GC	49
>>END_MODULE
>>Per base sequence quality	pass
#Base	Mean	Median	Lower Quartile	Upper Quartile	10th Percentile	90th Percentile
1	31.000409890973632	31.0	31.0	34.0	27.0	34.0
2	31.145422938727183	31.0	31.0	34.0	27.0	34.0
3	31.259283218151165	31.0	31.0	34.0	27.0	34.0
4	34.8084064796023	37.0	35.0	37.0	31.0	37.0
5	34.79630431257795	37.0	35.0	37.0	31.0	37.0
6	34.79350236483238	37.0	35.0	37.0	31.0	37.0
7	34.7847532983882	37.0	35.0	37.0	31.0	37.0
8	34.7906229235749	37.0	35.0	37.0	31.0	37.0
9	36.28461589614092	39.0	35.0	39.0	31.0	39.0
10-11	36.33062006256566	39.0	35.0	39.0	31.0	39.0
12-13	36.24136463212685	39.0	35.0	39.0	30.0	39.0
14-15	37.3840299710111	40.0	36.0	41.0	31.0	41.0
16-17	37.34619770816516	40.0	36.0	41.0	31.0	41.0
18-19	37.32029821295744	40.0	36.0	41.0	31.0	41.0
20-21	37.26973465056399	40.0	36.0	41.0	31.0	41.0
22-23	37.16844844807565	39.5	36.0	41.0	30.0	41.0
24-25	37.09109568866202	39.0	36.0	41.0	30.0	41.0
26-27	36.90179591791723	39.0	36.0	41.0	30.0	41.0
28-29	36.84300749372463	39.0	36.0	41.0	30.0	41.0
30-31	36.76920761230481	39.0	35.5	41.0	30.0	41.0
32-33	36.68079872008276	39.0	35.0	41.0	30.0	41.0
34-35	36.60132234051356	39.0	35.0	40.0	30.0	41.0
36-37	36.54055928763006	39.0	35.0	40.0	30.0	41.0
38-39	36.47342562167551	39.0	35.0	40.0	30.0	41.0
40-41	36.446221200684626	39.0	35.0	40.0	29.0	41.0
42-43	36.4518285052917	39.0	35.0	40.0	29.0	41.0
44-45	36.47295489189888	39.0	35.0	40.0	29.0	41.0
46-47	36.40390854738278	38.5	35.0	40.0	29.0	41.0
48-49	36.34023745117287	38.0	34.5	40.0	29.0	41.0
50-51	35.47273619845412	37.5	33.5	39.5	28.0	40.5
52-53	35.59791810275319	38.0	33.5	39.5	28.0	40.5
54-55	36.036235343963746	38.0	34.0	40.0	29.0	41.0
56-57	35.96593277991366	38.0	34.0	40.0	29.0	41.0
58-59	35.77660608741844	37.5	34.0	40.0	28.0	41.0
60-61	35.53566761196707	37.0	34.0	40.0	28.0	41.0
62-63	35.273007334564	36.5	33.0	39.5	28.0	41.0
64-65	35.02217183263102	36.0	33.0	39.0	28.0	41.0
66-67	34.754281473967815	35.5	33.0	39.0	28.0	40.5
68-69	34.49689729392942	35.0	33.0	38.5	28.0	40.0
70-71	34.288054103129156	35.0	33.0	37.5	28.0	40.0
72-73	34.14296300685298	35.0	33.0	37.0	28.5	39.0
74-75	34.12357826274928	35.0	33.0	36.5	29.0	39.0
76	32.972716416698624	34.0	31.0	35.0	27.0	37.0
>>END_MODULE
>>Per sequence quality scores	pass
#Quality	Count
14	1.0
15	4.0
16	16.0
17	33.0
18	137.0
19	4563.0
20	65973.0
21	169869.0
22	299701.0
23	432034.0
24	564664.0
25	697993.0
26	830240.0
27	963848.0
28	1107024.0
29	1273369.0
30	1475727.0
31	1724820.0
32	2040998.0
33	2476933.0
34	3086687.0
35	3949038.0
36	5250549.0
37	7177132.0
38	9351177.0
39	9308451.0
40	863143.0
>>END_MODULE
>>Per base sequence content	fail
#Base	G	A	T	C
1	31.736488606555536	11.720882577512185	15.822174956029421	40.72045385990286
2	24.481274069120825	21.030947627830077	30.75313161483622	23.734646688212877
3	28.406659703724856	23.18347040346134	22.12178999450645	26.288079898307355
4	28.485076024106704	29.673944168840116	18.672244370808937	23.16873543624424
5	28.183029844020663	30.564640577902956	20.816992940980633	20.43533663709575
6	22.83627320650885	33.17506773659467	21.110163741761863	22.878495315134618
7	20.061709712624143	16.65145920895928	38.7815570123394	24.505274066077178
8	22.297495806235347	21.670571859745024	26.25775095221089	29.774181381808738
9	22.35082100463571	20.726874991221603	28.82852673815931	28.093777265983377
10-11	26.228749986738077	29.077988099035174	20.25883244299663	24.434429471230118
12-13	23.919082182566083	22.926095490866906	26.921266878495544	26.23355544807147
14-15	24.162439043682305	24.627715043171793	26.325673260533744	24.884172652612154
16-17	24.828165645495407	24.802058576122395	25.226920722756496	25.142855055625702
18-19	24.73254976225971	24.98824306367587	25.13648754585652	25.1427196282079
20-21	24.603431837333726	25.184898891100133	25.35043243591439	24.861236835651752
22-23	24.800700413556616	25.31201049695988	25.06114272377818	24.826146365705323
24-25	24.74118795792811	25.25834483778615	25.043993023170845	24.956474181114892
26-27	24.755172490683194	25.486636250002427	24.955975876551893	24.802215382762487
28-29	24.831853547678246	25.139790696868847	25.007371832459608	25.020983922993302
30-31	24.38621274196641	25.23928158605337	25.34488372757081	25.029621944409413
32-33	24.434596263556646	25.323324915695554	25.27063651383327	24.97144230691453
34-35	24.811689868735478	25.238272876011724	24.989067545539285	24.960969709713513
36-37	24.71803733248066	25.275096372078544	25.151476242028863	24.855390053411934
38-39	24.392323851421335	25.3866675648679	25.154448108600207	25.066560475110556
40-41	24.638477266095553	25.19483325539756	25.11389495265528	25.052794525851606
42-43	24.457299252538036	25.21184784794742	25.362666207616197	24.968186691898346
44-45	24.35923642055732	25.388675353102307	25.429612181893447	24.822476044446923
46-47	24.63719197243515	25.215807655525342	25.27366232179231	24.873338050247195
48-49	24.415268079581576	25.239571812787865	25.37616432220553	24.968995785425026
50-51	24.480107519635823	25.341583742969632	25.392268839991804	24.78603989740274
52-53	24.40888648980513	25.370978832298313	25.304297433561434	24.915837244335123
54-55	24.34560980572429	25.35089041266194	25.400018688679744	24.903481092934022
56-57	24.319974999539866	25.335113756737044	25.457399304838063	24.887511938885027
58-59	24.384431454417822	25.326276589140377	25.347060609630113	24.942231346811692
60-61	24.31305022219859	25.32297268642369	25.44229697300787	24.921680118369853
62-63	24.069682030312485	25.437836754038944	25.68340032767045	24.809080887978112
64-65	24.235557841228314	25.396938950475523	25.51812502808425	24.849378180211914
66-67	24.104532367027744	25.40903326036366	25.535545559804756	24.950888812803836
68-69	24.04374886019785	25.51561406032665	25.57050738641373	24.870129693061767
70-71	24.086510700802958	25.508336949838373	25.518312841816503	24.886839507542163
72-73	23.82275439386009	25.394957632082022	25.75947025252082	25.022817721537066
74-75	24.133760653748954	22.009768896527852	27.457014963144964	26.399455486578233
76	25.494327305719494	0.0	37.27284175471026	37.23283093957025
>>END_MODULE
>>Per sequence GC content	pass
#GC Content	Count
0	3104.0
1	2704.5
2	2309.5
3	2311.0
4	2367.0
5	2612.5
6	3075.0
7	3550.0
8	3991.5
9	4650.5
10	5499.0
11	6430.0
12	7297.5
13	8384.0
14	9986.0
15	12017.5
16	14508.5
17	17166.0
18	21970.5
19	29944.5
20	40024.0
21	49764.0
22	65833.5
23	94708.0
24	125328.0
25	150769.0
26	194475.0
27	261572.0
28	329646.0
29	385763.5
30	472159.5
31	589901.0
32	711443.5
33	806157.5
34	890398.0
35	1015976.5
36	1129659.0
37	1217249.5
38	1326248.5
39	1535152.5
40	1743824.0
41	1961695.5
42	2164338.5
43	2302980.0
44	2412942.0
45	2446729.0
46	2470027.0
47	2530717.0
48	2596615.0
49	2606973.5
50	2610495.0
51	2670061.5
52	2693598.5
53	2646329.5
54	2613408.5
55	2588952.0
56	2498552.5
57	2318496.0
58	2185731.0
59	2060936.0
60	1918717.5
61	1732281.0
62	1560750.5
63	1428204.0
64	1242329.5
65	1083560.5
66	929306.5
67	820833.5
68	740945.0
69	627190.5
70	507127.0
71	425197.5
72	366962.5
73	296918.5
74	234397.0
75	194107.5
76	164510.0
77	130636.5
78	101835.5
79	83422.5
80	69246.0
81	54889.5
82	43786.0
83	34418.0
84	26269.5
85	19430.5
86	14753.5
87	11944.5
88	9262.5
89	6763.5
90	5298.0
91	4374.0
92	3893.5
93	2989.0
94	1840.0
95	1176.0
96	863.5
97	810.0
98	505.0
99	192.0
100	182.0
>>END_MODULE
>>Per base N content	pass
#Base	N-Count
1	0.02178328310563872
2	0.013514296122063504
3	0.015472344041671476
4	0.015820650642755587
5	0.016971003795525273
6	0.0040271774038860165
7	0.0017490639589575082
8	0.0036525124654225682
9	0.0014723014164744579
10-11	0.002898475742535074
12-13	0.004490331046408673
14-15	0.004560933735817614
16-17	0.00390291667052628
18-19	0.0035028347638756123
20-21	0.003472136976566522
22-23	0.0024966177526084586
24-25	0.0024195778064419384
26-27	0.032252284842101006
28-29	0.008561481514346353
30-31	0.004073885105680249
32-33	0.001914051704281546
34-35	0.0012960423213116989
36-37	0.0022732326652579586
38-39	0.002811280578245082
40-41	0.002128845797001738
42-43	0.0026393095774740597
44-45	0.0045328301875679124
46-47	0.006700364520048603
48-49	0.003705528210021378
50-51	0.0032037110786199805
52-53	0.0012977912359460311
54-55	0.0018879587479731924
56-57	0.0033146450910596275
58-59	8.04850760920733E-4
60-61	7.22323405858505E-4
62-63	0.0011849216395816097
64-65	7.046359887488186E-4
66-67	6.379761694634833E-4
68-69	0.0014367394776831238
70-71	4.4269656166894976E-4
72-73	1.742705523810933E-4
74-75	1.168704423595329E-6
76	0.0
>>END_MODULE
>>Sequence Length Distribution	warn
#Length	Count
20-21	81087.0
22-23	87211.0
24-25	95913.0
26-27	103705.0
28-29	112762.0
30-31	121427.0
32-33	127444.0
34-35	133575.0
36-37	139318.0
38-39	144595.0
40-41	152792.0
42-43	159981.0
44-45	171416.0
46-47	185936.0
48-49	198023.0
50-51	165532.0
52-53	168086.0
54-55	204419.0
56-57	237433.0
58-59	271399.0
60-61	304218.0
62-63	337487.0
64-65	393023.0
66-67	471480.0
68-69	587167.0
70-71	839834.0
72-73	2270531.0
74-75	1.5633729E7
76-77	2.9214601E7
>>END_MODULE
>>Sequence Duplication Levels	warn
#Total Deduplicated Percentage	66.35622461768223
#Duplication Level	Percentage of deduplicated	Percentage of total
1	87.79552339952116	58.25779471125602
2	7.534215185065424	9.99884150276307
3	2.1092570718398482	4.19887008106319
4	0.9370649714143118	2.4872037489812016
5	0.4701751396101259	1.5599523586809807
6	0.2891893097945257	1.1513706478654822
7	0.180329669383454	0.8376197232788593
8	0.13018719098431258	0.6910984389840111
9	0.08596928063904474	0.5134137206674512
>10	0.400365848603024	4.563078602765615
>50	0.02574485231609908	1.193796873101848
>100	0.02920150059959947	4.302810996093996
>500	0.007388472198335079	3.4586778147746653
>1k	0.005293373356814537	6.3763390117395655
>5k	9.473467418993365E-5	0.40913176798398077
>10k+	0.0	0.0
>>END_MODULE
>>Overrepresented sequences	pass
>>END_MODULE
>>Adapter Content	pass
#Position	Illumina Universal Adapter	Illumina Small RNA 3' Adapter	Illumina Small RNA 5' Adapter	Nextera Transposase Sequence	SOLID Small RNA Adapter
1	0.0	1.8827383842384371E-6	0.0	1.8827383842384371E-6	0.0
2	0.0	1.5061907073907497E-5	0.0	1.6944645458145935E-5	3.7654767684768743E-6
3	0.0	1.5061907073907497E-5	0.0	1.6944645458145935E-5	9.413691921192186E-6
4	0.0	1.5061907073907497E-5	0.0	2.0710122226622808E-5	9.413691921192186E-6
5	0.0	1.6944645458145935E-5	0.0	2.0710122226622808E-5	1.1296430305430624E-5
6	0.0	1.6944645458145935E-5	0.0	2.0710122226622808E-5	1.5061907073907497E-5
7	0.0	2.8241075763576558E-5	0.0	2.2592860610861248E-5	2.0710122226622808E-5
8	0.0	3.2006552532053434E-5	0.0	2.8241075763576558E-5	2.0710122226622808E-5
9	0.0	3.388929091629187E-5	0.0	3.0123814147814994E-5	2.2592860610861248E-5
10	0.0	3.953750606900718E-5	0.0	3.0123814147814994E-5	2.2592860610861248E-5
11	0.0	4.1420244453245616E-5	0.0	3.0123814147814994E-5	2.2592860610861248E-5
12	0.0	4.1420244453245616E-5	0.0	3.2006552532053434E-5	2.4475598995099685E-5
13	0.0	4.1420244453245616E-5	0.0	3.765476768476874E-5	2.4475598995099685E-5
14	0.0	4.1420244453245616E-5	0.0	3.765476768476874E-5	2.4475598995099685E-5
15	0.0	4.5185721221722496E-5	0.0	5.0833936374437806E-5	2.635833737933812E-5
16	0.0	4.5185721221722496E-5	0.0	5.836488991139155E-5	2.635833737933812E-5
17	0.0	4.895119799019937E-5	0.0	6.024762829562999E-5	2.8241075763576558E-5
18	0.0	4.895119799019937E-5	0.0	6.024762829562999E-5	3.0123814147814994E-5
19	0.0	5.0833936374437806E-5	0.0	6.966132021682217E-5	3.0123814147814994E-5
20	0.0	5.0833936374437806E-5	0.0	7.154405860106061E-5	3.388929091629187E-5
21	0.0	5.459941314291468E-5	0.0	7.154405860106061E-5	3.388929091629187E-5
22	0.0	5.459941314291468E-5	0.0	7.530953536953749E-5	3.388929091629187E-5
23	0.0	5.6482151527153115E-5	0.0	7.907501213801436E-5	3.577202930053031E-5
24	0.0	5.6482151527153115E-5	0.0	7.907501213801436E-5	3.765476768476874E-5
25	0.0	5.6482151527153115E-5	0.0	7.907501213801436E-5	3.953750606900718E-5
26	0.0	5.6482151527153115E-5	0.0	8.284048890649123E-5	3.953750606900718E-5
27	0.0	5.836488991139155E-5	0.0	8.284048890649123E-5	4.1420244453245616E-5
28	0.0	5.836488991139155E-5	0.0	8.284048890649123E-5	4.1420244453245616E-5
29	0.0	5.836488991139155E-5	0.0	8.66059656749681E-5	4.330298283748405E-5
30	0.0	5.836488991139155E-5	0.0	8.66059656749681E-5	4.706845960596093E-5
31	0.0	6.024762829562999E-5	0.0	8.848870405920655E-5	4.706845960596093E-5
32	0.0	6.024762829562999E-5	0.0	9.037144244344499E-5	4.895119799019937E-5
33	0.0	6.024762829562999E-5	0.0	9.413691921192187E-5	5.0833936374437806E-5
34	0.0	6.213036667986842E-5	0.0	9.413691921192187E-5	5.0833936374437806E-5
35	0.0	6.213036667986842E-5	0.0	9.790239598039874E-5	5.459941314291468E-5
36	0.0	6.58958434483453E-5	0.0	9.978513436463717E-5	5.459941314291468E-5
37	0.0	6.966132021682217E-5	0.0	9.978513436463717E-5	5.459941314291468E-5
38	0.0	7.342679698529906E-5	0.0	1.0355061113311404E-4	5.459941314291468E-5
39	0.0	7.342679698529906E-5	0.0	1.0355061113311404E-4	5.459941314291468E-5
40	0.0	7.342679698529906E-5	0.0	1.0355061113311404E-4	5.459941314291468E-5
41	0.0	7.342679698529906E-5	0.0	1.0355061113311404E-4	5.6482151527153115E-5
42	0.0	7.342679698529906E-5	0.0	1.0919882628582936E-4	5.6482151527153115E-5
43	0.0	7.342679698529906E-5	0.0	1.0919882628582936E-4	5.6482151527153115E-5
44	0.0	7.342679698529906E-5	0.0	1.110815646700678E-4	5.6482151527153115E-5
45	0.0	7.530953536953749E-5	0.0	1.1296430305430623E-4	5.836488991139155E-5
46	0.0	7.530953536953749E-5	0.0	1.1484704143854467E-4	5.836488991139155E-5
47	0.0	7.907501213801436E-5	0.0	1.167297798227831E-4	5.836488991139155E-5
48	0.0	8.09577505222528E-5	0.0	1.1861251820702155E-4	5.836488991139155E-5
49	0.0	8.09577505222528E-5	0.0	1.223779949754984E-4	5.836488991139155E-5
50	0.0	8.09577505222528E-5	0.0	1.2426073335973685E-4	6.401310506410687E-5
51	0.0	8.09577505222528E-5	0.0	1.261434717439753E-4	6.401310506410687E-5
52	0.0	8.09577505222528E-5	0.0	1.2802621012821374E-4	6.777858183258374E-5
53	0.0	8.66059656749681E-5	0.0	1.2990894851245218E-4	6.777858183258374E-5
54	0.0	9.037144244344499E-5	0.0	1.317916868966906E-4	6.777858183258374E-5
55	0.0	9.60196575961603E-5	0.0	1.3367442528092904E-4	6.777858183258374E-5
56	0.0	9.60196575961603E-5	0.0	1.3555716366516748E-4	7.154405860106061E-5
57	0.0	9.978513436463717E-5	0.0	1.3743990204940592E-4	7.154405860106061E-5
58	0.0	1.0166787274887561E-4	0.0	1.3932264043364434E-4	7.342679698529906E-5
59	0.0	1.0166787274887561E-4	0.0	1.4685359397059811E-4	7.342679698529906E-5
60	0.0	1.0355061113311404E-4	0.0	1.4685359397059811E-4	7.907501213801436E-5
61	0.0	1.0355061113311404E-4	0.0	1.5061907073907497E-4	7.907501213801436E-5
62	0.0	1.110815646700678E-4	0.0	1.5626728589179028E-4	8.09577505222528E-5
63	0.0	1.1484704143854467E-4	0.0	1.5815002427602872E-4	8.09577505222528E-5
64	0.0	1.1484704143854467E-4	0.0	1.6379823942874405E-4	8.09577505222528E-5
65	0.0	1.167297798227831E-4	0.0	1.6568097781298247E-4	8.284048890649123E-5
>>END_MODULE
