##FastQC	0.11.7
>>Basic Statistics	pass
#Measure	Value
Filename	SRR1084917_2.fastq.gz
File type	Conventional base calls
Encoding	Sanger / Illumina 1.9
Total Sequences	28078690
Sequences flagged as poor quality	0
Sequence length	76
%GC	49
>>END_MODULE
>>Per base sequence quality	pass
#Base	Mean	Median	Lower Quartile	Upper Quartile	10th Percentile	90th Percentile
1	31.445913217461356	34.0	31.0	34.0	28.0	34.0
2	31.59086634739726	34.0	31.0	34.0	28.0	34.0
3	31.644205587938753	34.0	31.0	34.0	28.0	34.0
4	34.90535719437054	37.0	35.0	37.0	32.0	37.0
5	34.8820204218929	37.0	35.0	37.0	32.0	37.0
6	34.85611953406658	37.0	35.0	37.0	32.0	37.0
7	34.81596014628887	37.0	35.0	37.0	32.0	37.0
8	34.818736379795496	37.0	35.0	37.0	32.0	37.0
9	36.345480184438806	39.0	38.0	39.0	32.0	39.0
10-11	36.460337020708586	39.0	38.0	39.0	32.0	39.0
12-13	36.453287742412485	39.0	38.0	39.0	32.0	39.0
14-15	37.84924720490878	41.0	39.0	41.0	32.5	41.0
16-17	37.6987493896617	41.0	39.0	41.0	32.0	41.0
18-19	37.74914775226337	41.0	38.5	41.0	32.0	41.0
20-21	37.803944058643765	41.0	39.0	41.0	32.0	41.0
22-23	37.762236147769	41.0	39.0	41.0	32.0	41.0
24-25	37.71466078011474	41.0	39.0	41.0	32.0	41.0
26-27	37.62481274945519	41.0	39.0	41.0	32.0	41.0
28-29	37.568150490638985	41.0	39.0	41.0	32.0	41.0
30-31	37.48087019016913	41.0	38.0	41.0	31.0	41.0
32-33	37.41669655884944	41.0	38.0	41.0	31.0	41.0
34-35	37.32347244476149	41.0	38.0	41.0	31.0	41.0
36-37	37.217799174391686	41.0	38.0	41.0	30.5	41.0
38-39	36.84116965570687	41.0	38.0	41.0	30.0	41.0
40-41	36.73650077692371	40.0	37.5	41.0	30.0	41.0
42-43	36.803099539187905	40.0	37.0	41.0	30.0	41.0
44-45	36.654653938627476	40.0	37.0	41.0	30.0	41.0
46-47	36.48432051139138	40.0	37.0	41.0	30.0	41.0
48-49	36.33968185481588	40.0	36.0	41.0	30.0	41.0
50-51	36.1561168273876	40.0	35.5	41.0	29.0	41.0
52-53	35.952446054285296	40.0	35.0	41.0	29.0	41.0
54-55	35.755075201157894	39.5	35.0	41.0	28.0	41.0
56-57	35.51565479016293	39.0	35.0	41.0	28.0	41.0
58-59	35.250364814028	39.0	35.0	41.0	28.0	41.0
60-61	34.9647239953146	38.0	35.0	41.0	27.0	41.0
62-63	34.64822999221117	37.5	35.0	40.5	26.5	41.0
64-65	34.339620936731734	37.0	35.0	40.0	26.0	41.0
66-67	34.017150248106304	36.5	34.0	40.0	26.0	41.0
68-69	33.672163872317405	36.0	34.0	39.0	26.0	41.0
70-71	33.30020570760246	35.0	34.0	39.0	25.0	41.0
72-73	32.931996115203376	35.0	34.0	38.5	24.0	40.5
74-75	32.491130551318456	35.0	34.0	37.0	21.5	40.0
76	28.466428312716868	35.0	29.0	36.0	2.0	39.0
>>END_MODULE
>>Per sequence quality scores	pass
#Quality	Count
2	659980.0
3	80749.0
4	61890.0
5	46309.0
6	40245.0
7	38565.0
8	39056.0
9	41166.0
10	43178.0
11	45091.0
12	52227.0
13	53026.0
14	54774.0
15	56599.0
16	58040.0
17	60915.0
18	62980.0
19	66100.0
20	73500.0
21	82466.0
22	86227.0
23	98054.0
24	114163.0
25	135965.0
26	167433.0
27	203961.0
28	229494.0
29	242141.0
30	282017.0
31	344687.0
32	425233.0
33	545724.0
34	747457.0
35	1109292.0
36	1840744.0
37	3347292.0
38	5677801.0
39	8256821.0
40	2507328.0
>>END_MODULE
>>Per base sequence content	fail
#Base	G	A	T	C
1	26.537840498945116	13.004291883819272	16.87852116732239	43.57934644991323
2	22.97314876587964	21.6812323108629	34.71977877965769	20.62584014359977
3	26.94008549475454	24.162023546716604	24.308083094350703	24.589807864178148
4	26.579847641016663	31.43754365091477	18.72451960121292	23.258089106855653
5	27.245698009358904	31.703713222040186	20.446503974500377	20.604084794100537
6	21.525232270560597	32.96584646165901	21.332883045067373	24.176038222713025
7	19.28346144010297	14.973918594796126	40.34060281059644	25.40201715450447
8	21.16873840446926	20.358989683315528	26.394690387830817	32.0775815243844
9	21.28795512862451	20.194064194632126	29.689070624046327	28.828910052697033
10-11	25.86821047082645	29.387504477087273	20.090538716123074	24.6537463359632
12-13	23.24568267795698	22.96908801791861	27.64800617666472	26.137223127459684
14-15	23.798890505246987	24.564035671799147	26.527354014651294	25.10971980830257
16-17	24.715144519548353	24.83820255096846	25.353929438747798	25.09272349073539
18-19	24.66073291299134	25.240490815998374	25.016764198931746	25.082012072078534
20-21	24.64968174012646	25.332884766411002	25.206976995820852	24.810456497641688
22-23	24.7059056549131	25.5001605054521	25.235880561103507	24.558053278531293
24-25	24.63226827225769	25.609112440734656	25.227941223322954	24.5306780636847
26-27	24.49229251339885	25.57062685502509	25.306207979532118	24.63087265204393
28-29	24.620566930504157	25.340142052016624	25.238006633869954	24.801284383609264
30-31	24.332077471007242	25.493803639503295	25.442059970993864	24.732058918495607
32-33	24.385794380168193	25.57186421104044	25.3668537357511	24.675487673040273
34-35	24.8540283270475	25.54715842749883	24.990358618695318	24.60845462675835
36-37	24.655288392475196	25.458839572516144	25.184614777538233	24.70125725747042
38-39	24.460931901303002	25.4196630665042	25.424598487676995	24.694806544515803
40-41	24.709896549528914	25.387820102101905	25.251838712253914	24.650444636115264
42-43	24.454351745814463	25.46150584156767	25.44359864220937	24.64054377040849
44-45	24.57366241944069	25.483968184579027	25.420323346908706	24.522046049071577
46-47	24.67995049171683	25.37878018488121	25.246462066788034	24.69480725661392
48-49	24.512016425492618	25.369342909853586	25.29912418570578	24.819516478948017
50-51	24.566981611988712	25.454582351631327	25.30231232561922	24.67612371076074
52-53	24.619028206541387	25.50586963037869	25.219193336566082	24.655908826513844
54-55	24.48508875261438	25.477099178787636	25.31899608494227	24.718815983655716
56-57	24.52003196336357	25.388606820223984	25.426252630869033	24.665108585543415
58-59	24.609133621246364	25.4753834500822	25.274193001637347	24.64128992703409
60-61	24.500782362885168	25.508245209809438	25.34852716466615	24.64244526263924
62-63	24.42124444899697	25.620017150901685	25.453210651078017	24.505527749023333
64-65	24.5823142091061	25.560043981942155	25.31185558002167	24.545786228930076
66-67	24.52040729730756	25.58412825067233	25.270542113864046	24.62492233815607
68-69	24.588288874734694	25.60242808919298	25.298842041757275	24.510440994315058
70-71	24.633327532503237	25.4982878278452	25.308188937155435	24.560195702496127
72-73	24.569899986303646	25.59527383248034	25.30623636661357	24.528589814602437
74-75	24.633202194639455	25.647092342376038	25.316016637343218	24.40368882564129
76	24.6963570653263	25.407558613157775	25.305741637921997	24.590342683593924
>>END_MODULE
>>Per sequence GC content	pass
#GC Content	Count
0	1775.0
1	1464.5
2	1069.5
3	989.5
4	994.0
5	922.5
6	840.0
7	880.0
8	931.0
9	1091.5
10	1485.5
11	2133.0
12	2547.0
13	3087.5
14	4498.5
15	6779.5
16	10197.0
17	12204.0
18	15893.5
19	25040.5
20	38693.0
21	46888.0
22	59158.0
23	87830.5
24	124854.5
25	145476.0
26	172523.0
27	229149.5
28	292067.0
29	325405.0
30	362202.0
31	434056.5
32	512118.0
33	555122.0
34	595134.0
35	667366.5
36	736504.5
37	773422.0
38	811046.0
39	885142.0
40	948075.0
41	1003087.0
42	1031638.0
43	1050730.5
44	1083826.5
45	1104207.0
46	1110584.0
47	1118479.5
48	1125906.5
49	1123409.0
50	1121380.0
51	1121616.0
52	1102281.0
53	1072306.0
54	1061902.0
55	1052955.0
56	1037746.0
57	1014453.5
58	997423.0
59	968938.5
60	914210.5
61	852253.0
62	816539.0
63	775099.0
64	687301.0
65	597035.0
66	504605.5
67	456084.0
68	413103.0
69	332403.0
70	261326.5
71	227969.0
72	201560.5
73	152523.0
74	113855.0
75	97816.0
76	84332.5
77	60699.5
78	42341.5
79	34133.0
80	28533.5
81	18567.5
82	11071.5
83	7942.0
84	6019.5
85	3141.0
86	1708.5
87	1232.0
88	996.5
89	657.0
90	467.0
91	327.0
92	273.0
93	247.0
94	203.5
95	173.5
96	161.0
97	171.5
98	202.5
99	272.0
100	321.0
>>END_MODULE
>>Per base N content	warn
#Base	N-Count
1	0.29497458748965855
2	0.29199367919229846
3	0.22580825529965962
4	0.23236482898596764
5	0.22290925965563207
6	0.3335412015304133
7	0.3429718409227781
8	0.30516024786056617
9	0.21853939767133013
10-11	0.2273040515779048
12-13	0.2725287397667056
14-15	0.20979967370272617
16-17	0.18980408274032728
18-19	0.1814774834580958
20-21	0.23690207769664468
22-23	0.20597470893407066
24-25	0.23207457327959388
26-27	0.1850032889711023
28-29	0.1736067458987581
30-31	0.178569584264793
32-33	0.21585586791976405
34-35	0.21881006556929827
36-37	0.22432848541010997
38-39	0.8876892048738741
40-41	0.2535054163851661
42-43	0.2606745542616126
44-45	0.24977660994868353
46-47	0.14586684777673034
48-49	0.14707416905845677
50-51	0.1425048675703888
52-53	0.14093784289794148
54-55	0.1425387010576348
56-57	0.14143644165735653
58-59	0.1392105543385393
60-61	0.1410019484527234
62-63	0.14428735813529764
64-65	0.14213626063039267
66-67	0.14125837067185115
68-69	0.14486252741848
70-71	0.14103043981040425
72-73	0.13668906918378315
74-75	0.13631512011422184
76	10.570101382934888
>>END_MODULE
>>Sequence Length Distribution	pass
#Length	Count
76	2.807869E7
>>END_MODULE
>>Sequence Duplication Levels	pass
#Total Deduplicated Percentage	81.00571883062261
#Duplication Level	Percentage of deduplicated	Percentage of total
1	89.79935150772506	72.74261019407022
2	7.2966979035717845	11.821485175374589
3	1.6218403773750163	3.941350367933743
4	0.5619139849655597	1.820729850924593
5	0.24769074809694383	1.0032183548643803
6	0.13386749063404846	0.6506419384117642
7	0.07136040129631699	0.4046420422134896
8	0.04327876929908062	0.28046622537413657
9	0.02982436413356367	0.2174349649775007
>10	0.15913633292173573	2.4700750325177596
>50	0.01845418617661931	1.0396988415391122
>100	0.014819387042273164	2.4192208996268962
>500	0.0014439727072709319	0.7895758084202823
>1k	3.205740546773262E-4	0.3988503037514687
>5k	0.0	0.0
>10k+	0.0	0.0
>>END_MODULE
>>Overrepresented sequences	pass
>>END_MODULE
>>Adapter Content	pass
#Position	Illumina Universal Adapter	Illumina Small RNA 3' Adapter	Illumina Small RNA 5' Adapter	Nextera Transposase Sequence	SOLID Small RNA Adapter
1	2.136851826064535E-5	1.780709855053779E-5	3.5614197101075584E-6	1.0684259130322675E-5	3.5614197101075584E-6
2	5.3421295651613376E-5	8.903549275268896E-5	3.5614197101075584E-6	4.985987594150582E-5	3.5614197101075584E-6
3	2.706678979681744E-4	9.259691246279652E-5	3.5614197101075584E-6	5.3421295651613376E-5	3.5614197101075584E-6
4	8.013194347742007E-4	9.259691246279652E-5	3.5614197101075584E-6	7.122839420215116E-5	7.122839420215117E-6
5	8.725478289763519E-4	9.615833217290407E-5	7.122839420215117E-6	7.478981391225872E-5	7.122839420215117E-6
6	0.00106486449332216	1.1040401101333431E-4	7.122839420215117E-6	7.835123362236628E-5	7.122839420215117E-6
7	0.0011040401101333431	1.3177252927397965E-4	1.0684259130322675E-5	8.54740730425814E-5	7.122839420215117E-6
8	0.001250058318247753	1.3177252927397965E-4	1.0684259130322675E-5	1.0328117159311919E-4	7.122839420215117E-6
9	0.001467304920564314	1.353339489840872E-4	1.0684259130322675E-5	1.1396543072344187E-4	7.122839420215117E-6
10	0.001919605223747974	1.4601820811440988E-4	1.0684259130322675E-5	1.1752685043354943E-4	1.0684259130322675E-5
11	0.002322045650990128	1.53141047534625E-4	1.0684259130322675E-5	1.2108827014365699E-4	2.492993797075291E-5
12	0.0026318891657694855	1.6738672637505524E-4	1.0684259130322675E-5	1.2464968985376456E-4	2.8491357680860467E-5
13	0.0031411721843148666	1.8163240521548547E-4	1.0684259130322675E-5	1.353339489840872E-4	2.8491357680860467E-5
14	0.003693192239381538	1.8519382492559303E-4	1.0684259130322675E-5	1.3889536869419477E-4	2.8491357680860467E-5
15	0.004227405195897672	1.9943950376602327E-4	1.0684259130322675E-5	2.0300092347613083E-4	2.8491357680860467E-5
16	0.004815039448065419	1.9943950376602327E-4	1.0684259130322675E-5	2.0656234318623838E-4	2.8491357680860467E-5
17	0.005452533576174672	2.0300092347613083E-4	1.0684259130322675E-5	2.1724660231656106E-4	2.8491357680860467E-5
18	0.0061897474561669365	2.136851826064535E-4	1.0684259130322675E-5	2.314922811569913E-4	2.8491357680860467E-5
19	0.0069340841755794165	2.1724660231656106E-4	1.0684259130322675E-5	2.4217654028731397E-4	2.8491357680860467E-5
20	0.007706912252672757	2.2080802202666862E-4	1.0684259130322675E-5	2.528607994176366E-4	3.205277739096802E-5
21	0.008380020577883085	2.2793086144688374E-4	1.0684259130322675E-5	2.635450585479593E-4	3.917561681118314E-5
22	0.009031760384832768	2.2793086144688374E-4	1.0684259130322675E-5	2.706678979681744E-4	4.629845623139826E-5
23	0.009694184450912774	2.3505370086709886E-4	1.0684259130322675E-5	2.706678979681744E-4	4.985987594150582E-5
24	0.0104135912323545	2.3505370086709886E-4	1.0684259130322675E-5	2.813521570984971E-4	4.985987594150582E-5
25	0.011093822396985045	2.4217654028731397E-4	1.0684259130322675E-5	2.884749965187122E-4	5.3421295651613376E-5
26	0.0116850180688629	2.4573795999742156E-4	1.0684259130322675E-5	2.884749965187122E-4	5.6982715361720934E-5
27	0.012219231025379033	2.492993797075291E-4	1.0684259130322675E-5	2.884749965187122E-4	6.054413507182849E-5
28	0.012935076387110653	2.492993797075291E-4	1.0684259130322675E-5	2.9203641622881977E-4	6.054413507182849E-5
29	0.013554763416669367	2.564222191277442E-4	1.0684259130322675E-5	2.9203641622881977E-4	6.76669744920436E-5
30	0.01406048501550464	2.564222191277442E-4	1.0684259130322675E-5	2.9203641622881977E-4	7.122839420215116E-5
31	0.014598259391730883	2.5998363883785174E-4	1.0684259130322675E-5	2.9559783593892733E-4	7.122839420215116E-5
32	0.015260683457810889	2.635450585479593E-4	1.0684259130322675E-5	2.9559783593892733E-4	7.122839420215116E-5
33	0.015794896414327023	2.635450585479593E-4	1.0684259130322675E-5	2.9559783593892733E-4	7.122839420215116E-5
34	0.01625075813722079	2.635450585479593E-4	1.0684259130322675E-5	2.991592556490349E-4	7.122839420215116E-5
35	0.016635391465912405	2.7779073738838953E-4	1.0684259130322675E-5	2.991592556490349E-4	7.122839420215116E-5
36	0.016984410597502945	2.7779073738838953E-4	1.0684259130322675E-5	2.991592556490349E-4	7.122839420215116E-5
37	0.017369043926194563	2.884749965187122E-4	1.0684259130322675E-5	3.0628209506925E-4	7.122839420215116E-5
38	0.017828467068798436	2.9559783593892733E-4	1.0684259130322675E-5	3.0984351477935756E-4	7.478981391225872E-5
39	0.018156117682128332	3.0628209506925E-4	1.0684259130322675E-5	3.2052777390968024E-4	7.478981391225872E-5
40	0.018522943912269413	3.0984351477935756E-4	1.0684259130322675E-5	3.240891936197878E-4	7.478981391225872E-5
41	0.01896099853661264	3.134049344894651E-4	1.0684259130322675E-5	3.312120330400029E-4	7.835123362236628E-5
42	0.019374123222985117	3.169663541995727E-4	1.0684259130322675E-5	3.6326481043097095E-4	7.835123362236628E-5
43	0.019740949453126197	3.169663541995727E-4	1.0684259130322675E-5	3.6326481043097095E-4	7.835123362236628E-5
44	0.020097091424136952	3.240891936197878E-4	1.0684259130322675E-5	3.668262301410785E-4	7.835123362236628E-5
45	0.02053870746819029	3.490191315905407E-4	1.0684259130322675E-5	3.7038764985118606E-4	7.835123362236628E-5
46	0.020909095118041475	3.5258055130064827E-4	1.0684259130322675E-5	3.7038764985118606E-4	7.835123362236628E-5
47	0.02132578122412406	3.5258055130064827E-4	1.0684259130322675E-5	3.846333286916163E-4	8.191265333247384E-5
48	0.02174959016962686	3.6326481043097095E-4	1.0684259130322675E-5	3.8819474840172386E-4	8.191265333247384E-5
49	0.0221449077574488	3.668262301410785E-4	1.0684259130322675E-5	3.8819474840172386E-4	8.191265333247384E-5
50	0.02262213799860321	3.668262301410785E-4	1.0684259130322675E-5	3.9887900753204653E-4	8.191265333247384E-5
51	0.023113613918598053	3.775104892714012E-4	1.0684259130322675E-5	3.9887900753204653E-4	8.191265333247384E-5
52	0.023594405579462574	3.917561681118314E-4	1.0684259130322675E-5	4.1312468637247677E-4	8.54740730425814E-5
53	0.024160671313369676	4.1312468637247677E-4	1.0684259130322675E-5	4.202475257926919E-4	9.259691246279652E-5
54	0.024762551244377855	4.1668610608258433E-4	1.0684259130322675E-5	4.2380894550279945E-4	9.615833217290407E-5
55	0.025286079941763667	4.1668610608258433E-4	1.0684259130322675E-5	4.2380894550279945E-4	9.971975188301163E-5
56	0.02593781974871335	4.2380894550279945E-4	1.0684259130322675E-5	4.451774637634448E-4	9.971975188301163E-5
57	0.026603805234503463	4.2380894550279945E-4	1.0684259130322675E-5	4.4873888347355236E-4	9.971975188301163E-5
58	0.02749416016203035	4.27370365212907E-4	1.0684259130322675E-5	4.523003031836599E-4	9.971975188301163E-5
59	0.028455743483759392	4.27370365212907E-4	1.0684259130322675E-5	4.701074017341977E-4	1.0328117159311919E-4
60	0.029484993779980477	4.27370365212907E-4	1.0684259130322675E-5	5.021601791251657E-4	1.0328117159311919E-4
61	0.030770666295329305	4.380546243432297E-4	1.0684259130322675E-5	5.057215988352732E-4	1.0684259130322675E-4
62	0.03235549806632717	4.380546243432297E-4	1.0684259130322675E-5	5.235286973858111E-4	1.0684259130322675E-4
63	0.03407922520601923	4.451774637634448E-4	1.0684259130322675E-5	5.48458635356564E-4	1.0684259130322675E-4
64	0.0358563736413629	4.523003031836599E-4	1.0684259130322675E-5	5.733885733273169E-4	1.1040401101333431E-4
65	0.037640644916126786	4.5942314260387503E-4	1.4245678840430234E-5	5.769499930374244E-4	1.1396543072344187E-4
>>END_MODULE
