##FastQC	0.11.7
>>Basic Statistics	pass
#Measure	Value
Filename	SRR1081765_2.fastq.gz
File type	Conventional base calls
Encoding	Sanger / Illumina 1.9
Total Sequences	22234112
Sequences flagged as poor quality	0
Sequence length	76
%GC	49
>>END_MODULE
>>Per base sequence quality	pass
#Base	Mean	Median	Lower Quartile	Upper Quartile	10th Percentile	90th Percentile
1	31.72023006810436	34.0	31.0	34.0	30.0	34.0
2	31.872627204540482	34.0	31.0	34.0	30.0	34.0
3	31.92875663305105	34.0	31.0	34.0	30.0	34.0
4	35.29105830716333	37.0	35.0	37.0	33.0	37.0
5	35.257149734605996	37.0	35.0	37.0	33.0	37.0
6	35.27116135782711	37.0	35.0	37.0	33.0	37.0
7	35.29166979999021	37.0	35.0	37.0	33.0	37.0
8	35.2533823702966	37.0	35.0	37.0	33.0	37.0
9	36.95348332328271	39.0	38.0	39.0	33.0	39.0
10-11	36.96847960467232	39.0	38.0	39.0	33.0	39.0
12-13	36.92354027900912	39.0	38.0	39.0	33.0	39.0
14-15	38.34715807404406	41.0	39.0	41.0	33.5	41.0
16-17	38.29449822417014	41.0	39.0	41.0	33.0	41.0
18-19	38.28027103128742	41.0	38.5	41.0	33.5	41.0
20-21	38.272174643178914	41.0	39.0	41.0	34.0	41.0
22-23	38.21212864269101	41.0	39.0	41.0	33.5	41.0
24-25	38.151549092673456	41.0	39.0	41.0	33.0	41.0
26-27	38.064471092886464	41.0	38.0	41.0	33.0	41.0
28-29	37.973931879986935	41.0	38.0	41.0	33.0	41.0
30-31	37.877468414299614	40.5	38.0	41.0	33.0	41.0
32-33	37.802925522728316	40.0	38.0	41.0	32.5	41.0
34-35	37.71667775623331	40.0	38.0	41.0	32.0	41.0
36-37	37.611658855545926	40.0	38.0	41.0	32.0	41.0
38-39	37.4960843950053	40.0	38.0	41.0	32.0	41.0
40-41	37.41456656780356	40.0	38.0	41.0	32.0	41.0
42-43	37.30008461772613	40.0	37.5	41.0	31.0	41.0
44-45	37.15345220443254	40.0	37.0	41.0	31.0	41.0
46-47	37.02830868622053	40.0	37.0	41.0	31.0	41.0
48-49	36.902700026877625	40.0	36.5	41.0	31.0	41.0
50-51	36.75152185074897	40.0	36.0	41.0	30.5	41.0
52-53	36.555092913087776	40.0	35.5	41.0	30.0	41.0
54-55	36.354488476985274	39.5	35.0	41.0	30.0	41.0
56-57	36.12899950760345	39.0	35.0	41.0	30.0	41.0
58-59	35.90336427647752	39.0	35.0	41.0	29.0	41.0
60-61	35.63558286024645	39.0	35.0	41.0	29.0	41.0
62-63	35.34609594482568	38.0	35.0	41.0	29.0	41.0
64-65	35.0444745443398	37.0	35.0	40.0	28.0	41.0
66-67	34.70537926137999	37.0	34.5	40.0	28.0	41.0
68-69	34.37784816861586	36.0	34.0	39.5	28.0	41.0
70-71	34.030266646133654	36.0	34.0	39.0	28.0	41.0
72-73	33.646698932703046	35.0	34.0	39.0	27.0	41.0
74-75	33.263990821850676	35.0	34.0	37.5	27.0	40.0
76	32.07701593839232	35.0	32.0	37.0	23.0	39.0
>>END_MODULE
>>Per sequence quality scores	pass
#Quality	Count
2	286622.0
3	35227.0
4	30100.0
5	24962.0
6	22720.0
7	22434.0
8	23371.0
9	24752.0
10	26898.0
11	29570.0
12	32160.0
13	35154.0
14	37335.0
15	39561.0
16	41885.0
17	43919.0
18	46078.0
19	48499.0
20	51880.0
21	56644.0
22	64372.0
23	74555.0
24	88150.0
25	105650.0
26	127262.0
27	149857.0
28	177956.0
29	211234.0
30	255024.0
31	312242.0
32	386317.0
33	490318.0
34	655512.0
35	932037.0
36	1461671.0
37	2496090.0
38	4232522.0
39	6757209.0
40	2296363.0
>>END_MODULE
>>Per base sequence content	fail
#Base	G	A	T	C
1	26.566146476884462	12.03792034128073	14.786517544354401	46.6094156374804
2	21.30122800580318	21.767342690404643	35.70432447517668	21.22710482861549
3	26.961305418765814	23.254476851427643	23.624915094857254	26.159302634949288
4	27.042859074068424	31.080388642081175	18.35727461517494	23.51947766867546
5	27.55418135169484	31.4345514389552	20.753327248728862	20.257939960621098
6	21.80272592046926	33.36040537367318	21.98847791029124	22.84839079556632
7	19.31989910032034	16.057073063852457	40.22077533461746	24.402252501209745
8	21.026374732568378	20.500287266588302	27.544938213262594	30.92839978758073
9	21.787320136598414	20.073902579820153	29.81969725942499	28.31908002415644
10-11	25.70660008665952	29.682274382983042	20.341965255348047	24.269160275009387
12-13	23.1426369011314	23.591703671027666	27.54454814918178	25.721111278659155
14-15	23.724059068699287	24.87677928923835	26.553209333564432	24.84595230849793
16-17	24.595672178124616	25.118109743576728	25.40717253826031	24.879045540038348
18-19	24.490071819995553	25.477566094824343	25.114677280839455	24.91768480434065
20-21	24.307617117015027	25.485198652334184	25.457786394459198	24.749397836191594
22-23	24.4552546820131	25.65363091375045	25.422412193602277	24.468702210634167
24-25	24.451350333975345	25.67169416174749	25.349479835721606	24.527475668555564
26-27	24.290939527154233	25.7307539699955	25.416446952208815	24.561859550641454
28-29	24.447906978272506	25.43179132696192	25.393729061759313	24.726572633006256
30-31	24.16061571704895	25.591262001275766	25.480668838137998	24.76745344353728
32-33	24.19802998742356	25.715044056700954	25.511251670071044	24.575674285804443
34-35	24.553615304683714	25.667342506020784	25.216687912444097	24.5623542768514
36-37	24.433699981329113	25.5972298667237	25.305868582512275	24.663201569434907
38-39	24.271182717752847	25.650229594337016	25.524282694223466	24.554304993686678
40-41	24.376659717975866	25.597643637379125	25.46165341540535	24.564043229239658
42-43	24.227170623515892	25.536415470350388	25.59411143321971	24.64230247291401
44-45	24.313173707615185	25.610534329582674	25.56857616957921	24.507715793222932
46-47	24.39850619695721	25.628514499539136	25.39893479645193	24.574044507051727
48-49	24.349674827285195	25.53896175569858	25.499057919240343	24.612305497775882
50-51	24.25570154056272	25.658415790328977	25.526993271545166	24.558889397563135
52-53	24.41999435560558	25.635621251860773	25.393139184112645	24.551245208420998
54-55	24.313602228596558	25.586258866800826	25.494412908687053	24.605725995915567
56-57	24.276182720801682	25.61100248364525	25.586108856125772	24.52670593942729
58-59	24.410406755890484	25.599043753008782	25.41954148251192	24.57100800858881
60-61	24.287010536209962	25.627533753536813	25.521246743765925	24.564208966487303
62-63	24.191775487626316	25.664064267297213	25.698478063427714	24.44568218164875
64-65	24.400278134489355	25.61077584774883	25.521731755437205	24.467214262324617
66-67	24.384168268124068	25.596061435551526	25.480136169815086	24.539634126509323
68-69	24.298112456687434	25.70636679537201	25.536639156406025	24.458881591534528
70-71	24.412618864236133	25.608460685098635	25.532729618641802	24.44619083202343
72-73	24.355365091002614	25.681330282877273	25.569928507440174	24.393376118679942
74-75	24.300155906923653	25.78221139522123	25.566401388336217	24.351231309518898
76	24.524043774597743	25.530423156097736	25.383455982538127	24.562077086766397
>>END_MODULE
>>Per sequence GC content	pass
#GC Content	Count
0	11955.0
1	7117.5
2	1410.5
3	488.5
4	436.0
5	426.0
6	412.0
7	403.5
8	399.0
9	431.0
10	545.5
11	734.5
12	841.0
13	1056.5
14	1740.5
15	3056.0
16	5322.5
17	6742.0
18	9338.0
19	16812.5
20	28634.0
21	35577.0
22	45589.5
23	70269.0
24	102960.5
25	120985.0
26	144961.0
27	194806.5
28	248961.0
29	277246.0
30	307829.5
31	367446.5
32	425580.0
33	454680.0
34	485292.0
35	543226.0
36	598988.0
37	627428.0
38	653967.0
39	707253.5
40	753860.0
41	794744.0
42	815769.0
43	826116.0
44	842570.0
45	847803.5
46	846930.0
47	857142.5
48	870524.5
49	876578.5
50	879463.0
51	884412.5
52	884344.5
53	871585.0
54	863843.0
55	852220.5
56	829331.0
57	802202.5
58	786341.0
59	767869.5
60	723003.0
61	664919.5
62	633231.0
63	594192.5
64	514970.5
65	442604.0
66	375229.5
67	340038.0
68	306821.0
69	247252.0
70	194395.0
71	167890.0
72	149318.0
73	116239.5
74	89832.0
75	77931.0
76	70176.0
77	55515.0
78	42643.0
79	36677.0
80	32346.0
81	24735.5
82	18412.0
83	15368.0
84	12362.5
85	7164.0
86	3859.0
87	2747.0
88	2102.5
89	1147.5
90	689.5
91	461.5
92	381.0
93	334.5
94	259.5
95	209.0
96	187.0
97	164.5
98	137.0
99	171.0
100	210.0
>>END_MODULE
>>Per base N content	pass
#Base	N-Count
1	0.16333460945055958
2	0.16158504553723574
3	0.16105882708515637
4	0.1568265915004836
5	0.15703348080642932
6	0.11454021640261594
7	0.09337454088564455
8	0.08795044299497996
9	0.08509447105420716
10-11	0.08290864056095426
12-13	0.08213505446046147
14-15	0.08178199336227145
16-17	0.07864492182102888
18-19	0.0788315719557408
20-21	0.07993797998318979
22-23	0.0815593624786994
24-25	0.08444007118431354
26-27	0.0799537215608161
28-29	0.08043046648321282
30-31	0.08299409483949707
32-33	0.08260055539883941
34-35	0.07889004067263851
36-37	0.07964338760189749
38-39	0.07740133718855063
40-41	0.08175051020701884
42-43	0.0832931848143969
44-45	0.08601422894694423
46-47	0.08425566984640538
48-49	0.08750518122783586
50-51	0.0877120705337816
52-53	0.09410315105006217
54-55	0.10103844039285222
56-57	0.09714802192235067
58-59	0.09455066161401003
60-61	0.09509487044051951
62-63	0.09281683927831252
64-65	0.09174191440611615
66-67	0.09099306507046469
68-69	0.09256947162989913
70-71	0.09282583446552756
72-73	0.09364664529889927
74-75	0.08948637121194676
76	0.2290489496499793
>>END_MODULE
>>Sequence Length Distribution	pass
#Length	Count
76	2.2234112E7
>>END_MODULE
>>Sequence Duplication Levels	pass
#Total Deduplicated Percentage	83.5406460983093
#Duplication Level	Percentage of deduplicated	Percentage of total
1	89.51182717293631	74.77875875467296
2	7.434967754228938	12.422440198167624
3	1.71146435645672	4.2893051433786455
4	0.6122545535172402	2.0459256390984852
5	0.2740513035227423	1.1447211480186883
6	0.14112234091682455	0.7073670923458435
7	0.07202737884729597	0.42120496359695625
8	0.050316646511286846	0.3362788127242515
9	0.03467067362233675	0.26067694275662595
>10	0.14290287134296406	2.0636310767147146
>50	0.009074186134177382	0.5268149711074184
>100	0.0050259006258546865	0.7203494125213106
>500	2.3875901000290452E-4	0.11534701012735407
>1k	4.207676932947253E-5	0.041548712949481155
>5k	0.0	0.0
>10k+	1.4025557993206476E-5	0.12563012181953115
>>END_MODULE
>>Overrepresented sequences	pass
>>END_MODULE
>>Adapter Content	pass
#Position	Illumina Universal Adapter	Illumina Small RNA 3' Adapter	Illumina Small RNA 5' Adapter	Nextera Transposase Sequence	SOLID Small RNA Adapter
1	0.0	4.4975936075162345E-6	0.0	4.4975936075162345E-6	0.0
2	0.0	1.3492780822548704E-5	0.0	1.3492780822548704E-5	0.0
3	4.4975936075162345E-6	1.7990374430064938E-5	0.0	1.3492780822548704E-5	4.4975936075162345E-6
4	4.4975936075162345E-6	1.7990374430064938E-5	0.0	2.6985561645097407E-5	8.995187215032469E-6
5	4.4975936075162345E-6	1.7990374430064938E-5	0.0	2.6985561645097407E-5	8.995187215032469E-6
6	4.4975936075162345E-6	2.2487968037581173E-5	0.0	2.6985561645097407E-5	8.995187215032469E-6
7	4.4975936075162345E-6	2.2487968037581173E-5	0.0	3.148315525261364E-5	8.995187215032469E-6
8	4.4975936075162345E-6	2.2487968037581173E-5	0.0	3.148315525261364E-5	8.995187215032469E-6
9	4.4975936075162345E-6	2.6985561645097407E-5	0.0	3.148315525261364E-5	8.995187215032469E-6
10	4.4975936075162345E-6	4.4975936075162345E-5	0.0	3.148315525261364E-5	8.995187215032469E-6
11	4.4975936075162345E-6	4.9473529682678577E-5	0.0	3.148315525261364E-5	8.995187215032469E-6
12	4.4975936075162345E-6	4.9473529682678577E-5	0.0	3.5980748860129876E-5	8.995187215032469E-6
13	4.4975936075162345E-6	6.746390411274352E-5	0.0	3.5980748860129876E-5	8.995187215032469E-6
14	4.4975936075162345E-6	7.196149772025975E-5	0.0	4.047834246764611E-5	8.995187215032469E-6
15	8.995187215032469E-6	7.645909132777598E-5	0.0	4.047834246764611E-5	1.3492780822548704E-5
16	6.746390411274352E-5	9.444946575784092E-5	0.0	4.4975936075162345E-5	1.3492780822548704E-5
17	3.688026758163312E-4	9.444946575784092E-5	0.0	4.9473529682678577E-5	1.3492780822548704E-5
18	9.714802192235067E-4	9.894705936535715E-5	0.0	5.8468716897711046E-5	2.6985561645097407E-5
19	0.001646119260350942	9.894705936535715E-5	0.0	5.8468716897711046E-5	2.6985561645097407E-5
20	0.002289275146225763	9.894705936535715E-5	0.0	6.746390411274352E-5	2.6985561645097407E-5
21	0.003026880497858426	9.894705936535715E-5	0.0	6.746390411274352E-5	2.6985561645097407E-5
22	0.0038049641919587346	1.0794224658038963E-4	0.0	6.746390411274352E-5	3.148315525261364E-5
23	0.004493096013908718	1.1243984018790586E-4	0.0	6.746390411274352E-5	3.148315525261364E-5
24	0.005068787995670797	1.1693743379542209E-4	0.0	6.746390411274352E-5	3.148315525261364E-5
25	0.005630987196610326	1.2143502740293834E-4	0.0	7.196149772025975E-5	3.148315525261364E-5
26	0.006188688803942338	1.2143502740293834E-4	0.0	8.095668493529221E-5	3.148315525261364E-5
27	0.006656438539124027	1.2143502740293834E-4	0.0	8.095668493529221E-5	3.148315525261364E-5
28	0.007133183461520748	1.2143502740293834E-4	0.0	8.545427854280846E-5	3.148315525261364E-5
29	0.007645909132777599	1.304302146179708E-4	0.0	8.545427854280846E-5	3.148315525261364E-5
30	0.008055190151061577	1.3942540183300327E-4	0.0	9.444946575784092E-5	3.5980748860129876E-5
31	0.008468968762953069	1.3942540183300327E-4	0.0	9.444946575784092E-5	4.047834246764611E-5
32	0.00888724496845208	1.3942540183300327E-4	0.0	9.894705936535715E-5	4.047834246764611E-5
33	0.009269540425090959	1.3942540183300327E-4	0.0	9.894705936535715E-5	4.047834246764611E-5
34	0.00967432384976742	1.3942540183300327E-4	0.0	9.894705936535715E-5	4.047834246764611E-5
35	0.009930686685395845	1.5291818265555197E-4	0.0	9.894705936535715E-5	4.047834246764611E-5
36	0.010389441233362502	1.574157762630682E-4	0.0	9.894705936535715E-5	4.047834246764611E-5
37	0.01071326797310367	1.7090855708561692E-4	0.0	9.894705936535715E-5	4.047834246764611E-5
38	0.010996616370377193	1.7090855708561692E-4	0.0	1.0794224658038963E-4	4.047834246764611E-5
39	0.011275467174043199	1.7090855708561692E-4	0.0	1.1243984018790586E-4	4.047834246764611E-5
40	0.011545322790494174	1.7090855708561692E-4	0.0	1.1693743379542209E-4	4.047834246764611E-5
41	0.011842163968590246	1.7090855708561692E-4	0.0	1.2143502740293834E-4	4.047834246764611E-5
42	0.01214800033390135	1.7090855708561692E-4	0.0	1.2143502740293834E-4	4.047834246764611E-5
43	0.012399865575922259	1.7090855708561692E-4	0.0	1.2143502740293834E-4	4.047834246764611E-5
44	0.01269670675401833	1.7990374430064938E-4	0.0	1.3492780822548704E-4	4.047834246764611E-5
45	0.012980055151291853	1.7990374430064938E-4	0.0	1.439229954405195E-4	4.047834246764611E-5
46	0.013294886703817989	1.7990374430064938E-4	0.0	1.6191336987058443E-4	4.047834246764611E-5
47	0.013524263977801317	1.8889893151568184E-4	0.0	1.6191336987058443E-4	4.047834246764611E-5
48	0.013753641251784646	1.9339652512319807E-4	0.0	1.6191336987058443E-4	4.047834246764611E-5
49	0.014036989649058168	1.978941187307143E-4	0.0	1.6191336987058443E-4	4.4975936075162345E-5
50	0.01429785007829411	2.0239171233823056E-4	0.0	1.7090855708561692E-4	4.4975936075162345E-5
51	0.014617179224427762	2.0239171233823056E-4	0.0	1.7090855708561692E-4	4.4975936075162345E-5
52	0.01494100596416893	2.1138689955326303E-4	0.0	1.7090855708561692E-4	5.3971123290194814E-5
53	0.015314306233592779	2.1138689955326303E-4	0.0	1.7090855708561692E-4	5.3971123290194814E-5
54	0.015701099283839174	2.1138689955326303E-4	0.0	1.7990374430064938E-4	5.3971123290194814E-5
55	0.01606540436604799	2.1138689955326303E-4	0.0	1.844013379081656E-4	5.3971123290194814E-5
56	0.016501670945977064	2.203820867682955E-4	0.0	1.8889893151568184E-4	5.3971123290194814E-5
57	0.016897459183438494	2.2487968037581172E-4	0.0	2.0239171233823056E-4	5.3971123290194814E-5
58	0.017405687261087828	2.3387486759084418E-4	0.0	2.068893059457468E-4	5.3971123290194814E-5
59	0.017967886462027356	2.3837246119836044E-4	0.0	2.068893059457468E-4	5.8468716897711046E-5
60	0.01871898459448257	2.3837246119836044E-4	0.0	2.1588449316077926E-4	5.8468716897711046E-5
61	0.019488073101367843	2.473676484133929E-4	0.0	2.203820867682955E-4	5.8468716897711046E-5
62	0.02038759182287109	2.518652420209091E-4	0.0	2.2487968037581172E-4	5.8468716897711046E-5
63	0.021431033539814858	2.563628356284254E-4	0.0	2.4287005480587667E-4	5.8468716897711046E-5
64	0.02255992953530143	2.563628356284254E-4	0.0	2.473676484133929E-4	5.8468716897711046E-5
65	0.023819255745405978	2.608604292359416E-4	0.0	2.518652420209091E-4	6.296631050522728E-5
>>END_MODULE
