##FastQC	0.11.7
>>Basic Statistics	pass
#Measure	Value
Filename	SRR595926_1_val_1.fq.gz
File type	Conventional base calls
Encoding	Sanger / Illumina 1.9
Total Sequences	54812350
Sequences flagged as poor quality	0
Sequence length	20-76
%GC	48
>>END_MODULE
>>Per base sequence quality	pass
#Base	Mean	Median	Lower Quartile	Upper Quartile	10th Percentile	90th Percentile
1	31.29132598766519	31.0	31.0	34.0	28.0	34.0
2	31.564802585548694	31.0	31.0	34.0	28.0	34.0
3	31.737180836070703	31.0	31.0	34.0	28.0	34.0
4	35.25993386526942	37.0	35.0	37.0	32.0	37.0
5	35.01261171980402	37.0	35.0	37.0	32.0	37.0
6	34.892592235144086	37.0	35.0	37.0	31.0	37.0
7	34.87547585535012	37.0	35.0	37.0	32.0	37.0
8	34.84371128039575	37.0	35.0	37.0	31.0	37.0
9	36.374783785041146	39.0	35.0	39.0	32.0	39.0
10-11	36.48370605347152	39.0	35.0	39.0	32.0	39.0
12-13	36.30104597777691	39.0	35.0	39.0	31.0	39.0
14-15	37.32287591208916	40.0	36.0	41.0	31.0	41.0
16-17	37.304295619509105	40.0	36.0	41.0	31.0	41.0
18-19	37.3815614637942	40.0	36.0	41.0	31.0	41.0
20-21	37.305162143958185	40.0	36.0	41.0	31.0	41.0
22-23	37.12610694266499	39.0	36.0	41.0	30.5	41.0
24-25	37.04801770979177	39.0	36.0	41.0	30.0	41.0
26-27	36.92730813867581	39.0	36.0	41.0	30.0	41.0
28-29	36.82878859331211	39.0	36.0	41.0	30.0	41.0
30-31	36.97155810507053	39.0	36.0	41.0	30.0	41.0
32-33	36.868486407601395	39.0	36.0	41.0	30.0	41.0
34-35	36.845808490924114	39.0	35.0	41.0	30.0	41.0
36-37	36.81988212324636	39.0	35.0	41.0	30.0	41.0
38-39	36.81855093648605	39.0	35.0	41.0	30.0	41.0
40-41	36.76864661415702	39.0	35.0	41.0	30.0	41.0
42-43	36.80885849140645	39.0	35.0	41.0	30.0	41.0
44-45	36.72979104892237	39.0	35.0	40.0	30.0	41.0
46-47	36.53546736566388	39.0	35.0	40.0	30.0	41.0
48-49	36.46275959393276	38.0	35.0	40.0	29.5	41.0
50-51	36.2909962196275	38.0	34.5	40.0	29.0	41.0
52-53	36.08442940450533	38.0	34.0	40.0	29.0	41.0
54-55	35.959667419281274	38.0	34.0	40.0	29.0	41.0
56-57	35.78538562571948	37.5	34.0	40.0	29.0	41.0
58-59	35.55510475356303	37.0	34.0	40.0	28.0	41.0
60-61	35.3419209002404	37.0	33.5	40.0	28.0	41.0
62-63	35.061656157675344	36.0	33.0	39.0	28.0	41.0
64-65	34.79904806997599	36.0	33.0	39.0	28.0	40.0
66-67	34.61569397745397	35.0	33.0	38.5	28.0	40.0
68-69	34.32472640687327	35.0	33.0	38.0	28.0	40.0
70-71	34.08979043757805	35.0	32.0	37.0	28.0	39.5
72-73	34.08505267963818	35.0	32.5	37.0	29.0	39.0
74-75	34.14099514326921	35.0	33.0	36.0	29.0	39.0
76	31.603782757279355	32.0	29.0	34.0	26.0	36.0
>>END_MODULE
>>Per sequence quality scores	pass
#Quality	Count
14	2.0
15	5.0
16	21.0
17	63.0
18	165.0
19	2164.0
20	34916.0
21	126548.0
22	253258.0
23	384613.0
24	512668.0
25	643304.0
26	777302.0
27	914328.0
28	1062246.0
29	1236019.0
30	1447687.0
31	1720709.0
32	2076943.0
33	2555392.0
34	3258144.0
35	4242942.0
36	5779075.0
37	7970480.0
38	1.0234296E7
39	9226057.0
40	353003.0
>>END_MODULE
>>Per base sequence content	fail
#Base	G	A	T	C
1	29.310599791624348	12.967451258126614	21.282624339671575	36.439324610577465
2	23.261675645887056	21.41627493480046	33.03778348433236	22.284265934980127
3	27.643625844407243	24.398796020090952	25.075728631311744	22.88184950419006
4	27.79469724783536	30.606480821107336	19.75026267173822	21.848559259319085
5	27.790354672443474	31.01760348050599	20.99684649570434	20.195195351346197
6	22.228634398321017	33.31801612299389	21.012231738833876	23.44111773985122
7	19.135154639803527	15.509041107647947	40.94552155469968	24.410282697848846
8	22.060735620226506	21.273594412334322	25.88310148520714	30.782568482232037
9	22.170140803378622	21.019577428575662	28.913568133834694	27.896713634211025
10-11	26.047170925491546	29.566614540330388	20.13202804447857	24.254186489699492
12-13	23.537419874828437	22.80106789469387	28.025909172390733	25.635603058086957
14-15	23.789400100518286	24.841279950877833	27.041297005563536	24.32802294304034
16-17	24.470879285291993	25.161167680696288	25.905250776742406	24.462702257269314
18-19	24.396455464118205	25.384522353378348	25.81220129275275	24.406820889750694
20-21	24.41915857298051	25.340900266410678	25.907139979440892	24.332801181167927
22-23	24.509544730015595	25.73504728177543	25.68148585984676	24.07392212836222
24-25	24.495815436899242	25.78143262192777	25.612608388588175	24.11014355258481
26-27	24.405663925067113	25.74496976628044	25.66511882064558	24.184247488006864
28-29	24.442280174827594	25.554255571454338	25.772881432539485	24.230582821178583
30-31	24.044046890355737	25.78760481817629	26.05795847482706	24.11038981664091
32-33	24.144244303391275	25.77805924141462	26.017084492119707	24.0606119630744
34-35	24.506859751324654	25.727029937787844	25.73636668376387	24.029743627123633
36-37	24.28430615008529	25.809533478243075	25.835486411955355	24.07067395971628
38-39	24.203032828797895	25.820140339929647	25.79493715414013	24.18188967713232
40-41	24.435376806443266	25.678314055682623	25.783877967860995	24.102431170013116
42-43	24.105430224298203	25.850591197057927	26.033984348351634	24.009994230292232
44-45	24.22056150944341	25.807674302720695	25.89367781693619	24.078086370899708
46-47	24.36952451945254	25.76672463418867	25.83528381755996	24.02846702879883
48-49	24.15365066182465	25.703400377024415	26.04677548569303	24.096173475457906
50-51	24.22416777942365	25.720039370462324	25.963509787503035	24.092283062610996
52-53	24.19158228515695	25.81965957066585	25.828374561317585	24.160383582859616
54-55	24.183112471475564	25.719537685836602	26.023758493654604	24.07359134903323
56-57	24.148962993594296	25.758717317228864	25.939543984737806	24.152775704439037
58-59	24.079070391611	25.780751058858087	26.015556929975357	24.12462161955555
60-61	24.19598750706789	25.704027041265338	26.046196231368867	24.0537892202979
62-63	23.96080677927229	26.02784548407299	26.072634861602705	23.938712875052016
64-65	23.985066926880933	25.91158133071705	26.124402044951818	23.978949697450204
66-67	23.926421297424437	25.999084259805976	26.017685110129445	24.05680933264014
68-69	23.998211591566886	26.08025957222488	25.985983684923863	23.93554515128437
70-71	23.91051906861174	25.98074372053589	26.049598913398377	24.059138297453995
72-73	23.74779760383667	25.889702303388145	26.228254402211977	24.134245690563212
74-75	24.157713297917397	22.64999638218564	27.719822420170782	25.47246789972618
76	24.872536052355574	0.0	39.02815414834366	36.09930979930076
>>END_MODULE
>>Per sequence GC content	pass
#GC Content	Count
0	7267.0
1	5965.5
2	3888.0
3	3084.0
4	3153.5
5	3495.0
6	4117.0
7	4772.0
8	5370.0
9	6014.5
10	6627.5
11	7417.5
12	8293.5
13	9448.0
14	11137.5
15	13810.0
16	17238.0
17	20753.5
18	27272.0
19	38605.5
20	53088.0
21	67766.0
22	91789.5
23	133487.5
24	179503.0
25	217890.5
26	276996.0
27	366187.0
28	457806.5
29	533190.0
30	635880.5
31	769899.5
32	905845.5
33	1027895.0
34	1147250.0
35	1305798.5
36	1468080.5
37	1590084.0
38	1763533.5
39	1980856.5
40	2132248.5
41	2302448.5
42	2463608.0
43	2548529.0
44	2583248.0
45	2590576.5
46	2617996.0
47	2664790.0
48	2662988.5
49	2599535.0
50	2544757.0
51	2496852.5
52	2400358.0
53	2267958.5
54	2175478.5
55	2115893.0
56	2058704.0
57	1957160.0
58	1860963.0
59	1761098.5
60	1645599.0
61	1547486.5
62	1464480.5
63	1368235.0
64	1226971.5
65	1090028.5
66	941387.0
67	836970.5
68	752530.5
69	635061.5
70	517311.0
71	437555.0
72	376021.0
73	300926.0
74	235664.0
75	194990.5
76	164756.0
77	130005.0
78	100162.0
79	80700.0
80	66396.0
81	51308.5
82	39474.0
83	30363.5
84	23058.5
85	17186.0
86	13024.5
87	10466.5
88	8254.5
89	5823.0
90	4320.5
91	3474.0
92	2988.0
93	2214.0
94	1321.5
95	876.5
96	675.5
97	627.5
98	370.0
99	116.0
100	114.0
>>END_MODULE
>>Per base N content	pass
#Base	N-Count
1	0.15548868092683493
2	0.011615995300329213
3	0.014195705894748173
4	0.04448814911238069
5	0.005195909316057421
6	0.012581106265285105
7	0.011574033954026784
8	0.008713364780017642
9	0.006790440475549763
10-11	0.007011193645227764
12-13	0.006522252740486405
14-15	7.917923606632448E-4
16-17	4.7343345067306917E-4
18-19	5.874588482340203E-4
20-21	8.83313082529237E-4
22-23	0.0026237617975950456
24-25	0.005141636904264533
26-27	0.007561456218953079
28-29	0.009417108095904174
30-31	0.004680938786786761
32-33	0.003049645969189194
34-35	0.016361796234522552
36-37	0.0414643562452116
38-39	0.00627976804324709
40-41	1.830976907877241E-4
42-43	1.714343586691886E-4
44-45	4.4463441667855083E-4
46-47	2.8193147186315014E-4
48-49	2.977888995721309E-4
50-51	5.559306097966111E-5
52-53	1.8906585284656793E-6
54-55	7.968408750227278E-5
56-57	1.1045803433129026E-4
58-59	1.4151075137973222E-4
60-61	2.2860790923428416E-4
62-63	3.186471378071237E-4
64-65	2.1566174446259326E-4
66-67	4.7968066346453395E-5
68-69	1.9765786889515636E-6
70-71	8.005020909214678E-6
72-73	1.817216317602042E-4
74-75	0.0
76	0.0
>>END_MODULE
>>Sequence Length Distribution	warn
#Length	Count
20-21	80562.0
22-23	78942.0
24-25	84004.0
26-27	92766.0
28-29	91992.0
30-31	105898.0
32-33	106477.0
34-35	108657.0
36-37	113408.0
38-39	122140.0
40-41	130129.0
42-43	134994.0
44-45	143450.0
46-47	150824.0
48-49	163702.0
50-51	167639.0
52-53	181560.0
54-55	193791.0
56-57	212847.0
58-59	232237.0
60-61	261533.0
62-63	301868.0
64-65	367911.0
66-67	457034.0
68-69	579426.0
70-71	817763.0
72-73	2223624.0
74-75	1.6432616E7
76-77	3.0674556E7
>>END_MODULE
>>Sequence Duplication Levels	warn
#Total Deduplicated Percentage	51.608060146466116
#Duplication Level	Percentage of deduplicated	Percentage of total
1	85.84733603555081	44.304144815365945
2	8.593704291269498	8.870088158895605
3	2.510598092269005	3.8870129204826585
4	1.0452854708204873	2.1578062179332345
5	0.5619055546540509	1.4499427830609832
6	0.3218621482284479	0.9966408662786719
7	0.22242402887220364	0.8035210862039202
8	0.15765843614083547	0.650915684396322
9	0.10550582684146557	0.4900455951693296
>10	0.5008609868779244	4.536524875423667
>50	0.03647224118025926	1.33901166469181
>100	0.06088095095731215	7.572797018159713
>500	0.019277380445116687	7.054286205772987
>1k	0.015910971628853184	14.875283640926417
>5k	3.175842640482731E-4	1.0119784672386694
>10k+	0.0	0.0
>>END_MODULE
>>Overrepresented sequences	pass
>>END_MODULE
>>Adapter Content	pass
#Position	Illumina Universal Adapter	Illumina Small RNA 3' Adapter	Illumina Small RNA 5' Adapter	Nextera Transposase Sequence	SOLID Small RNA Adapter
1	0.0	1.824406360975218E-6	0.0	1.824406360975218E-6	3.648812721950436E-6
2	0.0	2.7366095414628274E-5	0.0	1.4595250887801745E-5	3.648812721950436E-6
3	0.0	2.919050177560349E-5	0.0	1.4595250887801745E-5	1.0946438165851309E-5
4	0.0	2.919050177560349E-5	0.0	2.1892876331702618E-5	1.824406360975218E-5
5	0.0	2.919050177560349E-5	0.0	2.1892876331702618E-5	2.1892876331702618E-5
6	0.0	3.101490813657871E-5	0.0	2.3717282692677837E-5	2.5541689053653055E-5
7	0.0	4.196134630243002E-5	0.0	2.3717282692677837E-5	2.919050177560349E-5
8	0.0	4.5610159024380455E-5	0.0	2.5541689053653055E-5	2.919050177560349E-5
9	0.0	4.743456538535567E-5	0.0	3.283931449755393E-5	3.283931449755393E-5
10	0.0	5.290778446828133E-5	0.0	3.283931449755393E-5	3.648812721950436E-5
11	0.0	6.202981627315742E-5	0.0	3.283931449755393E-5	6.02054099121822E-5
12	0.0	6.202981627315742E-5	0.0	3.648812721950436E-5	6.02054099121822E-5
13	0.0	6.932744171705828E-5	0.0	4.01369399414548E-5	6.385422263413264E-5
14	0.0	6.932744171705828E-5	0.0	4.01369399414548E-5	6.750303535608307E-5
15	0.0	7.115184807803351E-5	0.0	6.02054099121822E-5	6.932744171705828E-5
16	0.0	7.662506716095916E-5	0.0	6.02054099121822E-5	7.115184807803351E-5
17	1.824406360975218E-6	7.662506716095916E-5	0.0	6.202981627315742E-5	8.574709896583526E-5
18	1.824406360975218E-6	7.662506716095916E-5	0.0	6.202981627315742E-5	8.574709896583526E-5
19	1.824406360975218E-6	7.662506716095916E-5	0.0	6.202981627315742E-5	8.757150532681047E-5
20	1.824406360975218E-6	8.02738798829096E-5	0.0	6.567862899510786E-5	8.93959116877857E-5
21	1.824406360975218E-6	8.392269260486003E-5	0.0	6.750303535608307E-5	9.304472440973612E-5
22	1.824406360975218E-6	8.574709896583526E-5	0.0	6.932744171705828E-5	9.304472440973612E-5
23	1.824406360975218E-6	1.0216675621461222E-4	0.0	7.115184807803351E-5	9.669353713168656E-5
24	1.824406360975218E-6	1.0763997529753787E-4	0.0	7.480066079998395E-5	1.00342349853637E-4
25	1.824406360975218E-6	1.1311319438046352E-4	0.0	7.844947352193438E-5	1.0399116257558743E-4
26	1.824406360975218E-6	1.1493760074143875E-4	0.0	7.844947352193438E-5	1.3135725799021572E-4
27	1.824406360975218E-6	1.1493760074143875E-4	0.0	7.844947352193438E-5	1.514257279609431E-4
28	1.824406360975218E-6	1.1676200710241396E-4	0.0	8.209828624388482E-5	1.8791385518044748E-4
29	1.824406360975218E-6	1.204108198243644E-4	0.0	8.392269260486003E-5	2.0250910606824923E-4
30	1.824406360975218E-6	1.2405963254631485E-4	0.0	8.757150532681047E-5	2.0250910606824923E-4
31	1.824406360975218E-6	1.2405963254631485E-4	0.0	8.757150532681047E-5	2.0980673151215008E-4
32	1.824406360975218E-6	1.3135725799021572E-4	0.0	8.757150532681047E-5	2.2622638876092704E-4
33	1.824406360975218E-6	1.3318166435119093E-4	0.0	9.122031804876091E-5	2.298752014828775E-4
34	1.824406360975218E-6	1.3683047707314136E-4	0.0	9.486913077071135E-5	2.3534842056580315E-4
35	1.824406360975218E-6	1.3865488343411657E-4	0.0	9.486913077071135E-5	2.3717282692677837E-4
36	1.824406360975218E-6	1.3865488343411657E-4	0.0	9.486913077071135E-5	2.4264604600970403E-4
37	1.824406360975218E-6	1.404792897950918E-4	0.0	9.669353713168656E-5	2.4264604600970403E-4
38	1.824406360975218E-6	1.4230369615606702E-4	0.0	9.669353713168656E-5	2.444704523706792E-4
39	1.824406360975218E-6	1.4412810251704223E-4	0.0	9.851794349266178E-5	2.4629485873165445E-4
40	1.824406360975218E-6	1.4595250887801744E-4	0.0	1.00342349853637E-4	2.481192650926297E-4
41	1.824406360975218E-6	1.4777691523899268E-4	0.0	1.0399116257558743E-4	2.572412968975058E-4
42	1.824406360975218E-6	1.5507454068289356E-4	0.0	1.1858641346338918E-4	2.572412968975058E-4
43	1.824406360975218E-6	1.5872335340484398E-4	0.0	1.1858641346338918E-4	2.608901096194562E-4
44	1.824406360975218E-6	1.7331860429264573E-4	0.0	1.1858641346338918E-4	2.608901096194562E-4
45	1.824406360975218E-6	1.7514301065362094E-4	0.0	1.1858641346338918E-4	2.608901096194562E-4
46	1.824406360975218E-6	1.7514301065362094E-4	0.0	1.1858641346338918E-4	2.6271451598043144E-4
47	1.824406360975218E-6	1.7696741701459616E-4	0.0	1.204108198243644E-4	2.645389223414066E-4
48	1.824406360975218E-6	1.7696741701459616E-4	0.0	1.204108198243644E-4	2.6818773506335705E-4
49	1.824406360975218E-6	1.806162297365466E-4	0.0	1.222352261853396E-4	2.6818773506335705E-4
50	1.824406360975218E-6	1.8244063609752182E-4	0.0	1.222352261853396E-4	2.7183654778530753E-4
51	1.824406360975218E-6	1.8608944881947224E-4	0.0	1.2770844526826527E-4	2.7730976686823314E-4
52	1.824406360975218E-6	1.915626679023979E-4	0.0	1.2953285162924048E-4	2.809585795901836E-4
53	1.824406360975218E-6	1.9521148062434836E-4	0.0	1.2953285162924048E-4	2.8460739231213404E-4
54	1.824406360975218E-6	2.0250910606824923E-4	0.0	1.3318166435119093E-4	2.8460739231213404E-4
55	1.824406360975218E-6	2.0615791879019965E-4	0.0	1.404792897950918E-4	2.8825620503408446E-4
56	1.824406360975218E-6	2.1163113787312532E-4	0.0	1.496013215999679E-4	3.01027049560911E-4
57	1.824406360975218E-6	2.1527995059507574E-4	0.0	1.5689894704386877E-4	3.028514559218862E-4
58	1.824406360975218E-6	2.1710435695605095E-4	0.0	1.6419657248776964E-4	3.0650026864383664E-4
59	1.824406360975218E-6	2.189287633170262E-4	0.0	1.7331860429264573E-4	3.083246750048119E-4
60	1.824406360975218E-6	2.189287633170262E-4	0.0	1.8426504245849703E-4	3.083246750048119E-4
61	1.824406360975218E-6	2.189287633170262E-4	0.0	1.8608944881947224E-4	3.083246750048119E-4
62	1.824406360975218E-6	2.2622638876092704E-4	0.0	1.897382615414227E-4	3.1744670680968796E-4
63	1.824406360975218E-6	2.3534842056580315E-4	0.0	1.9338707426337312E-4	3.302175513365145E-4
64	1.824406360975218E-6	2.3534842056580315E-4	0.0	1.9703588698532357E-4	3.448128022243162E-4
65	3.648812721950436E-6	2.408216396487288E-4	0.0	1.9886029334629878E-4	3.521104276682171E-4
>>END_MODULE
