##FastQC	0.11.7
>>Basic Statistics	pass
#Measure	Value
Filename	SRR1081765_1_val_1.fq.gz
File type	Conventional base calls
Encoding	Sanger / Illumina 1.9
Total Sequences	21667401
Sequences flagged as poor quality	0
Sequence length	20-76
%GC	49
>>END_MODULE
>>Per base sequence quality	pass
#Base	Mean	Median	Lower Quartile	Upper Quartile	10th Percentile	90th Percentile
1	32.50800665940507	34.0	31.0	34.0	30.0	34.0
2	32.69619743503155	34.0	31.0	34.0	31.0	34.0
3	32.23193390845538	34.0	31.0	34.0	30.0	34.0
4	35.96431957852259	37.0	37.0	37.0	35.0	37.0
5	35.95427319594076	37.0	35.0	37.0	35.0	37.0
6	35.99301148301081	37.0	36.0	37.0	35.0	37.0
7	36.014154074131916	37.0	37.0	37.0	35.0	37.0
8	36.01607530132479	37.0	37.0	37.0	35.0	37.0
9	37.81009152874403	39.0	39.0	39.0	35.0	39.0
10-11	37.82389057644708	39.0	39.0	39.0	35.0	39.0
12-13	37.78205657891318	39.0	38.0	39.0	35.0	39.0
14-15	39.28967055162731	41.0	39.0	41.0	36.0	41.0
16-17	39.27524618665616	41.0	39.0	41.0	36.0	41.0
18-19	39.272866759608135	41.0	39.0	41.0	36.0	41.0
20-21	39.26324240362908	41.0	39.0	41.0	36.0	41.0
22-23	39.23107116100469	41.0	39.0	41.0	36.0	41.0
24-25	39.19896049486319	41.0	39.0	41.0	36.0	41.0
26-27	39.149034711610724	41.0	39.0	41.0	35.0	41.0
28-29	39.100078782037144	41.0	39.0	41.0	35.0	41.0
30-31	39.043593482644084	41.0	39.0	41.0	35.0	41.0
32-33	38.985509518058464	41.0	39.0	41.0	35.0	41.0
34-35	38.919595641306685	41.0	39.0	41.0	35.0	41.0
36-37	38.85483286316113	41.0	38.0	41.0	35.0	41.0
38-39	38.77024315779717	40.5	38.0	41.0	34.5	41.0
40-41	38.709376240430075	40.0	38.0	41.0	34.0	41.0
42-43	38.64161147337284	40.0	38.0	41.0	34.0	41.0
44-45	38.57388429238787	40.0	38.0	41.0	34.0	41.0
46-47	38.485442066316985	40.0	38.0	41.0	34.0	41.0
48-49	38.39361941435112	40.0	37.5	41.0	34.0	41.0
50-51	38.30696293410733	40.0	37.0	41.0	33.5	41.0
52-53	38.19252053934382	40.0	37.0	41.0	33.0	41.0
54-55	38.0574460903696	40.0	36.0	41.0	33.0	41.0
56-57	37.885555501918176	40.0	36.0	41.0	33.0	41.0
58-59	37.691429188490254	39.0	35.0	41.0	33.0	41.0
60-61	37.46844515595649	39.0	35.0	41.0	33.0	41.0
62-63	37.24553353596491	39.0	35.0	41.0	33.0	41.0
64-65	37.000398703611744	37.5	35.0	41.0	33.0	41.0
66-67	36.75362587871949	37.0	35.0	40.0	32.5	41.0
68-69	36.498132791201016	37.0	35.0	40.0	32.0	41.0
70-71	36.238842758638384	36.0	35.0	39.0	32.0	41.0
72-73	35.99517746944239	36.0	35.0	39.0	32.0	41.0
74-75	35.7986991648281	35.0	35.0	38.5	32.0	40.5
76	35.05128650569445	35.0	34.0	37.0	31.0	39.0
>>END_MODULE
>>Per sequence quality scores	pass
#Quality	Count
14	1.0
15	18.0
16	43.0
17	95.0
18	156.0
19	365.0
20	3556.0
21	12682.0
22	27049.0
23	44011.0
24	63555.0
25	86133.0
26	110946.0
27	138006.0
28	168344.0
29	202582.0
30	245784.0
31	302110.0
32	373836.0
33	473910.0
34	626971.0
35	891551.0
36	1421786.0
37	2495697.0
38	4337303.0
39	6973135.0
40	2667776.0
>>END_MODULE
>>Per base sequence content	fail
#Base	G	A	T	C
1	26.82598018931875	12.610878315207186	15.179065549012078	45.38407594646199
2	21.333440842805338	21.96262510437865	35.6626980471246	21.041236005691417
3	26.629025574878394	23.526148508363626	24.153947717844392	25.690878198913587
4	26.803419665463974	31.31367233044199	18.802119578195757	23.080788425898284
5	27.38038610332405	31.70028099903009	20.907541262642255	20.0117916350036
6	21.581126322987714	33.675303626234374	22.143114556040327	22.600455494737588
7	19.18918824118215	16.13680129243097	40.492081164989685	24.181929301397197
8	20.975641973077348	20.626772156210233	27.73344278341161	30.664143087300804
9	21.73409868922396	20.161424056353912	29.989080520167672	28.115396734254457
10-11	25.668487516143184	29.86948694100934	20.42744015684109	24.034585386006384
12-13	23.0867021965983	23.692002312947224	27.72751873638642	25.493776754068058
14-15	23.667200634216183	24.976056155973204	26.69310572605944	24.663637483751174
16-17	24.548294734084426	25.24233972371544	25.53292192176759	24.676443620432547
18-19	24.469247363692958	25.583989393036354	25.244806574655797	24.70195666861489
20-21	24.288827318307494	25.600709383942544	25.564731492481478	24.545731805268485
22-23	24.438555112942396	25.766148310624438	25.550518027793913	24.244778548639253
24-25	24.433785944862706	25.796833778876838	25.455771544801177	24.313608731459283
26-27	24.289268623027645	25.823290673572124	25.531093796579334	24.356346906820896
28-29	24.427770685676478	25.540393459813675	25.52023452790417	24.511601326605675
30-31	24.16730041892412	25.686064574266513	25.5983523366492	24.54828267016017
32-33	24.177062877883188	25.788008333292062	25.66108165523719	24.373847133587564
34-35	24.517267996447444	25.7620586759796	25.37450781002975	24.346165517543202
36-37	24.37429832889962	25.673633218724255	25.446376004744824	24.505692447631304
38-39	24.259634625075627	25.741342635587383	25.637428411019375	24.36159432831762
40-41	24.326501867165227	25.692942042809825	25.600853476397322	24.379702613627618
42-43	24.184555467210068	25.617777016218767	25.738941518885326	24.458725997685836
44-45	24.26639829015934	25.687608881083136	25.70496177193928	24.34103105681824
46-47	24.372822779343068	25.688396835379628	25.525895676102216	24.41288470917509
48-49	24.30693109059684	25.631878717755978	25.61565102167335	24.445539169973827
50-51	24.22289589145175	25.73655255712641	25.64505878903273	24.39549276238911
52-53	24.365686768908272	25.71207138218326	25.5308696804824	24.391372168426074
54-55	24.26045001364306	25.654962553024436	25.61806279393042	24.46652463940209
56-57	24.22280872336888	25.676081842432136	25.717810139008467	24.383299295190515
58-59	24.345503554254908	25.67568285419663	25.55880483242472	24.420008759123746
60-61	24.210285781562142	25.726285865644282	25.678402632399084	24.38502572039449
62-63	24.1308261255122	25.737067453864615	25.823036965716543	24.309069454906634
64-65	24.297776431250515	25.685455071938296	25.693534235514438	24.32323426129675
66-67	24.292533065260436	25.670962416876904	25.64158489861245	24.394919619250206
68-69	24.192126523607975	25.763958731717036	25.71182193337717	24.33209281129782
70-71	24.308857259964732	25.67497575545031	25.70096763871837	24.315199345866592
72-73	24.240206005974574	25.548277512567708	25.83300535541933	24.378511126038386
74-75	24.438571038896445	22.18475474024471	27.435869717958983	25.940804502899862
76	25.53795121365804	0.0	37.676792771288	36.78525601505396
>>END_MODULE
>>Per sequence GC content	pass
#GC Content	Count
0	886.0
1	781.0
2	728.5
3	780.0
4	801.0
5	930.0
6	1148.0
7	1365.5
8	1549.0
9	1732.5
10	2016.0
11	2344.5
12	2650.0
13	3201.0
14	4195.0
15	5571.0
16	7316.0
17	9143.0
18	12843.5
19	20128.5
20	29059.5
21	36698.0
22	49955.0
23	73917.0
24	99304.0
25	119108.5
26	151314.5
27	199192.5
28	243085.0
29	275124.5
30	316070.5
31	372570.0
32	421597.5
33	452501.0
34	492648.5
35	547200.0
36	593132.0
37	623862.0
38	655898.5
39	703840.5
40	744456.5
41	781073.5
42	805720.0
43	818003.0
44	836317.0
45	845560.5
46	841702.5
47	849804.0
48	864441.0
49	870500.0
50	872062.0
51	874430.0
52	874231.0
53	866839.5
54	856321.5
55	838086.5
56	821208.0
57	798049.0
58	775735.0
59	753452.0
60	718353.0
61	669418.0
62	628864.0
63	582928.0
64	514419.0
65	451862.5
66	387811.5
67	343657.5
68	305023.5
69	254801.0
70	205759.5
71	172184.0
72	148901.0
73	119766.0
74	93911.5
75	77838.0
76	67697.0
77	55311.0
78	43543.0
79	35763.5
80	30573.0
81	24305.5
82	18706.5
83	14969.5
84	11662.0
85	7217.0
86	4195.0
87	2884.5
88	2164.5
89	1396.5
90	961.5
91	725.0
92	584.5
93	389.0
94	189.5
95	106.5
96	84.0
97	82.5
98	51.5
99	18.5
100	17.0
>>END_MODULE
>>Per base N content	pass
#Base	N-Count
1	0.17565096986020612
2	0.005044444416753075
3	5.676730679420204E-4
4	0.06216712378194321
5	0.044652332783244285
6	0.005949029142904587
7	0.0014999491632614358
8	0.0013522618610326176
9	0.0028522110242940536
10-11	0.005261360141901652
12-13	0.007093605735177929
14-15	0.007395903181927542
16-17	0.007322059530813133
18-19	0.01102347254292289
20-21	0.009845174136113664
22-23	0.009534839066807525
24-25	0.009529376520332228
26-27	0.00639801178722186
28-29	0.004972443393725211
30-31	0.0040729644874271335
32-33	0.0044153704692525214
34-35	0.003637636230171467
36-37	0.0021176829305024655
38-39	0.003999305396001946
40-41	0.00389071873569691
42-43	0.0026514552693343387
44-45	0.0042729784002452165
46-47	0.003423065077583119
48-49	0.0025462776063100577
50-51	0.004754784621419087
52-53	0.0043304631713695805
54-55	0.0036627610677305686
56-57	0.0017762373748669983
58-59	0.001294077678077374
60-61	0.0021465325777444925
62-63	0.0021569366955039794
64-65	0.0019962377619339045
66-67	9.849748681777263E-4
68-69	3.331338231881129E-4
70-71	1.6596085097327266E-4
72-73	7.144968714953958E-4
74-75	2.5610034872160084E-6
76	0.0
>>END_MODULE
>>Sequence Length Distribution	warn
#Length	Count
20-21	7903.0
22-23	8420.0
24-25	9110.0
26-27	10042.0
28-29	10956.0
30-31	11600.0
32-33	12463.0
34-35	13252.0
36-37	13803.0
38-39	14692.0
40-41	15803.0
42-43	16157.0
44-45	17411.0
46-47	18644.0
48-49	19395.0
50-51	21104.0
52-53	22450.0
54-55	24251.0
56-57	26370.0
58-59	28980.0
60-61	32409.0
62-63	36735.0
64-65	43736.0
66-67	53464.0
68-69	67303.0
70-71	111844.0
72-73	657265.0
74-75	6676334.0
76-77	1.3665505E7
>>END_MODULE
>>Sequence Duplication Levels	pass
#Total Deduplicated Percentage	84.30424542715157
#Duplication Level	Percentage of deduplicated	Percentage of total
1	89.92865239866295	75.81367182749884
2	7.182012414080208	12.109482744349343
3	1.6258929042751131	4.112090233208201
4	0.5710705740414482	1.9257469532085834
5	0.24623020619039174	1.037912586712646
6	0.1389417873797638	0.7028029526010431
7	0.07465311602958401	0.4405502230961771
8	0.0492017786380091	0.33183350574008824
9	0.031285290754254805	0.23737345470058435
>10	0.1382787570207168	2.00520929638031
>50	0.009078694461547474	0.5301915315015183
>100	0.004563601550203866	0.6738618208781333
>500	1.1081222350430645E-4	0.05375804588129418
>1k	2.76646922676661E-5	0.025514824243268702
>5k	0.0	0.0
>10k+	0.0	0.0
>>END_MODULE
>>Overrepresented sequences	pass
>>END_MODULE
>>Adapter Content	pass
#Position	Illumina Universal Adapter	Illumina Small RNA 3' Adapter	Illumina Small RNA 5' Adapter	Nextera Transposase Sequence	SOLID Small RNA Adapter
1	0.0	0.0	0.0	4.615228194650572E-6	0.0
2	0.0	0.0	0.0	9.230456389301144E-6	0.0
3	0.0	4.615228194650572E-6	0.0	9.230456389301144E-6	0.0
4	0.0	4.615228194650572E-6	0.0	9.230456389301144E-6	0.0
5	0.0	4.615228194650572E-6	0.0	1.8460912778602288E-5	0.0
6	0.0	4.615228194650572E-6	0.0	1.8460912778602288E-5	0.0
7	0.0	1.3845684583951717E-5	0.0	2.307614097325286E-5	0.0
8	0.0	1.3845684583951717E-5	0.0	3.2306597362554007E-5	0.0
9	0.0	1.3845684583951717E-5	0.0	3.2306597362554007E-5	0.0
10	0.0	2.7691369167903434E-5	4.615228194650572E-6	3.2306597362554007E-5	0.0
11	0.0	3.6921825557204576E-5	4.615228194650572E-6	3.2306597362554007E-5	0.0
12	0.0	3.6921825557204576E-5	4.615228194650572E-6	3.2306597362554007E-5	0.0
13	0.0	4.615228194650572E-5	4.615228194650572E-6	3.2306597362554007E-5	0.0
14	0.0	6.461319472510801E-5	4.615228194650572E-6	4.1537053751855145E-5	0.0
15	0.0	6.461319472510801E-5	4.615228194650572E-6	4.1537053751855145E-5	0.0
16	0.0	6.461319472510801E-5	4.615228194650572E-6	4.1537053751855145E-5	0.0
17	0.0	6.461319472510801E-5	4.615228194650572E-6	4.1537053751855145E-5	0.0
18	0.0	6.461319472510801E-5	4.615228194650572E-6	4.615228194650572E-5	4.615228194650572E-6
19	0.0	6.922842291975858E-5	4.615228194650572E-6	4.615228194650572E-5	4.615228194650572E-6
20	0.0	7.384365111440915E-5	4.615228194650572E-6	4.615228194650572E-5	9.230456389301144E-6
21	0.0	7.384365111440915E-5	4.615228194650572E-6	4.615228194650572E-5	9.230456389301144E-6
22	0.0	7.384365111440915E-5	4.615228194650572E-6	4.615228194650572E-5	9.230456389301144E-6
23	0.0	9.230456389301144E-5	4.615228194650572E-6	4.615228194650572E-5	9.230456389301144E-6
24	0.0	9.691979208766202E-5	4.615228194650572E-6	4.615228194650572E-5	9.230456389301144E-6
25	0.0	9.691979208766202E-5	4.615228194650572E-6	5.538273833580687E-5	9.230456389301144E-6
26	0.0	9.691979208766202E-5	4.615228194650572E-6	6.461319472510801E-5	9.230456389301144E-6
27	0.0	1.0153502028231258E-4	4.615228194650572E-6	6.461319472510801E-5	9.230456389301144E-6
28	0.0	1.0615024847696316E-4	4.615228194650572E-6	6.922842291975858E-5	9.230456389301144E-6
29	0.0	1.0615024847696316E-4	4.615228194650572E-6	6.922842291975858E-5	9.230456389301144E-6
30	0.0	1.0615024847696316E-4	4.615228194650572E-6	6.922842291975858E-5	9.230456389301144E-6
31	0.0	1.0615024847696316E-4	4.615228194650572E-6	7.845887930905973E-5	9.230456389301144E-6
32	0.0	1.1076547667161373E-4	4.615228194650572E-6	8.768933569836087E-5	9.230456389301144E-6
33	0.0	1.1076547667161373E-4	4.615228194650572E-6	9.230456389301144E-5	9.230456389301144E-6
34	0.0	1.1076547667161373E-4	4.615228194650572E-6	9.230456389301144E-5	9.230456389301144E-6
35	0.0	1.2922638945021603E-4	4.615228194650572E-6	9.230456389301144E-5	9.230456389301144E-6
36	0.0	1.338416176448666E-4	4.615228194650572E-6	9.230456389301144E-5	9.230456389301144E-6
37	0.0	1.4307207403416774E-4	4.615228194650572E-6	9.691979208766202E-5	9.230456389301144E-6
38	0.0	1.476873022288183E-4	4.615228194650572E-6	1.0615024847696316E-4	9.230456389301144E-6
39	0.0	1.5230253042346887E-4	4.615228194650572E-6	1.0615024847696316E-4	9.230456389301144E-6
40	0.0	1.5230253042346887E-4	4.615228194650572E-6	1.153807048662643E-4	1.3845684583951717E-5
41	0.0	1.5230253042346887E-4	4.615228194650572E-6	1.1999593306091487E-4	1.3845684583951717E-5
42	0.0	1.5230253042346887E-4	4.615228194650572E-6	1.1999593306091487E-4	1.8460912778602288E-5
43	0.0	1.5691775861811946E-4	4.615228194650572E-6	1.1999593306091487E-4	1.8460912778602288E-5
44	0.0	1.7076344320207117E-4	4.615228194650572E-6	1.1999593306091487E-4	1.8460912778602288E-5
45	0.0	1.7076344320207117E-4	4.615228194650572E-6	1.1999593306091487E-4	1.8460912778602288E-5
46	0.0	1.7076344320207117E-4	4.615228194650572E-6	1.1999593306091487E-4	1.8460912778602288E-5
47	0.0	1.7537867139672173E-4	4.615228194650572E-6	1.1999593306091487E-4	1.8460912778602288E-5
48	0.0	1.7999389959137232E-4	4.615228194650572E-6	1.2922638945021603E-4	1.8460912778602288E-5
49	0.0	1.7999389959137232E-4	4.615228194650572E-6	1.2922638945021603E-4	1.8460912778602288E-5
50	0.0	1.8922435598067345E-4	4.615228194650572E-6	1.338416176448666E-4	1.8460912778602288E-5
51	0.0	1.8922435598067345E-4	4.615228194650572E-6	1.3845684583951715E-4	1.8460912778602288E-5
52	0.0	1.8922435598067345E-4	4.615228194650572E-6	1.4307207403416774E-4	3.2306597362554007E-5
53	0.0	1.8922435598067345E-4	4.615228194650572E-6	1.4307207403416774E-4	3.2306597362554007E-5
54	0.0	1.8922435598067345E-4	4.615228194650572E-6	1.4307207403416774E-4	3.2306597362554007E-5
55	0.0	1.8922435598067345E-4	4.615228194650572E-6	1.4307207403416774E-4	3.2306597362554007E-5
56	0.0	1.8922435598067345E-4	4.615228194650572E-6	1.476873022288183E-4	3.2306597362554007E-5
57	0.0	2.1691572514857688E-4	4.615228194650572E-6	1.5230253042346887E-4	3.2306597362554007E-5
58	0.0	2.2614618153787803E-4	4.615228194650572E-6	1.5230253042346887E-4	3.2306597362554007E-5
59	0.0	2.3999186612182975E-4	4.615228194650572E-6	1.6153298681277002E-4	3.2306597362554007E-5
60	0.0	2.3999186612182975E-4	4.615228194650572E-6	1.6614821500742058E-4	3.2306597362554007E-5
61	0.0	2.4460709431648034E-4	4.615228194650572E-6	1.6614821500742058E-4	3.2306597362554007E-5
62	0.0	2.5383755070578146E-4	4.615228194650572E-6	1.7537867139672173E-4	3.2306597362554007E-5
63	0.0	2.5383755070578146E-4	4.615228194650572E-6	1.7999389959137232E-4	3.2306597362554007E-5
64	0.0	2.5383755070578146E-4	4.615228194650572E-6	1.7999389959137232E-4	3.2306597362554007E-5
65	0.0	2.676832352897332E-4	9.230456389301144E-6	1.846091277860229E-4	3.6921825557204576E-5
>>END_MODULE
