##FastQC	0.11.7
>>Basic Statistics	pass
#Measure	Value
Filename	SRR1120296_1.fastq.gz
File type	Conventional base calls
Encoding	Sanger / Illumina 1.9
Total Sequences	30554682
Sequences flagged as poor quality	0
Sequence length	76
%GC	50
>>END_MODULE
>>Per base sequence quality	pass
#Base	Mean	Median	Lower Quartile	Upper Quartile	10th Percentile	90th Percentile
1	31.013540085280546	33.0	31.0	34.0	27.0	34.0
2	31.360905343410217	34.0	31.0	34.0	28.0	34.0
3	30.655934530753747	34.0	31.0	34.0	26.0	34.0
4	34.54930429320128	37.0	35.0	37.0	31.0	37.0
5	34.439076996448534	37.0	35.0	37.0	30.0	37.0
6	34.44744366837135	37.0	35.0	37.0	31.0	37.0
7	34.46614607214698	37.0	35.0	37.0	31.0	37.0
8	34.45897460166661	37.0	35.0	37.0	31.0	37.0
9	35.996456156866564	39.0	37.0	39.0	30.0	39.0
10-11	36.011751505055756	39.0	37.0	39.0	31.0	39.0
12-13	35.95881276067609	39.0	37.0	39.0	30.0	39.0
14-15	37.25302006088625	40.0	38.0	41.0	31.0	41.0
16-17	37.21079226090456	40.0	38.0	41.0	31.0	41.0
18-19	37.183796840039115	40.0	38.0	41.0	31.0	41.0
20-21	37.15421417247936	40.0	38.0	41.0	31.0	41.0
22-23	37.088816273721974	40.0	38.0	41.0	30.5	41.0
24-25	37.017637509694914	40.0	38.0	41.0	30.0	41.0
26-27	36.91712932898467	40.0	37.0	41.0	30.0	41.0
28-29	36.82385215136587	40.0	37.0	41.0	30.0	41.0
30-31	36.71881347022365	40.0	37.0	41.0	30.0	41.0
32-33	36.615381695021405	40.0	37.0	41.0	30.0	41.0
34-35	36.50807071073429	40.0	37.0	41.0	29.5	41.0
36-37	36.391888483735485	40.0	36.5	41.0	29.0	41.0
38-39	36.25644218781265	40.0	36.0	41.0	28.5	41.0
40-41	36.12044103420877	40.0	36.0	41.0	28.0	41.0
42-43	35.97111419781754	40.0	35.0	41.0	28.0	41.0
44-45	35.81502677723826	40.0	35.0	41.0	27.0	41.0
46-47	35.6677230677773	40.0	35.0	41.0	27.0	41.0
48-49	35.47881967811021	39.0	35.0	41.0	26.0	41.0
50-51	35.291097662217524	39.0	35.0	41.0	26.0	41.0
52-53	35.08651155328666	39.0	35.0	41.0	26.0	41.0
54-55	34.848312232475536	39.0	35.0	41.0	25.5	41.0
56-57	34.60085207235997	38.0	34.0	41.0	25.0	41.0
58-59	34.330180477741514	37.5	34.0	40.5	24.0	41.0
60-61	34.045132903035935	37.0	34.0	40.0	23.5	41.0
62-63	33.725186012408834	36.5	34.0	40.0	23.0	41.0
64-65	33.398997950625045	36.0	33.5	39.5	22.0	41.0
66-67	33.04994213325473	35.5	33.0	39.0	21.5	41.0
68-69	32.70645354777379	35.0	33.0	39.0	20.0	41.0
70-71	32.36305823768678	35.0	33.0	38.5	19.0	40.5
72-73	31.95976740978682	35.0	33.0	37.0	8.0	40.0
74-75	31.472737958784844	35.0	33.0	37.0	2.0	39.0
76	28.19699494827012	35.0	28.0	36.0	2.0	39.0
>>END_MODULE
>>Per sequence quality scores	pass
#Quality	Count
2	550846.0
3	182603.0
4	108376.0
5	71744.0
6	58044.0
7	54179.0
8	54784.0
9	57188.0
10	61609.0
11	66475.0
12	71234.0
13	76118.0
14	79085.0
15	82710.0
16	85874.0
17	87816.0
18	91328.0
19	95547.0
20	101089.0
21	108973.0
22	120845.0
23	138091.0
24	161578.0
25	191313.0
26	227312.0
27	271844.0
28	322633.0
29	384383.0
30	460866.0
31	556871.0
32	683962.0
33	857309.0
34	1123113.0
35	1557519.0
36	2366336.0
37	3861423.0
38	5854178.0
39	7296514.0
40	1972970.0
>>END_MODULE
>>Per base sequence content	fail
#Base	G	A	T	C
1	26.36237038618488	12.848994569625546	15.881324109648215	44.907310934541364
2	23.393629692486638	20.761001906515883	33.46730560429393	22.37806279670356
3	27.75376379578418	22.74849840107105	23.962892345548013	25.534845457596756
4	27.591616186001072	29.781866309631038	18.734464331374642	23.892053172993243
5	28.595328333377378	30.957759872496176	20.261745293706888	20.185166500419555
6	22.739013822767074	32.872773112898464	20.865038399777404	23.523174664557057
7	20.241101463633587	16.126391223471035	39.06308154756425	24.569425765331125
8	21.556009843613808	20.72572631920343	26.50792105447661	31.210342782706146
9	22.139669796774765	20.45674535801019	29.121892341078247	28.281692504136803
10-11	26.37631363435391	29.08569467207941	19.948308546916486	24.589683146650195
12-13	23.93879424545665	23.090245185513734	26.90848264171833	26.06247792731129
14-15	24.358648318489323	24.51597669554382	25.907090335490395	25.218284650476463
16-17	25.27863340827666	24.6513391778051	24.817153642770396	25.25287377114785
18-19	25.157210218744027	25.042515075386962	24.577446764381154	25.222827941487864
20-21	25.082648036102984	24.986614804607253	24.881450206401958	25.04928695288781
22-23	25.07703948058425	25.203726208097194	24.902775863659933	24.816458447658622
24-25	24.99236608632335	25.133490770764517	24.983272832227975	24.890870310684164
26-27	24.90062202889368	25.139740386391292	24.993325857945024	24.966311726770012
28-29	25.071299078315874	25.014325943586957	24.90949190560658	25.004883072490593
30-31	24.81213521341069	25.12021814274869	25.037164078794067	25.03048256504655
32-33	24.87897813414956	25.179475113196236	24.93426168228123	25.00728507037297
34-35	25.21402305428643	25.104585031961808	24.7088389933221	24.972552920429667
36-37	25.09546759274157	25.058451200085692	24.849463669053055	24.996617538119683
38-39	25.023894987956506	25.100468288403903	24.9778138429115	24.89782288072809
40-41	25.130735024789658	24.99915912477287	24.914462734742287	24.955643115695185
42-43	24.88612632164773	25.093974663377654	25.071105731670862	24.948793283303754
44-45	24.948962858840655	25.106476251087972	25.07212796456925	24.872432925502125
46-47	25.08982036418171	25.054752626868293	24.87167730283829	24.98374970611171
48-49	24.957943339315797	25.054974195127944	24.98293387886873	25.004148586687524
50-51	25.006166423681474	25.083995119760537	24.963115211446873	24.94672324511111
52-53	25.08627980442824	25.114188792256552	24.79025173033024	25.009279672984963
54-55	24.995006449879487	25.098489633579806	24.912058852335207	24.9944450642055
56-57	24.97808248579365	24.998828572756125	25.04081501287408	24.982273928576145
58-59	25.060709675845022	25.03230263584173	24.90082862895435	25.006159059358897
60-61	24.990108674712324	25.040757170046785	25.003298199509572	24.965835955731315
62-63	24.912006274614136	25.12669289643214	25.082869513910524	24.878431315043198
64-65	25.074186598747144	25.054011915812247	24.960945204926137	24.910856280514473
66-67	25.002526929970585	25.144707656133015	24.908243310362053	24.944522103534343
68-69	25.04950574447969	25.201977774908308	24.91024910229463	24.83826737831737
70-71	25.074097659182172	25.12577172122676	24.91086326581676	24.88926735377431
72-73	25.00157760910525	25.249414435358975	24.89817384218057	24.85083411335521
74-75	25.059257013154575	25.29177630883404	24.93183348674563	24.71713319126576
76	25.12054254002209	25.060306189897208	24.890920252739434	24.928231017341272
>>END_MODULE
>>Per sequence GC content	pass
#GC Content	Count
0	395.0
1	334.0
2	284.5
3	318.0
4	340.0
5	406.5
6	534.0
7	597.5
8	600.0
9	705.0
10	935.5
11	1237.0
12	1413.0
13	1736.0
14	2633.0
15	4226.0
16	6656.5
17	8068.0
18	10923.5
19	18425.0
20	29786.0
21	36501.0
22	46580.0
23	71076.0
24	104289.0
25	123085.0
26	148159.5
27	202001.0
28	265035.5
29	299303.0
30	338536.0
31	416787.5
32	504563.0
33	553320.0
34	593972.5
35	673099.0
36	747538.5
37	783504.0
38	823255.5
39	908137.5
40	985635.0
41	1050499.0
42	1082996.0
43	1108855.0
44	1155641.0
45	1191180.0
46	1205792.0
47	1221291.5
48	1236263.0
49	1236286.0
50	1236837.0
51	1239307.5
52	1227911.0
53	1203902.0
54	1193760.0
55	1191327.5
56	1178129.5
57	1149112.5
58	1130861.0
59	1105220.0
60	1052313.0
61	986687.5
62	948328.0
63	901799.0
64	802485.0
65	697861.0
66	591719.5
67	537417.0
68	487291.0
69	394069.5
70	310201.0
71	269428.0
72	240232.5
73	185167.0
74	139928.5
75	120560.0
76	105322.0
77	78268.0
78	57502.0
79	48552.0
80	41824.0
81	30116.0
82	20857.0
83	16578.0
84	13019.5
85	7126.0
86	3598.0
87	2405.0
88	1744.0
89	814.5
90	467.5
91	281.0
92	173.0
93	148.0
94	106.5
95	69.0
96	48.0
97	48.0
98	48.0
99	33.0
100	18.0
>>END_MODULE
>>Per base N content	warn
#Base	N-Count
1	0.17319113319523338
2	0.0068434683758122564
3	0.0046375871298546
4	0.125064302747448
5	0.06157157845727211
6	0.06588188350315674
7	0.06296580013498422
8	0.05734963957405939
9	0.05624342613024085
10-11	0.062422511875594056
12-13	0.05359898689176343
14-15	0.050311438358284985
16-17	0.04161228056636296
18-19	0.03634303901444629
20-21	0.03799417712807484
22-23	0.03416988597688563
24-25	0.03292785046821957
26-27	0.03127998517543072
28-29	0.02562127794358979
30-31	0.025239994315764767
32-33	0.024937258388092538
34-35	0.029725395276573325
36-37	0.024235238317976932
38-39	0.024483972701794112
40-41	0.020142575857932346
42-43	0.021886989365492333
44-45	0.01914927473308346
46-47	0.01713158068540854
48-49	0.016761751930522463
50-51	0.020229305610184392
52-53	0.01761923099052381
54-55	0.017260857108576683
56-57	0.01421222449639633
58-59	0.013603479820212169
60-61	0.01283763974372242
62-63	0.011913067856507229
64-65	0.013143648492234348
66-67	0.012358171490706399
68-69	0.010397751807726226
70-71	0.008520789056158398
72-73	0.006938380180163552
74-75	0.00989701021925216
76	9.790941368658329
>>END_MODULE
>>Sequence Length Distribution	pass
#Length	Count
76	3.0554682E7
>>END_MODULE
>>Sequence Duplication Levels	pass
#Total Deduplicated Percentage	79.35883498523299
#Duplication Level	Percentage of deduplicated	Percentage of total
1	88.81131553778093	70.47962534584215
2	7.944173550443299	12.608807157673645
3	1.8118396496212559	4.313564513219868
4	0.6213851887056185	1.9724961861102817
5	0.2897872984778767	1.149859120036114
6	0.15023309147702613	0.7153393869508038
7	0.08042117565527632	0.44674915657018566
8	0.04887280878781816	0.31027913342858454
9	0.035785627199131184	0.25559151153650256
>10	0.1676950355886947	2.5371931863275443
>50	0.019168262921624917	1.07780531567734
>100	0.017135106003184793	2.7488775706785233
>500	0.0018011788378252097	0.952736969160286
>1k	3.864885005144752E-4	0.43107544678800264
>5k	0.0	0.0
>10k+	0.0	0.0
>>END_MODULE
>>Overrepresented sequences	pass
>>END_MODULE
>>Adapter Content	pass
#Position	Illumina Universal Adapter	Illumina Small RNA 3' Adapter	Illumina Small RNA 5' Adapter	Nextera Transposase Sequence	SOLID Small RNA Adapter
1	5.891077511459618E-5	9.818462519099365E-6	0.0	9.818462519099365E-6	0.0
2	9.491180435129385E-5	5.236513343519661E-5	3.2728208396997883E-6	6.545641679399577E-5	3.2728208396997883E-6
3	2.585528463362833E-4	5.236513343519661E-5	3.2728208396997883E-6	7.200205847339533E-5	6.5456416793995765E-6
4	9.687549685511372E-4	5.236513343519661E-5	3.2728208396997883E-6	8.18205209924947E-5	6.5456416793995765E-6
5	0.001145487293894926	5.56379542748964E-5	3.2728208396997883E-6	8.509334183219449E-5	6.5456416793995765E-6
6	0.0014236770652694079	5.56379542748964E-5	3.2728208396997883E-6	9.491180435129385E-5	6.5456416793995765E-6
7	0.001528407332139801	7.200205847339533E-5	3.2728208396997883E-6	1.112759085497928E-4	6.5456416793995765E-6
8	0.0016789570907659913	8.18205209924947E-5	3.2728208396997883E-6	1.341856544276913E-4	6.5456416793995765E-6
9	0.0019473283996213739	8.18205209924947E-5	3.2728208396997883E-6	1.4400411694679067E-4	6.5456416793995765E-6
10	0.0024775253756527398	8.836616267189428E-5	3.2728208396997883E-6	1.4727693778649048E-4	6.5456416793995765E-6
11	0.0029553572182489086	9.163898351159407E-5	3.2728208396997883E-6	1.5054975862619025E-4	6.5456416793995765E-6
12	0.003433189060845078	9.491180435129385E-5	3.2728208396997883E-6	1.5709540030558984E-4	6.5456416793995765E-6
13	0.004123754258021733	1.0473026687039322E-4	3.2728208396997883E-6	1.6036822114528961E-4	6.5456416793995765E-6
14	0.004660496875732498	1.1454872938949259E-4	3.2728208396997883E-6	1.636410419849894E-4	6.5456416793995765E-6
15	0.005311788222832756	1.2109437106889216E-4	3.2728208396997883E-6	1.9636925038198728E-4	6.5456416793995765E-6
16	0.006067809836803407	1.2764001274829173E-4	3.2728208396997883E-6	1.9964207122168706E-4	6.5456416793995765E-6
17	0.006869650942529855	1.3091283358799153E-4	3.2728208396997883E-6	2.1273335458048623E-4	9.818462519099365E-6
18	0.007638763839859305	1.3091283358799153E-4	3.2728208396997883E-6	2.225518170995856E-4	9.818462519099365E-6
19	0.008407876737188756	1.374584752673911E-4	3.2728208396997883E-6	2.2582463793928537E-4	9.818462519099365E-6
20	0.009193353738716705	1.374584752673911E-4	3.2728208396997883E-6	2.3237027961868495E-4	9.818462519099365E-6
21	0.009955920994366756	1.4400411694679067E-4	3.2728208396997883E-6	2.3237027961868495E-4	1.3091283358799153E-5
22	0.010865765187803297	1.4727693778649048E-4	3.2728208396997883E-6	2.3237027961868495E-4	1.636410419849894E-5
23	0.011674151935209143	1.636410419849894E-4	3.2728208396997883E-6	2.3237027961868495E-4	1.636410419849894E-5
24	0.012505448428492891	1.669138628246892E-4	3.2728208396997883E-6	2.3891592129808453E-4	1.963692503819873E-5
25	0.013182922342310747	1.7345950450408878E-4	3.2728208396997883E-6	2.421887421377843E-4	1.963692503819873E-5
26	0.013850577793609504	1.7673232534378856E-4	3.2728208396997883E-6	2.585528463362833E-4	2.6182566717598306E-5
27	0.014541142990786158	1.8000514618348834E-4	3.2728208396997883E-6	2.683713088553826E-4	2.6182566717598306E-5
28	0.015254617933840713	1.898236087025877E-4	3.2728208396997883E-6	2.716441296950824E-4	2.945538755729809E-5
29	0.015955001593536466	1.930964295422875E-4	3.2728208396997883E-6	2.8800823389358134E-4	2.945538755729809E-5
30	0.016504835494606032	1.9964207122168706E-4	3.2728208396997883E-6	2.912810547332811E-4	2.945538755729809E-5
31	0.017074306320713793	2.0618771290108664E-4	3.2728208396997883E-6	2.912810547332811E-4	3.272820839699788E-5
32	0.017722324846974353	2.1273335458048623E-4	3.2728208396997883E-6	2.9455387557298095E-4	3.272820839699788E-5
33	0.01823288489796752	2.16006175420186E-4	3.2728208396997883E-6	2.9455387557298095E-4	3.600102923669767E-5
34	0.01884162957415168	2.16006175420186E-4	3.2728208396997883E-6	2.9782669641268073E-4	3.600102923669767E-5
35	0.019342371162625747	2.225518170995856E-4	3.2728208396997883E-6	2.9782669641268073E-4	3.600102923669767E-5
36	0.019839839930260117	2.2582463793928537E-4	3.2728208396997883E-6	3.010995172523805E-4	4.2546670916097244E-5
37	0.02039621947300908	2.2909745877898517E-4	3.2728208396997883E-6	3.0764515893178006E-4	4.5819491755797036E-5
38	0.02084786874888765	2.2909745877898517E-4	3.2728208396997883E-6	3.141908006111797E-4	4.5819491755797036E-5
39	0.021407521112476315	2.3564310045838473E-4	3.2728208396997883E-6	3.1746362145087945E-4	4.5819491755797036E-5
40	0.021868988850873985	2.3564310045838473E-4	3.2728208396997883E-6	3.1746362145087945E-4	4.5819491755797036E-5
41	0.022337002230951055	2.3564310045838473E-4	3.2728208396997883E-6	3.24009263130279E-4	4.5819491755797036E-5
42	0.02286065356530302	2.3564310045838473E-4	3.2728208396997883E-6	3.338277256493784E-4	4.5819491755797036E-5
43	0.023367940795456486	2.3564310045838473E-4	3.2728208396997883E-6	3.371005464890782E-4	4.5819491755797036E-5
44	0.023875228025609953	2.3891592129808453E-4	3.2728208396997883E-6	3.4691900900817756E-4	4.5819491755797036E-5
45	0.02439560653912222	2.421887421377843E-4	3.2728208396997883E-6	3.5019182984787734E-4	4.5819491755797036E-5
46	0.02486689274003899	2.454615629774841E-4	3.2728208396997883E-6	3.5019182984787734E-4	4.5819491755797036E-5
47	0.025390544074390956	2.585528463362833E-4	3.2728208396997883E-6	3.567374715272769E-4	4.909231259549682E-5
48	0.02592728669210172	2.716441296950824E-4	3.2728208396997883E-6	3.600102923669767E-4	4.909231259549682E-5
49	0.026529485726606482	2.716441296950824E-4	3.2728208396997883E-6	3.665559340463763E-4	5.56379542748964E-5
50	0.027076046806836347	2.716441296950824E-4	3.2728208396997883E-6	3.7310157572577584E-4	5.56379542748964E-5
51	0.027717519691417506	2.8473541305388156E-4	3.2728208396997883E-6	3.763743965654756E-4	5.56379542748964E-5
52	0.028309900263403166	3.2073644229057923E-4	3.2728208396997883E-6	3.8292003824487523E-4	5.891077511459618E-5
53	0.029065921877373817	3.6328311320667645E-4	3.2728208396997883E-6	3.894656799242748E-4	5.891077511459618E-5
54	0.029759759895390172	3.6328311320667645E-4	3.2728208396997883E-6	3.9273850076397456E-4	5.891077511459618E-5
55	0.03040450560081103	3.796472174051754E-4	3.2728208396997883E-6	4.091026049624735E-4	5.891077511459618E-5
56	0.03115070875226258	3.86192859084575E-4	3.2728208396997883E-6	4.2873953000067223E-4	5.891077511459618E-5
57	0.031923094470431734	3.894656799242748E-4	3.2728208396997883E-6	4.385579925197716E-4	5.891077511459618E-5
58	0.032852575588906474	3.894656799242748E-4	3.2728208396997883E-6	4.385579925197716E-4	5.891077511459618E-5
59	0.033935879286847104	3.9601132160367434E-4	3.2728208396997883E-6	4.7128620091676946E-4	5.891077511459618E-5
60	0.035235189160207916	4.0582978412277373E-4	3.2728208396997883E-6	4.974687676343678E-4	6.218359595429597E-5
61	0.03656395442112603	4.091026049624735E-4	3.2728208396997883E-6	5.040144093137673E-4	6.872923763369554E-5
62	0.038174182274258325	4.189210674815729E-4	3.2728208396997883E-6	5.105600509931669E-4	6.872923763369554E-5
63	0.0401640573447958	4.385579925197716E-4	3.2728208396997883E-6	5.203785135122663E-4	6.872923763369554E-5
64	0.042108112923577475	4.614677383976701E-4	3.2728208396997883E-6	5.269241551916658E-4	6.872923763369554E-5
65	0.04400634901060335	4.7128620091676946E-4	6.5456416793995765E-6	5.400154385504651E-4	7.527487931309513E-5
>>END_MODULE
