##FastQC	0.11.7
>>Basic Statistics	pass
#Measure	Value
Filename	SRR1085402_1_val_1.fq.gz
File type	Conventional base calls
Encoding	Sanger / Illumina 1.9
Total Sequences	26462596
Sequences flagged as poor quality	0
Sequence length	20-76
%GC	50
>>END_MODULE
>>Per base sequence quality	pass
#Base	Mean	Median	Lower Quartile	Upper Quartile	10th Percentile	90th Percentile
1	32.474635217194866	34.0	31.0	34.0	30.0	34.0
2	32.68051293984914	34.0	31.0	34.0	31.0	34.0
3	32.52413927945694	34.0	31.0	34.0	30.0	34.0
4	35.99184422420234	37.0	37.0	37.0	35.0	37.0
5	35.933442886706956	37.0	37.0	37.0	35.0	37.0
6	35.9293707994484	37.0	37.0	37.0	35.0	37.0
7	35.91669966922368	37.0	37.0	37.0	35.0	37.0
8	35.93613880512706	37.0	37.0	37.0	35.0	37.0
9	37.74817572697705	39.0	39.0	39.0	35.0	39.0
10-11	37.7888838079227	39.0	39.0	39.0	35.0	39.0
12-13	37.755139575119536	39.0	39.0	39.0	35.0	39.0
14-15	39.29401480489669	41.0	40.0	41.0	36.0	41.0
16-17	39.28558409386592	41.0	40.0	41.0	36.0	41.0
18-19	39.28052657796688	41.0	40.0	41.0	36.0	41.0
20-21	39.273557886432144	41.0	40.0	41.0	36.0	41.0
22-23	39.244224757630576	41.0	40.0	41.0	36.0	41.0
24-25	39.21838683895362	41.0	39.5	41.0	36.0	41.0
26-27	39.15522959213565	41.0	39.0	41.0	35.0	41.0
28-29	39.13651433318903	41.0	39.0	41.0	35.0	41.0
30-31	39.08808592193614	41.0	39.0	41.0	35.0	41.0
32-33	39.04527027179418	41.0	39.0	41.0	35.0	41.0
34-35	38.99835187146038	41.0	39.0	41.0	35.0	41.0
36-37	38.931356792275864	41.0	39.0	41.0	35.0	41.0
38-39	38.870952145878235	41.0	39.0	41.0	35.0	41.0
40-41	38.80244095603893	41.0	38.5	41.0	35.0	41.0
42-43	38.708458122859554	41.0	38.0	41.0	34.0	41.0
44-45	38.61431016067553	41.0	38.0	41.0	34.0	41.0
46-47	38.50838951565498	40.5	38.0	41.0	34.0	41.0
48-49	38.37844901845507	40.0	37.0	41.0	34.0	41.0
50-51	38.240469327227494	40.0	37.0	41.0	33.0	41.0
52-53	38.08788414365023	40.0	36.5	41.0	33.0	41.0
54-55	37.912205319292696	40.0	36.0	41.0	33.0	41.0
56-57	37.72371438525251	39.5	35.0	41.0	33.0	41.0
58-59	37.52476918271998	39.0	35.0	41.0	33.0	41.0
60-61	37.28858110101186	39.0	35.0	41.0	33.0	41.0
62-63	37.033882880412385	38.0	35.0	41.0	33.0	41.0
64-65	36.784075573621905	37.0	35.0	40.5	32.5	41.0
66-67	36.52818812415813	37.0	35.0	40.0	32.0	41.0
68-69	36.28202134898345	36.0	35.0	39.0	32.0	41.0
70-71	36.05042597539041	36.0	35.0	39.0	32.0	41.0
72-73	35.85793054206175	35.0	35.0	39.0	32.5	41.0
74-75	35.70974673504288	35.0	35.0	37.0	33.0	40.0
76	34.77960517984775	35.0	34.0	37.0	30.0	39.0
>>END_MODULE
>>Per sequence quality scores	pass
#Quality	Count
14	3.0
15	7.0
16	29.0
17	61.0
18	153.0
19	1056.0
20	14045.0
21	39515.0
22	69635.0
23	99752.0
24	127926.0
25	154743.0
26	173622.0
27	186167.0
28	198938.0
29	225975.0
30	270197.0
31	329161.0
32	405365.0
33	511865.0
34	683557.0
35	997194.0
36	1657421.0
37	3097208.0
38	5501322.0
39	8490032.0
40	3227647.0
>>END_MODULE
>>Per base sequence content	fail
#Base	G	A	T	C
1	28.021768879850516	12.501065064662923	17.241541435457496	42.235624620029064
2	23.52658730592763	21.53832750378058	33.05491713840067	21.880168051891125
3	27.514776785363072	23.911511307939918	23.781331263241917	24.792380643455093
4	27.325287370635476	31.09858818218743	18.395218070262686	23.180906376914407
5	27.732531329231353	31.391648553264755	20.08768608457412	20.78813403292978
6	21.8556282668028	32.85008473229077	20.89428862203338	24.39999837887305
7	19.474059963415563	14.781491377638003	40.18298585292865	25.561462806017783
8	21.742569718117778	20.14120833765611	25.775815012615695	32.340406931610424
9	21.795428451702126	20.03058283502593	28.919712521047764	29.254276192224182
10-11	26.301389054428743	29.02629157997072	19.779408012337345	24.892911353263194
12-13	23.59417049802536	22.62600559855564	27.445596284035602	26.334227619383398
14-15	24.184301298486368	24.256016627675365	26.250236891871147	25.30944518196712
16-17	25.050119897179083	24.56400836555318	25.013297308671657	25.372574428596085
18-19	24.969136703087987	24.936699916407292	24.816399385349293	25.27776399515543
20-21	24.89567546693255	24.932663539797748	25.083000327130122	25.088660666139578
22-23	24.984522922567574	25.203080426002796	25.03036620202423	24.782030449405397
24-25	24.927987267964816	25.261439648353313	25.02649570625376	24.78407737742811
26-27	24.849836722452135	25.212627894235933	25.046199053482066	24.891336329829862
28-29	24.95667171366446	24.97679139961218	25.054255226299034	25.01228166042433
30-31	24.65277570742676	25.162899860000177	25.27186562538465	24.91245880718842
32-33	24.686315904367877	25.20628663011198	25.21720347853926	24.890193986980886
34-35	25.098708963646267	25.186666438701323	24.921892548787167	24.792732048865247
36-37	24.9217961332192	25.124774409360267	25.040985503874047	24.912443953546486
38-39	24.799296496938723	25.116951686923837	25.176118698174086	24.907633117963353
40-41	24.950619974947006	25.066646608301223	25.111316394885414	24.871417021866357
42-43	24.70391238151469	25.139334872555736	25.302112347808283	24.85464039812129
44-45	24.81125093712478	25.13391449293443	25.25368335457097	24.801151215369817
46-47	24.90692538299017	25.078893959625514	25.11868897358735	24.895491683796962
48-49	24.78966994531616	25.048803439637073	25.207845000360017	24.95368161468675
50-51	24.782331169886383	25.14157630347375	25.166049621590243	24.910042905049625
52-53	24.862914573192587	25.17408517252122	25.074455323683654	24.888544930602542
54-55	24.723294773323055	25.160818519889233	25.189978302489223	24.92590840429849
56-57	24.78331449673116	25.06607461345544	25.259568339449086	24.891042550364322
58-59	24.873855346198624	25.122125376722725	25.11638134499188	24.88763793208677
60-61	24.736646399639504	25.13182536224464	25.25360560614193	24.877922631973924
62-63	24.64432635920951	25.218647669726163	25.355636777688375	24.781389193375958
64-65	24.79871090951566	25.16476498977142	25.225751309718813	24.810772790994108
66-67	24.76677122266131	25.197298201769954	25.191296928430855	24.844633647137886
68-69	24.76508660540293	25.202887070644735	25.234078248795004	24.797948075157326
70-71	24.780748715100714	25.11797874019627	25.237957854031833	24.863314690671174
72-73	24.744999302420126	24.701790354995648	25.489296524452048	25.06391381813218
74-75	25.273673629455395	17.791499579275456	28.62829749411233	28.306529297156818
76	26.01798166127964	0.0	36.904474240886174	37.077544097834185
>>END_MODULE
>>Per sequence GC content	pass
#GC Content	Count
0	1311.0
1	1204.0
2	1098.0
3	1115.0
4	1181.0
5	1316.5
6	1529.0
7	1776.5
8	2014.5
9	2288.0
10	2649.5
11	3100.5
12	3525.5
13	4159.5
14	5262.5
15	6733.5
16	8500.5
17	10640.5
18	14805.0
19	21109.0
20	27807.0
21	35883.5
22	50325.0
23	71010.5
24	91394.0
25	113940.5
26	149100.5
27	192995.5
28	232422.5
29	271561.0
30	325547.0
31	386305.0
32	437621.5
33	484685.0
34	546106.0
35	612189.5
36	660524.5
37	701963.5
38	755067.0
39	820484.0
40	871628.5
41	919389.5
42	961568.0
43	993874.0
44	1028217.0
45	1053740.5
46	1071400.5
47	1085591.5
48	1095814.0
49	1101676.0
50	1108800.5
51	1107994.0
52	1096326.5
53	1083210.5
54	1071295.5
55	1057887.0
56	1048830.5
57	1024218.5
58	993900.0
59	960006.0
60	921655.5
61	876897.0
62	827233.0
63	771270.5
64	705744.5
65	639104.0
66	554350.0
67	483679.0
68	432289.5
69	374375.5
70	306185.0
71	251265.0
72	215629.5
73	178986.5
74	141146.0
75	114221.0
76	96923.0
77	78820.5
78	60637.0
79	48019.0
80	40068.0
81	31889.5
82	23788.5
83	17647.5
84	13214.0
85	9066.0
86	5637.5
87	3687.5
88	2611.0
89	1764.0
90	1273.5
91	1039.5
92	928.5
93	692.5
94	390.5
95	223.5
96	136.0
97	122.0
98	74.5
99	27.5
100	28.0
>>END_MODULE
>>Per base N content	pass
#Base	N-Count
1	0.25502033133861846
2	0.1513192432065244
3	0.0900440757966452
4	0.16237635944712303
5	0.14658803694089576
6	0.23130383731059492
7	0.2829389830083186
8	0.23333689559406795
9	0.2250346111167627
10-11	0.14401270381787185
12-13	0.18718307153236213
14-15	0.16987184477290135
16-17	0.15099047727592563
18-19	0.15280057935359026
20-21	0.1436484762764017
22-23	0.13953896812035485
24-25	0.1309360860129308
26-27	0.13771611870488681
28-29	0.13114459615479723
30-31	0.13406422403591098
32-33	0.12095168753681758
34-35	0.1166035623629695
36-37	0.11469851463864415
38-39	0.11009776370043596
40-41	0.1005003200829167
42-43	0.09972899447801668
44-45	0.09256256045702287
46-47	0.08473843404023963
48-49	0.07933994799502081
50-51	0.0736208842899444
52-53	0.06411929222086137
54-55	0.057453290809217857
56-57	0.05186506735985016
58-59	0.04766972496404597
60-61	0.047967849680797016
62-63	0.04243082078320131
64-65	0.03456505298140499
66-67	0.028790406968522864
68-69	0.022024199328831612
70-71	0.014166444942843867
72-73	0.007074309571786862
74-75	1.3818787014052854E-5
76	0.0
>>END_MODULE
>>Sequence Length Distribution	warn
#Length	Count
20-21	16264.0
22-23	17182.0
24-25	17898.0
26-27	19277.0
28-29	20586.0
30-31	21346.0
32-33	22869.0
34-35	24152.0
36-37	25526.0
38-39	27217.0
40-41	28745.0
42-43	30272.0
44-45	31844.0
46-47	33831.0
48-49	35772.0
50-51	39012.0
52-53	42132.0
54-55	45394.0
56-57	49760.0
58-59	55492.0
60-61	59918.0
62-63	66379.0
64-65	75072.0
66-67	89720.0
68-69	118011.0
70-71	244614.0
72-73	1637649.0
74-75	1.3932402E7
76-77	9634260.0
>>END_MODULE
>>Sequence Duplication Levels	pass
#Total Deduplicated Percentage	83.46408198901966
#Duplication Level	Percentage of deduplicated	Percentage of total
1	91.73539592801544	76.56610607031061
2	5.974788909928693	9.973605428907478
3	1.250193247281991	3.130386950797885
4	0.4047155019871666	1.3511683136033654
5	0.1900335467133948	0.7930487761775492
6	0.0996171355911954	0.4988671663496893
7	0.05657789773470524	0.3305555606707066
8	0.042321451259198645	0.28258568622336444
9	0.0276872577796652	0.2079802398035789
>10	0.18358384090698954	3.028049718873496
>50	0.02064689579518088	1.1923213242965098
>100	0.013558049709865922	2.0915754478128092
>500	7.686960002654544E-4	0.42301223712841995
>1k	1.1164129624009655E-4	0.13073707904456114
>5k	0.0	0.0
>10k+	0.0	0.0
>>END_MODULE
>>Overrepresented sequences	pass
>>END_MODULE
>>Adapter Content	pass
#Position	Illumina Universal Adapter	Illumina Small RNA 3' Adapter	Illumina Small RNA 5' Adapter	Nextera Transposase Sequence	SOLID Small RNA Adapter
1	0.0	2.6452431197604346E-5	0.0	3.7789187425149066E-6	0.0
2	0.0	7.179945610778322E-5	0.0	3.401026868263416E-5	0.0
3	0.0	7.179945610778322E-5	0.0	3.401026868263416E-5	3.7789187425149066E-6
4	0.0	7.179945610778322E-5	3.7789187425149066E-6	4.534702491017888E-5	7.557837485029813E-6
5	0.0	7.179945610778322E-5	3.7789187425149066E-6	4.534702491017888E-5	1.133675622754472E-5
6	0.0	7.179945610778322E-5	3.7789187425149066E-6	5.290486239520869E-5	1.5115674970059626E-5
7	0.0	1.095886435329323E-4	3.7789187425149066E-6	5.290486239520869E-5	1.5115674970059626E-5
8	0.0	1.133675622754472E-4	3.7789187425149066E-6	5.66837811377236E-5	1.5115674970059626E-5
9	0.0	1.1714648101796211E-4	3.7789187425149066E-6	6.424161862275342E-5	1.5115674970059626E-5
10	0.0	1.2092539976047701E-4	3.7789187425149066E-6	7.179945610778322E-5	1.8894593712574532E-5
11	0.0	1.2470431850299192E-4	3.7789187425149066E-6	7.179945610778322E-5	1.8894593712574532E-5
12	0.0	1.2848323724550683E-4	3.7789187425149066E-6	7.935729359281304E-5	1.8894593712574532E-5
13	0.0	1.3226215598802172E-4	3.7789187425149066E-6	8.313621233532795E-5	1.8894593712574532E-5
14	0.0	1.3604107473053664E-4	3.7789187425149066E-6	9.447296856287267E-5	1.8894593712574532E-5
15	0.0	1.3604107473053664E-4	3.7789187425149066E-6	1.2470431850299192E-4	1.8894593712574532E-5
16	0.0	1.3981999347305156E-4	3.7789187425149066E-6	1.2470431850299192E-4	1.8894593712574532E-5
17	0.0	1.4737783095808136E-4	3.7789187425149066E-6	1.3226215598802172E-4	1.8894593712574532E-5
18	0.0	1.4737783095808136E-4	3.7789187425149066E-6	1.3226215598802172E-4	2.267351245508944E-5
19	0.0	1.4737783095808136E-4	3.7789187425149066E-6	1.4359891221556645E-4	2.267351245508944E-5
20	0.0	1.5115674970059625E-4	3.7789187425149066E-6	1.5493566844311117E-4	2.267351245508944E-5
21	0.0	1.5493566844311117E-4	3.7789187425149066E-6	1.6249350592814098E-4	2.6452431197604346E-5
22	0.0	1.5493566844311117E-4	3.7789187425149066E-6	1.662724246706559E-4	2.6452431197604346E-5
23	0.0	1.587145871856261E-4	3.7789187425149066E-6	1.700513434131708E-4	3.0231349940119253E-5
24	0.0	1.6249350592814098E-4	3.7789187425149066E-6	1.738302621556857E-4	3.0231349940119253E-5
25	0.0	1.6249350592814098E-4	3.7789187425149066E-6	1.8516701838323043E-4	3.0231349940119253E-5
26	0.0	1.6249350592814098E-4	3.7789187425149066E-6	1.8894593712574535E-4	3.0231349940119253E-5
27	0.0	1.662724246706559E-4	3.7789187425149066E-6	1.9650377461077515E-4	3.401026868263416E-5
28	0.0	1.700513434131708E-4	3.7789187425149066E-6	1.9650377461077515E-4	3.401026868263416E-5
29	0.0	1.700513434131708E-4	3.7789187425149066E-6	1.9650377461077515E-4	3.7789187425149064E-5
30	0.0	1.700513434131708E-4	3.7789187425149066E-6	1.9650377461077515E-4	4.534702491017888E-5
31	0.0	1.738302621556857E-4	3.7789187425149066E-6	2.0028269335329004E-4	4.912594365269379E-5
32	0.0	1.813880996407155E-4	3.7789187425149066E-6	2.0406161209580496E-4	5.290486239520869E-5
33	0.0	1.813880996407155E-4	3.7789187425149066E-6	2.0406161209580496E-4	5.290486239520869E-5
34	0.0	1.813880996407155E-4	3.7789187425149066E-6	2.1161944958083477E-4	5.290486239520869E-5
35	0.0	1.8516701838323043E-4	3.7789187425149066E-6	2.1161944958083477E-4	5.290486239520869E-5
36	0.0	1.9650377461077515E-4	3.7789187425149066E-6	2.1539836832334968E-4	5.290486239520869E-5
37	0.0	2.0784053083831988E-4	3.7789187425149066E-6	2.229562058083795E-4	5.290486239520869E-5
38	0.0	2.1161944958083477E-4	3.7789187425149066E-6	2.267351245508944E-4	5.290486239520869E-5
39	0.0	2.229562058083795E-4	3.7789187425149066E-6	2.267351245508944E-4	5.290486239520869E-5
40	0.0	2.305140432934093E-4	3.7789187425149066E-6	2.3429296203592422E-4	5.290486239520869E-5
41	0.0	2.305140432934093E-4	3.7789187425149066E-6	2.3807188077843913E-4	5.290486239520869E-5
42	0.0	2.3429296203592422E-4	3.7789187425149066E-6	2.796399869461031E-4	5.66837811377236E-5
43	0.0	2.4940863700598383E-4	3.7789187425149066E-6	2.796399869461031E-4	5.66837811377236E-5
44	0.0	2.5696647449101367E-4	3.7789187425149066E-6	2.83418905688618E-4	5.66837811377236E-5
45	0.0	2.83418905688618E-4	3.7789187425149066E-6	2.909767431736478E-4	5.66837811377236E-5
46	0.0	2.9475566191616273E-4	3.7789187425149066E-6	2.9853458065867765E-4	5.66837811377236E-5
47	0.0	3.023134994011925E-4	3.7789187425149066E-6	3.060924181437074E-4	5.66837811377236E-5
48	0.0	3.0987133688622234E-4	3.7789187425149066E-6	3.0987133688622234E-4	5.66837811377236E-5
49	0.0	3.0987133688622234E-4	3.7789187425149066E-6	3.174291743712522E-4	5.66837811377236E-5
50	0.0	3.1365025562873726E-4	3.7789187425149066E-6	3.287659305987969E-4	5.66837811377236E-5
51	0.0	3.174291743712522E-4	3.7789187425149066E-6	3.363237680838267E-4	5.66837811377236E-5
52	0.0	3.325448493413118E-4	3.7789187425149066E-6	3.401026868263416E-4	5.66837811377236E-5
53	0.0	3.476605243113714E-4	3.7789187425149066E-6	3.401026868263416E-4	5.66837811377236E-5
54	0.0	3.476605243113714E-4	3.7789187425149066E-6	3.401026868263416E-4	5.66837811377236E-5
55	0.0	3.514394430538863E-4	3.7789187425149066E-6	3.438816055688565E-4	5.66837811377236E-5
56	0.0	3.514394430538863E-4	3.7789187425149066E-6	3.514394430538863E-4	5.66837811377236E-5
57	0.0	3.6655511802394594E-4	3.7789187425149066E-6	3.514394430538863E-4	5.66837811377236E-5
58	0.0	3.8544971173652047E-4	3.7789187425149066E-6	3.5521836179640124E-4	5.66837811377236E-5
59	0.0	3.8544971173652047E-4	3.7789187425149066E-6	3.62776199281431E-4	5.66837811377236E-5
60	0.0	3.8544971173652047E-4	3.7789187425149066E-6	3.7033403676646086E-4	5.66837811377236E-5
61	0.0	3.892286304790354E-4	3.7789187425149066E-6	3.741129555089758E-4	6.0462699880238506E-5
62	0.0	4.04344305449095E-4	3.7789187425149066E-6	3.8167079299400555E-4	6.424161862275342E-5
63	0.0	4.2323889916166953E-4	3.7789187425149066E-6	3.8544971173652047E-4	6.424161862275342E-5
64	0.0	4.2701781790418445E-4	3.7789187425149066E-6	3.892286304790354E-4	6.424161862275342E-5
65	0.0	4.3079673664669937E-4	7.557837485029813E-6	3.930075492215503E-4	6.802053736526832E-5
>>END_MODULE
