##FastQC	0.11.7
>>Basic Statistics	pass
#Measure	Value
Filename	SRR656528_2_val_2.fq.gz
File type	Conventional base calls
Encoding	Sanger / Illumina 1.9
Total Sequences	41302890
Sequences flagged as poor quality	0
Sequence length	20-76
%GC	46
>>END_MODULE
>>Per base sequence quality	pass
#Base	Mean	Median	Lower Quartile	Upper Quartile	10th Percentile	90th Percentile
1	30.33752124851312	31.0	30.0	34.0	26.0	34.0
2	30.41811384142853	31.0	30.0	34.0	25.0	34.0
3	30.453300410697654	31.0	30.0	34.0	25.0	34.0
4	34.14059425381614	37.0	35.0	37.0	28.0	37.0
5	34.25512672357794	37.0	35.0	37.0	28.0	37.0
6	33.827825316824075	37.0	35.0	37.0	28.0	37.0
7	32.77790573492557	37.0	33.0	37.0	25.0	37.0
8	33.463486695483056	37.0	33.0	37.0	25.0	37.0
9	35.00063758250331	38.0	34.0	39.0	27.0	39.0
10-11	35.445330508349414	38.5	35.0	39.0	28.0	39.0
12-13	35.74242136567199	39.0	35.0	39.0	29.5	39.0
14-15	36.924720509872316	40.0	36.0	41.0	30.0	41.0
16-17	36.6945552478289	39.5	36.0	41.0	28.5	41.0
18-19	36.46128286664686	39.0	36.0	41.0	27.0	41.0
20-21	36.680393899834726	39.0	36.0	41.0	28.0	41.0
22-23	36.414470185583596	39.0	35.5	41.0	27.0	41.0
24-25	36.46174724403296	39.0	35.5	41.0	27.0	41.0
26-27	36.46962402215932	39.0	35.5	41.0	27.0	41.0
28-29	36.4387348888053	39.0	35.5	41.0	27.5	41.0
30-31	36.31810840296915	39.0	35.0	41.0	27.0	41.0
32-33	36.29476082327452	39.0	35.0	41.0	27.0	41.0
34-35	36.1112481105737	39.0	35.0	41.0	27.0	41.0
36-37	36.189750452531534	39.0	35.0	41.0	27.5	41.0
38-39	36.523725393884106	39.0	35.0	41.0	29.5	41.0
40-41	35.94634282819635	39.0	34.5	40.5	27.0	41.0
42-43	36.017209515964254	39.0	35.0	41.0	27.0	41.0
44-45	36.032376151151404	39.0	34.5	40.0	27.5	41.0
46-47	35.77865184829091	38.0	34.0	40.0	27.0	41.0
48-49	35.67022752454947	38.0	34.0	40.0	26.5	41.0
50-51	35.3988867854373	37.5	33.5	39.5	27.0	40.5
52-53	35.71323617087809	38.0	34.0	40.0	28.0	40.5
54-55	35.65929045708056	38.0	34.0	40.0	27.0	41.0
56-57	35.46858524758972	38.0	34.0	40.0	27.0	41.0
58-59	35.56498411089409	38.0	34.0	40.0	28.0	41.0
60-61	35.15362715591904	37.0	33.5	40.0	27.0	41.0
62-63	34.34284631937543	36.5	32.5	40.0	25.0	41.0
64-65	34.752299099292244	36.0	33.0	39.0	26.0	41.0
66-67	34.80227879976498	36.0	33.0	39.0	27.5	41.0
68-69	33.35539120351811	35.0	32.0	39.0	23.5	40.0
70-71	34.303968191029995	35.0	32.5	39.0	27.0	40.0
72-73	34.619882556776695	35.0	33.0	38.0	28.5	40.0
74-75	34.64014408280122	35.0	33.0	37.0	29.0	39.5
76	32.70479314447634	34.0	30.0	36.0	26.0	38.0
>>END_MODULE
>>Per sequence quality scores	pass
#Quality	Count
5	1.0
6	2.0
7	0.0
8	1.0
9	4.0
10	11.0
11	79.0
12	335.0
13	836.0
14	1757.0
15	3071.0
16	4986.0
17	7838.0
18	19758.0
19	63014.0
20	188479.0
21	283305.0
22	367221.0
23	452322.0
24	539433.0
25	630989.0
26	730300.0
27	842165.0
28	964668.0
29	1104525.0
30	1266191.0
31	1463940.0
32	1720175.0
33	2061042.0
34	2533306.0
35	3183288.0
36	4124000.0
37	5403796.0
38	6793363.0
39	6181624.0
40	367065.0
>>END_MODULE
>>Per base sequence content	fail
#Base	G	A	T	C
1	23.45746261769759	15.420875887615207	12.065457271358504	49.0562042233287
2	18.924214549871124	26.281262777856863	33.59033925872529	21.204183413546723
3	25.076125233491837	26.389338526602472	23.621409962295704	24.913126277609983
4	29.400560363653554	27.433156470731156	19.78166527561658	23.38461788999871
5	24.558234882659946	30.86078447667433	21.39354837459172	23.187432266074005
6	21.895998617198416	36.567444970410364	21.11601028228631	20.42054613010491
7	23.17073195320004	19.057994884294267	37.25194006423237	20.519333098273318
8	18.80182021233776	28.63515390492714	27.106871416133327	25.45615446660177
9	20.494895550687517	26.27494191841854	29.223567272223644	24.006595258670295
10-11	25.093767983427135	32.306427237534	20.33872301606838	22.261081762970484
12-13	25.081201700528162	23.316978263506886	26.08577634683883	25.51604368912612
14-15	23.50451049535324	25.49011573820058	25.6227517613497	25.382622005096483
16-17	21.511524652240357	28.13568367634266	28.14196523609511	22.210826435321874
18-19	22.23969740279514	27.67210085269152	24.367269831596428	25.720931912916907
20-21	24.918526172910077	28.550714681704157	24.649246126380532	21.881513019005226
22-23	24.25672565579874	28.47834254864742	25.58167247713992	21.68325931841392
24-25	21.644434896469637	25.50940096722799	31.029467291742318	21.816696844560056
26-27	23.89315016666291	27.94589327047173	25.761508022094475	22.399448540770887
28-29	22.353999546130545	28.280105336590573	26.791282162986114	22.574612954292775
30-31	22.517940254499464	26.565538159041253	25.728395007218452	25.188126579240834
32-33	23.874922950867887	26.0930330861665	27.024544732581973	23.00749923038364
34-35	24.14538797133143	26.262987985573062	27.144490327875086	22.44713371522042
36-37	22.69003749663794	27.29626324461792	25.76614063468327	24.247558624060872
38-39	23.908498610279942	26.08914129507121	27.55174878389621	22.45061131075264
40-41	23.567358613889297	27.58703879266357	26.199402102205273	22.646200491241864
42-43	24.153362504875044	26.18835206106557	27.09372873937397	22.564556694685418
44-45	22.695359628200336	26.691515335869255	27.140262196885274	23.472862839045135
46-47	23.24930762581343	28.04224264902173	26.05165119895117	22.656798526213674
48-49	22.71398735900256	27.481808868878726	26.108477488075966	23.69572628404275
50-51	23.571388987358052	26.260675640472613	27.542930616909562	22.625004755259777
52-53	23.590728497771245	26.40453028312524	27.487145675537363	22.517595543566156
54-55	23.464821841485392	26.975993284392302	26.41028555244419	23.148899321678112
56-57	22.463506199667027	26.710712103928042	27.68249201763875	23.143289678766184
58-59	22.328746214921782	26.763523037489723	27.688633476894864	23.219097270693627
60-61	22.79078663548861	26.736616933716554	26.630593422302496	23.842003008492338
62-63	22.939737574315856	27.089157073431608	27.221777524221086	22.74932782803145
64-65	23.240537222304173	26.644511264655925	27.10765792942411	23.007293583615795
66-67	22.32247415018733	26.847172815359606	27.463356280749775	23.366996753703294
68-69	22.830583738185602	27.008385799634727	26.909209087004598	23.251821375175076
70-71	22.709915058303736	26.827740457197415	27.040287244160716	23.422057240338134
72-73	22.28472385300262	26.918573333285202	27.653091500303585	23.143611313408595
74-75	22.11560030343318	23.373175261759073	29.56322512113309	24.94799931367466
76	23.7604321115106	0.0	41.090264022843705	35.1493038656457
>>END_MODULE
>>Per sequence GC content	pass
#GC Content	Count
0	5556.0
1	4777.5
2	4414.5
3	4862.0
4	4995.0
5	5386.0
6	5989.5
7	6738.5
8	7624.5
9	8803.0
10	10457.5
11	12535.5
12	14415.0
13	16920.0
14	20990.5
15	26552.0
16	33516.0
17	41047.0
18	54548.0
19	76494.0
20	101673.5
21	125525.0
22	163751.0
23	225623.0
24	287691.0
25	338712.0
26	416081.0
27	524575.0
28	624046.0
29	698200.0
30	787352.5
31	902564.0
32	1004188.0
33	1075234.5
34	1154380.0
35	1250652.0
36	1322749.5
37	1367782.0
38	1413078.5
39	1473381.0
40	1542841.0
41	1602276.0
42	1653867.5
43	1700649.5
44	1978779.0
45	2258103.5
46	2509627.5
47	2789909.0
48	2669519.5
49	2579168.0
50	2442568.5
51	2150966.0
52	1975410.0
53	1800169.5
54	1649157.5
55	1538011.5
56	1466797.5
57	1395953.0
58	1309538.0
59	1214375.0
60	1128073.0
61	1037078.5
62	963292.0
63	882348.5
64	779718.5
65	688996.5
66	587161.0
67	513414.0
68	454780.5
69	377220.0
70	300227.5
71	246742.0
72	207641.0
73	161466.0
74	121730.5
75	96968.5
76	79439.5
77	60742.0
78	45190.5
79	35350.5
80	28122.0
81	21130.0
82	16289.0
83	12296.0
84	9107.5
85	6728.0
86	5112.5
87	4228.0
88	3310.0
89	2385.0
90	1794.5
91	1475.0
92	1336.0
93	932.5
94	485.0
95	333.0
96	279.5
97	274.0
98	177.0
99	76.5
100	74.0
>>END_MODULE
>>Per base N content	pass
#Base	N-Count
1	0.09566885029110554
2	0.07932858935536957
3	0.09993489559689407
4	0.09176355455998358
5	0.0708425003674077
6	0.016986704804433782
7	3.9345430791888893
8	0.03355939499633077
9	0.7060280769699167
10-11	0.33472960366695886
12-13	0.024670186517214653
14-15	0.019186308754665836
16-17	0.017950317762267964
18-19	0.011994318073142097
20-21	0.03780926979253127
22-23	0.01815682727181735
24-25	0.010053709950529403
26-27	0.007154672830052928
28-29	0.008348000332502738
30-31	0.019710198683191793
32-33	0.02182664430154528
34-35	0.4456265258383812
36-37	0.012279349476458428
38-39	0.015849617106922464
40-41	0.3636652041650072
42-43	0.006808506185250063
44-45	0.0022004556619881744
46-47	0.4827229127206538
48-49	0.008256294890900944
50-51	0.027514357328016385
52-53	0.028198662858754213
54-55	0.2430401906469324
56-57	0.0403085347808148
58-59	0.008258306915681772
60-61	0.06176349629705392
62-63	0.42441610538475677
64-65	0.004162849917358751
66-67	0.05060552446961876
68-69	2.1516860318371873
70-71	4.55237524902781E-4
72-73	6.310327371712696E-5
74-75	2.926066445149348E-5
76	0.0
>>END_MODULE
>>Sequence Length Distribution	warn
#Length	Count
20-21	179461.0
22-23	101588.0
24-25	1389557.0
26-27	92966.0
28-29	98868.0
30-31	113394.0
32-33	139198.0
34-35	120171.0
36-37	101918.0
38-39	137915.0
40-41	190701.0
42-43	129630.0
44-45	185850.0
46-47	129074.0
48-49	155000.0
50-51	165465.0
52-53	240676.0
54-55	198211.0
56-57	225243.0
58-59	295706.0
60-61	293123.0
62-63	247793.0
64-65	337089.0
66-67	525845.0
68-69	451176.0
70-71	661372.0
72-73	2086401.0
74-75	1.2418152E7
76-77	1.9891347E7
>>END_MODULE
>>Sequence Duplication Levels	pass
#Total Deduplicated Percentage	78.53528704057729
#Duplication Level	Percentage of deduplicated	Percentage of total
1	89.30102348778483	70.13281512630515
2	6.736594382773371	10.581207470540944
3	2.1042926457023423	4.957836808428278
4	0.8526802557489006	2.6786195455629103
5	0.36538021516148844	1.434762003832769
6	0.20076037552953863	0.9460064231151843
7	0.1218957024748712	0.6701179788013772
8	0.07630454527763272	0.479407949270369
9	0.046919972329565934	0.33163861453545646
>10	0.17631966484437925	2.391588408757826
>50	0.01099963779100568	0.5993013485744257
>100	0.006265756138536378	0.8665564426283021
>500	2.057536048329225E-4	0.11505622186082987
>1k	2.316624280562112E-4	0.3953030250180032
>5k	5.772360485656009E-5	0.3433592834564673
>10k+	6.821880573812573E-5	3.0764233493117223
>>END_MODULE
>>Overrepresented sequences	fail
#Sequence	Count	Percentage	Possible Source
CAAGCAGAAGACGGCATACGAGATT	465495	1.1270276728819701	Illumina PCR Primer Index 4 (100% over 25bp)
CAAGCAGAAGACGGCATACG	46659	0.11296788190850568	No Hit
>>END_MODULE
>>Adapter Content	pass
#Position	Illumina Universal Adapter	Illumina Small RNA 3' Adapter	Illumina Small RNA 5' Adapter	Nextera Transposase Sequence	SOLID Small RNA Adapter
1	0.0	2.4211380850105163E-6	0.0	0.0	0.0
2	0.0	7.263414255031549E-6	0.0	4.842276170021033E-6	0.0
3	0.0	7.263414255031549E-6	0.0	4.842276170021033E-6	0.0
4	0.0	7.263414255031549E-6	0.0	4.842276170021033E-6	9.684552340042065E-6
5	0.0	7.263414255031549E-6	0.0	4.842276170021033E-6	9.684552340042065E-6
6	0.0	7.263414255031549E-6	0.0	4.842276170021033E-6	9.684552340042065E-6
7	0.0	7.263414255031549E-6	0.0	9.684552340042065E-6	9.684552340042065E-6
8	0.0	1.210569042505258E-5	0.0	1.210569042505258E-5	9.684552340042065E-6
9	0.0	1.6947966595073613E-5	0.0	3.147479510513671E-5	9.684552340042065E-6
10	0.0	1.936910468008413E-5	0.0	3.147479510513671E-5	9.684552340042065E-6
11	4.842276170021033E-6	1.936910468008413E-5	0.0	3.873820936016826E-5	9.684552340042065E-6
12	7.263414255031549E-6	1.936910468008413E-5	0.0	3.873820936016826E-5	9.684552340042065E-6
13	7.263414255031549E-6	3.147479510513671E-5	0.0	4.115934744517878E-5	9.684552340042065E-6
14	9.684552340042065E-6	3.147479510513671E-5	0.0	4.6001623615199806E-5	9.684552340042065E-6
15	9.684552340042065E-6	3.147479510513671E-5	0.0	4.842276170021032E-5	1.210569042505258E-5
16	1.4526828510063098E-5	5.810731404025239E-5	0.0	4.842276170021032E-5	1.4526828510063098E-5
17	1.4526828510063098E-5	5.810731404025239E-5	0.0	5.5686175955241874E-5	1.4526828510063098E-5
18	1.4526828510063098E-5	5.810731404025239E-5	0.0	6.294959021027342E-5	1.4526828510063098E-5
19	1.4526828510063098E-5	6.052845212526291E-5	0.0	6.294959021027342E-5	1.4526828510063098E-5
20	1.4526828510063098E-5	6.052845212526291E-5	0.0	6.537072829528394E-5	1.4526828510063098E-5
21	1.4526828510063098E-5	6.052845212526291E-5	0.0	6.537072829528394E-5	1.4526828510063098E-5
22	1.4526828510063098E-5	6.294959021027342E-5	0.0	6.537072829528394E-5	2.663251893511568E-5
23	1.936910468008413E-5	6.294959021027342E-5	0.0	8.473983297536807E-5	2.663251893511568E-5
24	1.936910468008413E-5	6.294959021027342E-5	0.0	8.716097106037858E-5	2.663251893511568E-5
25	3.873820936016826E-5	6.294959021027342E-5	0.0	9.200324723039961E-5	2.663251893511568E-5
26	7.021300446530497E-5	6.294959021027342E-5	0.0	9.926666148543116E-5	3.6317071275157744E-5
27	7.021300446530497E-5	6.537072829528394E-5	0.0	1.0168779957044168E-4	3.6317071275157744E-5
28	7.021300446530497E-5	6.537072829528394E-5	0.0	1.4042600893060994E-4	3.6317071275157744E-5
29	7.021300446530497E-5	6.537072829528394E-5	0.0	1.4284714701562044E-4	3.873820936016826E-5
30	7.021300446530497E-5	6.537072829528394E-5	0.0	1.4768942318564148E-4	3.873820936016826E-5
31	7.021300446530497E-5	6.537072829528394E-5	0.0	1.50110561270652E-4	3.873820936016826E-5
32	7.021300446530497E-5	6.779186638029445E-5	0.0	1.5979511361069408E-4	4.115934744517878E-5
33	7.021300446530497E-5	7.263414255031549E-5	0.0	1.5979511361069408E-4	4.115934744517878E-5
34	7.021300446530497E-5	7.5055280635326E-5	0.0	1.5979511361069408E-4	4.115934744517878E-5
35	7.021300446530497E-5	7.747641872033652E-5	0.0	1.7190080403574665E-4	4.115934744517878E-5
36	7.021300446530497E-5	8.473983297536807E-5	0.0	1.8158535637578872E-4	4.115934744517878E-5
37	7.5055280635326E-5	1.1137235191048375E-4	0.0	1.8158535637578872E-4	4.358048553018929E-5
38	7.5055280635326E-5	1.1137235191048375E-4	0.0	1.936910468008413E-4	4.358048553018929E-5
39	7.5055280635326E-5	1.1137235191048375E-4	0.0	1.9611218488585182E-4	4.358048553018929E-5
40	7.5055280635326E-5	1.1137235191048375E-4	0.0	2.0337559914088336E-4	4.358048553018929E-5
41	7.5055280635326E-5	1.1137235191048375E-4	0.0	2.0337559914088336E-4	4.6001623615199806E-5
42	7.5055280635326E-5	1.1137235191048375E-4	0.0	2.0337559914088336E-4	4.6001623615199806E-5
43	7.5055280635326E-5	1.1137235191048375E-4	0.0	2.0337559914088336E-4	5.084389978522084E-5
44	7.5055280635326E-5	1.186357661655153E-4	0.0	2.0337559914088336E-4	5.084389978522084E-5
45	7.5055280635326E-5	1.186357661655153E-4	0.0	2.0337559914088336E-4	5.084389978522084E-5
46	7.5055280635326E-5	1.186357661655153E-4	0.0	2.0337559914088336E-4	5.084389978522084E-5
47	7.5055280635326E-5	1.186357661655153E-4	0.0	2.0337559914088336E-4	5.084389978522084E-5
48	7.5055280635326E-5	1.186357661655153E-4	0.0	2.106390133959149E-4	5.084389978522084E-5
49	7.5055280635326E-5	1.186357661655153E-4	0.0	2.2032356573595697E-4	5.084389978522084E-5
50	7.5055280635326E-5	1.186357661655153E-4	2.4211380850105163E-6	2.3242925616100957E-4	5.326503787023136E-5
51	7.5055280635326E-5	1.3074145659056787E-4	2.4211380850105163E-6	2.3242925616100957E-4	5.326503787023136E-5
52	7.5055280635326E-5	1.3800487084559944E-4	2.4211380850105163E-6	2.3242925616100957E-4	5.326503787023136E-5
53	7.5055280635326E-5	1.3800487084559944E-4	2.4211380850105163E-6	2.687463274361673E-4	5.810731404025239E-5
54	7.5055280635326E-5	1.3800487084559944E-4	2.4211380850105163E-6	2.687463274361673E-4	5.810731404025239E-5
55	7.5055280635326E-5	1.4284714701562044E-4	2.4211380850105163E-6	2.711674655211778E-4	6.052845212526291E-5
56	7.5055280635326E-5	1.50110561270652E-4	2.4211380850105163E-6	2.735886036061883E-4	6.052845212526291E-5
57	7.5055280635326E-5	1.50110561270652E-4	2.4211380850105163E-6	2.735886036061883E-4	6.052845212526291E-5
58	7.5055280635326E-5	1.50110561270652E-4	2.4211380850105163E-6	2.832731559462304E-4	6.052845212526291E-5
59	7.5055280635326E-5	1.50110561270652E-4	2.4211380850105163E-6	2.9053657020126195E-4	6.052845212526291E-5
60	7.5055280635326E-5	1.50110561270652E-4	2.4211380850105163E-6	2.9295770828627245E-4	6.052845212526291E-5
61	7.5055280635326E-5	1.525316993556625E-4	2.4211380850105163E-6	2.9537884637128296E-4	6.052845212526291E-5
62	7.5055280635326E-5	1.525316993556625E-4	2.4211380850105163E-6	2.9537884637128296E-4	6.052845212526291E-5
63	7.5055280635326E-5	1.6705852786572562E-4	2.4211380850105163E-6	2.9537884637128296E-4	6.052845212526291E-5
64	7.5055280635326E-5	1.7432194212075715E-4	2.4211380850105163E-6	2.9537884637128296E-4	6.052845212526291E-5
65	7.747641872033652E-5	1.9611218488585182E-4	4.842276170021033E-6	2.977999844562935E-4	6.294959021027342E-5
>>END_MODULE
