##FastQC	0.11.7
>>Basic Statistics	pass
#Measure	Value
Filename	SRR1093861_1_val_1.fq.gz
File type	Conventional base calls
Encoding	Sanger / Illumina 1.9
Total Sequences	33771322
Sequences flagged as poor quality	0
Sequence length	20-76
%GC	49
>>END_MODULE
>>Per base sequence quality	pass
#Base	Mean	Median	Lower Quartile	Upper Quartile	10th Percentile	90th Percentile
1	31.914618118887972	33.0	31.0	34.0	30.0	34.0
2	32.18930396032468	34.0	31.0	34.0	30.0	34.0
3	31.128453011108064	34.0	31.0	34.0	27.0	34.0
4	35.33657166278537	37.0	35.0	37.0	32.0	37.0
5	35.43569156102328	37.0	35.0	37.0	33.0	37.0
6	35.51047590023275	37.0	35.0	37.0	33.0	37.0
7	35.572993233726535	37.0	35.0	37.0	33.0	37.0
8	35.595663356027345	37.0	35.0	37.0	33.0	37.0
9	37.30706905699457	39.0	37.0	39.0	34.0	39.0
10-11	37.3248636520655	39.0	37.0	39.0	34.0	39.0
12-13	37.27504924148364	39.0	37.0	39.0	33.0	39.0
14-15	38.66040674984533	41.0	38.0	41.0	34.0	41.0
16-17	38.656221497636366	41.0	38.0	41.0	34.0	41.0
18-19	38.66372863638563	41.0	38.0	41.0	33.5	41.0
20-21	38.657183751756804	41.0	38.0	41.0	34.0	41.0
22-23	38.62861132282171	40.5	38.0	41.0	34.0	41.0
24-25	38.60184451758575	40.5	38.0	41.0	34.0	41.0
26-27	38.54734449484188	40.0	38.0	41.0	33.5	41.0
28-29	38.49402268977667	40.0	38.0	41.0	33.0	41.0
30-31	38.435912224314826	40.0	38.0	41.0	33.0	41.0
32-33	38.38485826220682	40.0	38.0	41.0	33.0	41.0
34-35	38.32920531396693	40.0	38.0	41.0	33.0	41.0
36-37	38.25846630481489	40.0	38.0	41.0	33.0	41.0
38-39	38.183800565536885	40.0	38.0	41.0	33.0	41.0
40-41	38.10871197169157	40.0	37.5	41.0	33.0	41.0
42-43	38.002063312681	40.0	37.0	41.0	33.0	41.0
44-45	37.92383223057611	40.0	37.0	41.0	32.0	41.0
46-47	37.816331857619375	40.0	37.0	41.0	32.0	41.0
48-49	37.73379059350441	40.0	36.5	41.0	32.0	41.0
50-51	37.62624131263244	40.0	36.0	41.0	32.0	41.0
52-53	37.52207313962778	40.0	36.0	41.0	32.0	41.0
54-55	37.41346094340943	39.0	35.0	41.0	32.0	41.0
56-57	37.30811053582317	39.0	35.0	41.0	32.0	41.0
58-59	37.1369491725764	39.0	35.0	41.0	32.0	41.0
60-61	36.92055026673025	38.5	35.0	41.0	31.0	41.0
62-63	36.67298633952934	37.5	35.0	40.5	31.0	41.0
64-65	36.4273659482821	37.0	35.0	40.0	31.0	41.0
66-67	36.15250580424612	36.5	35.0	39.5	31.0	41.0
68-69	35.886992416217694	36.0	35.0	39.0	31.0	41.0
70-71	35.64058710726407	36.0	35.0	39.0	31.0	41.0
72-73	35.425712772345875	35.0	34.5	37.5	31.0	40.0
74-75	35.2561505096929	35.0	34.0	37.0	31.0	39.0
76	34.602329609326524	35.0	34.0	36.0	30.0	39.0
>>END_MODULE
>>Per sequence quality scores	pass
#Quality	Count
13	2.0
14	18.0
15	16.0
16	36.0
17	35.0
18	74.0
19	828.0
20	13545.0
21	44768.0
22	88183.0
23	136140.0
24	184891.0
25	234476.0
26	287799.0
27	338258.0
28	395431.0
29	458511.0
30	535655.0
31	635485.0
32	766952.0
33	945685.0
34	1229660.0
35	1682905.0
36	2511665.0
37	4213883.0
38	6989079.0
39	9669085.0
40	2408257.0
>>END_MODULE
>>Per base sequence content	fail
#Base	G	A	T	C
1	27.60123477268802	12.815064138974735	17.6859022127367	41.897798875600536
2	23.73177274653057	21.399486221196852	33.10681300163786	21.761928030634717
3	27.078594977439487	23.939636790733122	24.6446218273793	24.337146404448095
4	26.726541727466614	31.1428456484381	18.767062398579526	23.363550225515763
5	27.552819376042176	31.367169382776876	20.28982506349084	20.790186177690106
6	21.650228743197236	32.85011497647298	20.960627550707795	24.53902872962199
7	19.319908635692077	14.614326949302168	40.40556015720158	25.660204257804182
8	21.68154917238225	20.20562036499488	25.81124721512879	32.30158324749408
9	21.403087515435164	19.800880576110686	29.27290003225693	29.52313187619722
10-11	26.355949374997827	28.575718184121918	19.931681995316307	25.13665044556395
12-13	23.46095607771771	22.44237642220907	27.72291554809994	26.37375195197328
14-15	24.13303941787374	24.249652653711433	26.526922972366222	25.090384956048606
16-17	24.98176678137587	24.601402969863607	25.08548109867052	25.33134915009
18-19	24.901892673686135	24.93498710535701	25.02548894572396	25.1376312752329
20-21	24.859151824010866	25.123854198544564	25.23296897965322	24.784024997791345
22-23	24.91999779086573	25.240627520386518	25.08293552097493	24.756439167772825
24-25	24.825402818048854	25.33186154176148	25.034486588499487	24.80824905169018
26-27	24.84377790766689	25.423337325573463	24.964273734512606	24.76861103224704
28-29	24.90243012205027	25.088251907080018	25.06596986739907	24.943348103470644
30-31	24.402012466863034	25.225588823389	25.47694947953756	24.895449230210406
32-33	24.58768180994708	25.270863998529734	25.396353243065466	24.74510094845771
34-35	25.094791987844083	25.15547953258303	24.95614313234949	24.7935853472234
36-37	24.867384692166766	25.21428935542322	25.18509337517683	24.733232577233185
38-39	24.562459467155293	25.211858161205303	25.266914692214275	24.95876767942513
40-41	24.84332490950431	25.021263304172514	25.242348468211233	24.893063318111942
42-43	24.711170782242064	25.163714153643873	25.403847696693315	24.721267367420747
44-45	24.666842921981523	25.302720900348145	25.44151334629125	24.588922831379083
46-47	24.89234473232994	25.067569582718217	25.238497823761364	24.801587861190473
48-49	24.680621278822507	25.1241909843589	25.279200610639975	24.915987126178617
50-51	24.84123795346063	25.16714457005734	25.319830923229308	24.67178655325272
52-53	24.7541209443646	25.13974370194954	25.341951343827613	24.764184009858248
54-55	24.650843988534497	25.12487679412657	25.378138259253834	24.846140958085098
56-57	24.737831820069726	25.099659956460442	25.352742022531142	24.80976620093869
58-59	24.8002011355005	25.123655684687527	25.261208368939712	24.814934810872256
60-61	24.573454363946556	25.222715903079912	25.387075764934302	24.81675396803923
62-63	24.4734082704383	25.234506396647404	25.53357272419385	24.758512608720448
64-65	24.609279070513548	25.203334166583968	25.35616733117616	24.83121943172632
66-67	24.561511691360142	25.340494185730023	25.34778147985114	24.750212643058703
68-69	24.582739270684357	25.285096266127933	25.365699801393575	24.76646466179413
70-71	24.59645286794213	25.27047143058797	25.331081603900806	24.801994097569093
72-73	24.461538250255956	25.200219946049106	25.49576815786226	24.842473645832676
74-75	24.94419714294271	21.760660485298917	27.046739102988337	26.248403268770037
76	25.83504919001135	0.0	37.11495775481998	37.04999305516867
>>END_MODULE
>>Per sequence GC content	pass
#GC Content	Count
0	960.0
1	890.0
2	850.0
3	892.0
4	918.0
5	1010.0
6	1188.0
7	1421.0
8	1669.5
9	1868.5
10	2098.0
11	2425.5
12	2768.5
13	3390.5
14	4331.0
15	5586.5
16	7117.5
17	8672.5
18	11835.5
19	17214.0
20	23857.0
21	30431.0
22	42039.0
23	61814.0
24	83938.5
25	103176.5
26	132015.5
27	173807.0
28	213995.5
29	245666.5
30	297113.0
31	374153.0
32	446178.0
33	493183.5
34	544354.0
35	625298.0
36	701306.5
37	758312.0
38	829017.5
39	969307.5
40	1102919.5
41	1239444.5
42	1360965.5
43	1460496.0
44	1533196.0
45	1556488.0
46	1570587.5
47	1570982.5
48	1599388.5
49	1626383.5
50	1636080.5
51	1663481.0
52	1660939.5
53	1632682.5
54	1626570.5
55	1585555.0
56	1509399.5
57	1402326.0
58	1323663.5
59	1250364.5
60	1166903.0
61	1048095.5
62	938236.0
63	865215.0
64	747182.0
65	646008.0
66	549171.5
67	479248.5
68	432038.0
69	356424.5
70	280043.5
71	234362.5
72	200032.5
73	157059.5
74	121566.5
75	101340.5
76	86477.5
77	66952.5
78	50381.5
79	40713.0
80	33896.0
81	25735.0
82	18747.0
83	13932.0
84	10420.0
85	6614.0
86	4257.5
87	3144.0
88	2357.5
89	1550.5
90	1118.0
91	871.5
92	723.5
93	521.0
94	299.0
95	203.5
96	154.5
97	142.5
98	84.5
99	26.5
100	25.0
>>END_MODULE
>>Per base N content	pass
#Base	N-Count
1	0.19449934473989497
2	0.006854928569275435
3	0.0024221734642191385
4	0.04681486854438212
5	0.039391410262233736
6	0.011782186080841018
7	0.009511028321603757
8	0.0053506937039657495
9	0.005445448656111241
10-11	0.0060391476531478396
12-13	0.006777940170657222
14-15	0.007189531994039202
16-17	0.007697359315693948
18-19	0.003821289554492418
20-21	0.0026713416132089847
22-23	0.005396587622957404
24-25	0.0032177105159302247
26-27	0.002310467711228575
28-29	0.0031677721171569553
30-31	0.0015191586417829868
32-33	9.150375167613672E-4
34-35	0.0016650930197215524
36-37	0.0017414110453915636
38-39	0.0018612540344584243
40-41	0.0012074314657118156
42-43	0.002085706310527377
44-45	0.0017558304695343863
46-47	0.0021392576307964766
48-49	0.0010636329531276188
50-51	4.408271674952763E-4
52-53	5.500147803286928E-4
54-55	0.0015878777428323923
56-57	9.344592932747872E-4
58-59	2.3785928341754764E-4
60-61	9.930001687189277E-4
62-63	8.873615514306688E-4
64-65	0.0025442547316994863
66-67	8.666889525165164E-4
68-69	0.0010976177237283892
70-71	8.60598959880406E-4
72-73	3.7766605313099675E-4
74-75	6.711157277162021E-6
76	0.0
>>END_MODULE
>>Sequence Length Distribution	warn
#Length	Count
20-21	22082.0
22-23	23453.0
24-25	24826.0
26-27	26566.0
28-29	29474.0
30-31	31576.0
32-33	32906.0
34-35	35409.0
36-37	36631.0
38-39	38741.0
40-41	41179.0
42-43	42963.0
44-45	44478.0
46-47	46896.0
48-49	48341.0
50-51	51624.0
52-53	54126.0
54-55	57452.0
56-57	62897.0
58-59	70266.0
60-61	77963.0
62-63	86979.0
64-65	102000.0
66-67	122171.0
68-69	151824.0
70-71	235402.0
72-73	1077840.0
74-75	1.0130025E7
76-77	2.0965232E7
>>END_MODULE
>>Sequence Duplication Levels	pass
#Total Deduplicated Percentage	76.30793326672507
#Duplication Level	Percentage of deduplicated	Percentage of total
1	89.2301277366459	68.08966632709328
2	7.319077467376972	11.170073499091862
3	1.7776538154159724	4.0694726615430366
4	0.6886941509771873	2.1021130925580436
5	0.32647393872024216	1.2456275764594564
6	0.18437078646942512	0.8441372202145506
7	0.10421004221225173	0.5566437062798576
8	0.0681041156827566	0.41575074517672916
9	0.04777103358100195	0.3280777958323421
>10	0.20643472346750635	2.8110592369810634
>50	0.019853593871389116	1.0667112014031008
>100	0.022217450661533928	3.5860304425371567
>500	0.0035471239034004726	1.8892154653350282
>1k	0.0014640210147068096	1.8254210294946074
>5k	0.0	0.0
>10k+	0.0	0.0
>>END_MODULE
>>Overrepresented sequences	pass
>>END_MODULE
>>Adapter Content	pass
#Position	Illumina Universal Adapter	Illumina Small RNA 3' Adapter	Illumina Small RNA 5' Adapter	Nextera Transposase Sequence	SOLID Small RNA Adapter
1	0.0	5.922184509093248E-6	0.0	5.922184509093248E-6	0.0
2	0.0	2.368873803637299E-5	0.0	2.9610922545466238E-5	5.922184509093248E-6
3	0.0	2.6649830290919614E-5	0.0	2.9610922545466238E-5	8.883276763639871E-6
4	0.0	2.6649830290919614E-5	0.0	3.2572014800012865E-5	1.1844369018186495E-5
5	0.0	2.6649830290919614E-5	0.0	3.2572014800012865E-5	1.1844369018186495E-5
6	0.0	2.9610922545466238E-5	0.0	3.849419930910611E-5	1.4805461272733119E-5
7	0.0	5.033856832729261E-5	0.0	4.441638381819936E-5	1.7766553527279743E-5
8	0.0	5.329966058183923E-5	0.0	5.033856832729261E-5	2.0727645781826367E-5
9	0.0	5.329966058183923E-5	0.0	6.21829373454791E-5	2.368873803637299E-5
10	0.0	5.6260752836385855E-5	0.0	6.21829373454791E-5	2.6649830290919614E-5
11	0.0	5.6260752836385855E-5	0.0	6.514402960002573E-5	3.2572014800012865E-5
12	0.0	5.9221845090932476E-5	0.0	6.810512185457234E-5	4.145529156365273E-5
13	0.0	7.106621410911897E-5	0.0	7.40273063636656E-5	4.145529156365273E-5
14	0.0	7.106621410911897E-5	0.0	7.698839861821223E-5	4.145529156365273E-5
15	0.0	7.40273063636656E-5	0.0	1.2732696694550482E-4	4.145529156365273E-5
16	0.0	7.698839861821223E-5	0.0	1.2732696694550482E-4	4.441638381819936E-5
17	0.0	7.994949087275884E-5	0.0	1.3917133596369133E-4	4.737747607274598E-5
18	0.0	7.994949087275884E-5	0.0	1.3917133596369133E-4	5.033856832729261E-5
19	0.0	7.994949087275884E-5	0.0	1.4213242821823794E-4	5.033856832729261E-5
20	0.0	8.58716753818521E-5	0.0	1.480546127273312E-4	5.329966058183923E-5
21	0.0	8.883276763639872E-5	0.0	1.480546127273312E-4	5.329966058183923E-5
22	0.0	8.883276763639872E-5	0.0	1.480546127273312E-4	5.329966058183923E-5
23	0.0	9.475495214549196E-5	0.0	1.5397679723642445E-4	5.329966058183923E-5
24	0.0	9.475495214549196E-5	0.0	1.5989898174551768E-4	5.329966058183923E-5
25	0.0	9.475495214549196E-5	0.0	1.6286007400006432E-4	5.9221845090932476E-5
26	0.0	9.771604440003859E-5	0.0	1.6878225850915757E-4	6.514402960002573E-5
27	0.0	1.0067713665458522E-4	0.0	1.6878225850915757E-4	6.810512185457234E-5
28	0.0	1.0067713665458522E-4	0.0	1.6878225850915757E-4	7.698839861821223E-5
29	0.0	1.0067713665458522E-4	0.0	1.7766553527279744E-4	8.291058312730547E-5
30	0.0	1.0067713665458522E-4	0.0	1.7766553527279744E-4	9.179385989094535E-5
31	0.0	1.0067713665458522E-4	0.0	1.8062662752734405E-4	9.179385989094535E-5
32	0.0	1.0363822890913184E-4	0.0	1.9247099654553056E-4	9.179385989094535E-5
33	0.0	1.0659932116367846E-4	0.0	1.9247099654553056E-4	9.179385989094535E-5
34	0.0	1.0659932116367846E-4	0.0	1.9543208880007718E-4	9.179385989094535E-5
35	0.0	1.1252150567277171E-4	0.0	1.983931810546238E-4	9.771604440003859E-5
36	0.0	1.243658746909582E-4	0.0	2.0431536556371704E-4	1.0067713665458522E-4
37	0.0	1.3324915145459807E-4	0.0	2.0431536556371704E-4	1.0067713665458522E-4
38	0.0	1.362102437091447E-4	0.0	2.0431536556371704E-4	1.0363822890913184E-4
39	0.0	1.3917133596369133E-4	0.0	2.0727645781826369E-4	1.0363822890913184E-4
40	0.0	1.3917133596369133E-4	0.0	2.102375500728103E-4	1.0363822890913184E-4
41	0.0	1.4213242821823794E-4	0.0	2.102375500728103E-4	1.0363822890913184E-4
42	0.0	1.4509352047278458E-4	0.0	2.2504301134554342E-4	1.0659932116367846E-4
43	0.0	1.5397679723642445E-4	0.0	2.2504301134554342E-4	1.0956041341822508E-4
44	0.0	1.5693788949097106E-4	0.0	2.2800410360009004E-4	1.1252150567277171E-4
45	0.0	1.747044430182508E-4	0.0	2.3096519585463668E-4	1.1252150567277171E-4
46	0.0	1.747044430182508E-4	0.0	2.3984847261827654E-4	1.1548259792731834E-4
47	0.0	1.8062662752734405E-4	0.0	2.3984847261827654E-4	1.1548259792731834E-4
48	0.0	1.8950990429098392E-4	0.0	2.51692841636463E-4	1.2140478243641158E-4
49	0.0	1.9247099654553056E-4	0.0	2.51692841636463E-4	1.2140478243641158E-4
50	0.0	2.0431536556371704E-4	0.0	2.5465393389100964E-4	1.2140478243641158E-4
51	0.0	2.102375500728103E-4	0.0	2.576150261455563E-4	1.2140478243641158E-4
52	0.0	2.131986423273569E-4	0.0	2.576150261455563E-4	1.243658746909582E-4
53	0.0	2.1912082683645017E-4	0.0	2.6353721065464953E-4	1.2732696694550482E-4
54	0.0	2.1912082683645017E-4	0.0	2.6649830290919615E-4	1.3028805920005146E-4
55	0.0	2.2208191909099678E-4	0.0	2.724204874182894E-4	1.3028805920005146E-4
56	0.0	2.2504301134554342E-4	0.0	2.842648564364759E-4	1.362102437091447E-4
57	0.0	2.2504301134554342E-4	0.0	2.872259486910225E-4	1.362102437091447E-4
58	0.0	2.2800410360009004E-4	0.0	2.9018704094556917E-4	1.362102437091447E-4
59	0.0	2.3096519585463668E-4	0.0	2.931481332001158E-4	1.3917133596369133E-4
60	0.0	2.3096519585463668E-4	0.0	3.020314099637556E-4	1.4509352047278458E-4
61	0.0	2.339262881091833E-4	0.0	3.049925022183023E-4	1.4509352047278458E-4
62	0.0	2.3984847261827654E-4	0.0	3.109146867273955E-4	1.4509352047278458E-4
63	0.0	2.487317493819164E-4	0.0	3.1387577898194213E-4	1.480546127273312E-4
64	0.0	2.51692841636463E-4	0.0	3.1683687123648874E-4	1.480546127273312E-4
65	0.0	2.576150261455563E-4	0.0	3.1979796349103536E-4	1.5989898174551768E-4
>>END_MODULE
