##FastQC	0.11.7
>>Basic Statistics	pass
#Measure	Value
Filename	SRR627462_2_val_2.fq.gz
File type	Conventional base calls
Encoding	Sanger / Illumina 1.9
Total Sequences	28582336
Sequences flagged as poor quality	0
Sequence length	20-101
%GC	44
>>END_MODULE
>>Per base sequence quality	pass
#Base	Mean	Median	Lower Quartile	Upper Quartile	10th Percentile	90th Percentile
1	28.19249766709061	31.0	28.0	33.0	16.0	34.0
2	27.162959528570372	31.0	26.0	33.0	10.0	34.0
3	27.569305461946847	31.0	26.0	33.0	16.0	34.0
4	31.02520234875134	35.0	30.0	37.0	19.0	37.0
5	31.00056965252945	35.0	30.0	37.0	16.0	37.0
6	31.42244024421237	35.0	30.0	37.0	17.0	37.0
7	30.36198314931292	35.0	30.0	37.0	10.0	37.0
8	30.725859285958993	35.0	29.0	37.0	17.0	37.0
9	31.710788789271806	35.0	29.0	39.0	17.0	39.0
10-11	32.4532848189875	37.0	30.0	39.0	17.0	39.0
12-13	32.11013337048448	37.0	30.0	39.0	17.0	39.0
14-15	32.84447812453118	37.0	30.0	40.0	17.0	41.0
16-17	33.1218078536338	37.0	31.0	40.0	17.0	41.0
18-19	33.35270163012568	37.0	31.0	40.0	17.5	41.0
20-21	33.44673891851638	37.0	31.0	40.0	18.0	41.0
22-23	33.79233982284374	37.0	31.5	40.0	18.0	41.0
24-25	33.82969434539873	37.0	31.5	40.0	19.0	41.0
26-27	33.74201604215814	37.0	31.0	40.0	18.5	41.0
28-29	33.47674831254301	37.0	31.0	40.0	18.0	41.0
30-31	33.77027224742464	37.0	31.0	40.0	20.0	41.0
32-33	33.85231445197226	37.0	31.0	40.0	21.0	41.0
34-35	33.79577297780412	37.0	31.0	40.0	21.0	41.0
36-37	33.61773105709344	37.0	30.5	40.0	20.0	41.0
38-39	33.68760001707637	37.0	31.0	40.0	21.0	41.0
40-41	33.87324101779984	37.0	31.0	40.0	23.0	41.0
42-43	33.60505979356931	37.0	30.5	40.0	21.5	41.0
44-45	33.39985898561203	37.0	30.0	40.0	20.5	41.0
46-47	33.289005450140095	37.0	30.0	40.0	20.5	41.0
48-49	33.47332993582715	37.0	30.0	40.0	22.0	41.0
50-51	32.906498603736196	36.0	30.5	39.0	21.0	40.5
52-53	32.67811731648476	35.5	30.0	39.0	20.0	40.0
54-55	32.92171392790955	36.0	30.0	39.0	20.5	41.0
56-57	33.01119159529978	36.0	30.0	39.0	21.0	41.0
58-59	33.27276144795735	36.0	31.0	39.0	22.0	41.0
60-61	33.20803736141859	36.0	30.0	39.0	22.0	41.0
62-63	33.348909505503094	35.0	31.0	39.0	23.0	41.0
64-65	33.136932072475766	35.0	30.5	39.0	22.5	41.0
66-67	32.88737618537759	35.0	30.0	38.5	22.0	40.0
68-69	32.704195306087286	35.0	30.0	38.0	22.0	40.0
70-71	32.58249804560219	35.0	30.0	38.0	22.5	40.0
72-73	32.47946326483442	34.0	30.0	37.0	23.0	40.0
74-75	32.36845346406939	34.0	30.0	37.0	23.0	39.0
76-77	32.135178351559375	34.0	30.0	36.0	23.0	39.0
78-79	31.81599764269793	34.0	29.5	36.0	22.5	39.0
80-81	31.63060904969761	34.0	29.0	35.5	22.5	37.5
82-83	31.429157956963863	34.0	29.0	35.0	23.0	37.0
84-85	31.253389079529377	34.0	29.0	35.0	22.5	37.0
86-87	31.201562942470307	34.0	29.0	35.0	23.0	36.0
88-89	31.19238421853568	34.0	29.0	35.0	23.5	36.0
90-91	31.175844614712084	34.0	29.0	35.0	24.0	36.0
92-93	31.189783394041086	34.0	29.5	35.0	24.0	35.0
94-95	31.322118959527234	34.0	30.0	35.0	24.5	35.0
96-97	31.534042980859656	34.0	30.0	35.0	25.0	35.0
98-99	31.95063742581506	34.0	31.0	35.0	25.5	35.0
100-101	31.62946332132409	33.0	30.0	34.5	26.0	35.0
>>END_MODULE
>>Per sequence quality scores	pass
#Quality	Count
9	1.0
10	0.0
11	2.0
12	7.0
13	9.0
14	259.0
15	4610.0
16	27386.0
17	43406.0
18	52933.0
19	105265.0
20	421519.0
21	628458.0
22	776771.0
23	886350.0
24	964872.0
25	1025950.0
26	1078660.0
27	1135991.0
28	1193739.0
29	1259626.0
30	1337158.0
31	1433970.0
32	1561784.0
33	1722236.0
34	1945622.0
35	2250840.0
36	2624345.0
37	2943064.0
38	2468798.0
39	686825.0
40	1880.0
>>END_MODULE
>>Per base sequence content	fail
#Base	G	A	T	C
1	32.72544199117321	12.4867004547134	18.65787010066711	36.129987453446276
2	22.013514062234467	19.85366888049581	37.29465732990585	20.838159727363863
3	25.656917410028957	22.775450756779918	26.37104979356142	25.196582039629707
4	26.497776741822943	29.145088165946287	24.465243327411578	19.891891764819192
5	25.513032799949237	30.53128625901828	25.875806842540616	18.079874098491867
6	20.20683490939787	34.48468661382702	24.635909186833846	20.67256928994127
7	16.666740462834433	17.530646773303495	44.039114548681304	21.76349821518077
8	20.190974163845162	22.214861433926174	30.34828468025862	27.24587972197004
9	21.55699493558253	20.776595355981478	30.915231008076272	26.751178700359716
10-11	23.31271396657494	32.28602219745548	22.46918123678469	21.932082599184895
12-13	20.894234177612255	24.9517983237838	30.332506482349714	23.82146101625423
14-15	21.326368388428367	26.07133819150941	29.970764694883588	22.631528725178637
16-17	21.865993376833416	26.161246862940814	28.96517663332047	23.0075831269053
18-19	21.9210304471367	26.528516538108487	28.56612426900082	22.98432874575399
20-21	21.7461571432485	26.45895538277957	28.509612933057642	23.285274540914283
22-23	21.88704390612071	27.345282650218312	28.155908030664673	22.611765412996306
24-25	22.01319619293589	27.635743032569778	27.98570629334226	22.36535448115207
26-27	21.871979373782242	27.30020900569204	28.132083938730123	22.6957276817956
28-29	21.775996566326327	27.118166432014153	28.237298459374642	22.86853854228488
30-31	21.580137107712236	27.119558629185402	28.294519178209796	23.005785084892562
32-33	21.907465495884214	27.021467683110817	28.345777736660434	22.72528908434454
34-35	21.782350588333706	27.429838766361154	28.28920502440245	22.49860562090269
36-37	21.639014062673528	26.815568763151955	28.39225248324308	23.153164690931437
38-39	21.802869720280427	26.805060346448688	28.386518482718277	23.005551450552606
40-41	22.053710071247483	27.10779322773802	28.33434192118942	22.50415477982508
42-43	21.684339546010246	26.959781176369614	28.655807480784972	22.700071796835168
44-45	21.959675914932305	27.006925789245834	28.56178947239688	22.47160882342498
46-47	22.174406686595397	27.109019346967983	28.064458109491575	22.652115856945045
48-49	22.066087998768925	26.969099143162094	28.21342774143975	22.75138511662923
50-51	22.01433761377106	26.72042570089033	28.271261933820696	22.993974751517914
52-53	22.190830629260034	27.135077041406873	27.95899650123787	22.71509582809522
54-55	21.896419123603117	27.037785908007834	28.017199288052254	23.048595680336796
56-57	22.066692086372942	26.615614330663227	28.06057978411756	23.257113798846266
58-59	21.977667939391075	26.883727174233496	28.174930326181695	22.96367456019373
60-61	22.08238542668795	26.769200743823596	28.108346661262484	23.04006716822597
62-63	21.585212668265477	27.128694696159105	28.481838107369285	22.804254528206133
64-65	21.844104202855114	27.23794414642034	28.4058630996269	22.512088551097648
66-67	21.940672713055932	27.280691465830525	28.25569675489347	22.522939066220076
68-69	21.967986019098674	27.08166899249867	28.29031915895629	22.66002582944637
70-71	21.50256701369284	27.436235845320887	28.353920859288532	22.707276281697737
72-73	21.762540808214016	27.268685700640383	28.40951539227709	22.559258098868508
74-75	21.847457938714513	27.229227527865074	28.372870627364087	22.550443906056326
76-77	21.85669603874952	27.13885540938724	28.563639578229495	22.440808973633747
78-79	21.657693459105644	27.172658944087686	28.83530274508877	22.334344851717898
80-81	21.55622767742691	27.17305053352141	28.726374748188118	22.544347040863563
82-83	21.51198130578866	27.128176687970196	28.712234573234035	22.647607433007114
84-85	21.47927493390451	27.196870459729794	28.652092736543672	22.671761869822024
86-87	21.19852096406575	27.502075448234148	28.71459978327789	22.58480380442221
88-89	21.307575539114072	27.46805734567086	28.65554888283861	22.568818232376458
90-91	21.349537369939682	27.126711301365482	28.863263595202156	22.660487733492683
92-93	21.17292441972593	26.874072184996013	29.25392849693147	22.699074898346588
94-95	21.32541764837779	26.84473866193464	29.070827741750087	22.759015947937485
96-97	20.838831498716225	27.158931162412337	29.0965574463725	22.905679892498934
98-99	21.0548153862273	25.57642441579301	29.94602091839502	23.422739279584672
100-101	21.5640686865	12.712796027357543	36.64586648323198	29.077268802910478
>>END_MODULE
>>Per sequence GC content	pass
#GC Content	Count
0	7054.0
1	6118.0
2	6462.0
3	7963.0
4	8310.0
5	8836.0
6	9783.5
7	10564.0
8	11352.5
9	12669.0
10	14109.0
11	15555.0
12	17058.0
13	18828.0
14	21019.5
15	23667.5
16	27244.5
17	32001.5
18	38341.5
19	46842.0
20	58456.0
21	74226.5
22	94610.0
23	121023.0
24	154084.5
25	193492.5
26	241793.0
27	296886.5
28	356454.5
29	419235.5
30	483953.0
31	552418.5
32	622722.5
33	694111.5
34	760034.0
35	819697.5
36	881422.0
37	936654.0
38	978011.0
39	1008183.5
40	1031883.0
41	1056763.5
42	1075534.0
43	1097933.0
44	1159193.0
45	1215481.5
46	1221738.5
47	1214646.5
48	1185069.5
49	1119546.5
50	1054770.0
51	1019836.0
52	998399.0
53	941707.0
54	864856.0
55	811434.0
56	787070.0
57	734436.5
58	665078.5
59	613688.0
60	550455.5
61	491841.5
62	431936.5
63	370420.0
64	311002.0
65	252408.5
66	205638.5
67	167068.5
68	135684.5
69	109196.0
70	86326.0
71	70284.0
72	60306.5
73	51757.5
74	44549.5
75	39322.0
76	35129.0
77	31527.5
78	28149.5
79	24562.5
80	20919.5
81	18062.5
82	15782.0
83	13312.0
84	11090.5
85	9253.0
86	7969.0
87	7308.5
88	6436.0
89	5648.0
90	5347.0
91	5281.0
92	5293.0
93	4751.0
94	3680.0
95	2413.5
96	1442.5
97	1205.0
98	958.0
99	710.0
100	686.5
>>END_MODULE
>>Per base N content	warn
#Base	N-Count
1	1.218542809097199
2	4.617953550052732
3	1.8184377931880726
4	1.7749563926475427
5	1.5250328034769447
6	0.6939460791448256
7	5.970488206422316
8	1.0191049464956259
9	2.330096462374524
10-11	1.062979946775519
12-13	1.876583845351199
14-15	1.7924934477014056
16-17	1.5322173107194597
18-19	0.7788324229342206
20-21	0.8831919530489482
22-23	0.35444964627484943
24-25	0.6063098690595128
26-27	0.6072881869130845
28-29	0.8844962696400406
30-31	0.0837995461965714
32-33	0.25780076989054457
34-35	0.5333681772328194
36-37	0.5500192048355823
38-39	0.26300779109622374
40-41	0.09100504438408492
42-43	0.146916453704992
44-45	0.5675034087732305
46-47	0.5888782566108908
48-49	0.004463522019284752
50-51	0.39969873022730734
52-53	0.42079817779027784
54-55	0.7660672941992469
56-57	0.09346461970339526
58-59	0.7420246046229132
60-61	0.004681609298621539
62-63	0.18428590623965366
64-65	2.1949117440427928E-4
66-67	0.005098611580704507
68-69	0.09131214813385517
70-71	0.09181478762174139
72-73	2.165478973632262E-5
74-75	1.9810512840887172E-6
76-77	0.009406777982466731
78-79	0.1556305845208623
80-81	1.2560317124507445E-4
82-83	3.1065632750632667E-4
84-85	0.0010461514995746064
86-87	5.839426896955033E-5
88-89	4.220863788800132E-6
90-91	1.926652633927886E-5
92-93	0.004952531953091221
94-95	0.0
96-97	1.8440869226045707E-5
98-99	9.821833173953628E-6
100-101	0.0
>>END_MODULE
>>Sequence Length Distribution	warn
#Length	Count
20-21	90491.0
22-23	95324.0
24-25	99163.0
26-27	105900.0
28-29	105652.0
30-31	108232.0
32-33	115377.0
34-35	110574.0
36-37	113526.0
38-39	123127.0
40-41	130833.0
42-43	132457.0
44-45	128120.0
46-47	126982.0
48-49	135309.0
50-51	130560.0
52-53	117958.0
54-55	117758.0
56-57	116172.0
58-59	118103.0
60-61	124698.0
62-63	131956.0
64-65	139179.0
66-67	139663.0
68-69	142164.0
70-71	146253.0
72-73	156510.0
74-75	168822.0
76-77	183817.0
78-79	194856.0
80-81	211958.0
82-83	228206.0
84-85	250807.0
86-87	275024.0
88-89	318513.0
90-91	386745.0
92-93	483885.0
94-95	665736.0
96-97	1036678.0
98-99	3123526.0
100-101	1.7751722E7
>>END_MODULE
>>Sequence Duplication Levels	pass
#Total Deduplicated Percentage	93.3675445199898
#Duplication Level	Percentage of deduplicated	Percentage of total
1	96.98028069293842	90.54810675159037
2	2.1583267224363207	4.0303533269151375
3	0.3739530139330748	1.0474522403034219
4	0.15313290366165488	0.5719057280041949
5	0.07728983915600393	0.36081812491705245
6	0.05123520850125937	0.28702233664393767
7	0.035508293090739385	0.2320725495184919
8	0.02462469019238277	0.18393174862626038
9	0.021463556031090993	0.18035995709611657
>10	0.11736359218856732	1.9799620493770234
>50	0.00540991719430359	0.3369913638169152
>100	0.0013633707105868242	0.1920689161624517
>500	3.645024858052597E-5	0.021617138493335956
>1k	1.1749717141586665E-5	0.027337768535189808
>5k	0.0	0.0
>10k+	0.0	0.0
>>END_MODULE
>>Overrepresented sequences	pass
>>END_MODULE
>>Adapter Content	pass
#Position	Illumina Universal Adapter	Illumina Small RNA 3' Adapter	Illumina Small RNA 5' Adapter	Nextera Transposase Sequence	SOLID Small RNA Adapter
1	0.0	1.049599304969335E-5	0.0	0.0	0.0
2	0.0	3.1487979149080045E-5	0.0	1.3994657399591133E-5	0.0
3	0.0	3.1487979149080045E-5	0.0	1.7493321749488916E-5	0.0
4	0.0	3.498664349897783E-5	0.0	2.7989314799182265E-5	0.0
5	0.0	3.498664349897783E-5	0.0	3.1487979149080045E-5	0.0
6	0.0	3.498664349897783E-5	0.0	4.19839721987734E-5	0.0
7	0.0	3.848530784887561E-5	0.0	4.8981300898568964E-5	0.0
8	0.0	3.848530784887561E-5	0.0	6.647462264805788E-5	0.0
9	0.0	3.848530784887561E-5	0.0	8.046928004764902E-5	0.0
10-11	0.0	4.02346400238245E-5	0.0	9.271460527229125E-5	3.498664349897783E-6
12-13	0.0	4.373330437372229E-5	0.0	1.1195725919672906E-4	3.498664349897783E-6
14-15	0.0	4.548263654867118E-5	0.0	1.3644790964601353E-4	3.498664349897783E-6
16-17	0.0	4.7231968723620074E-5	0.0	1.4694390269570689E-4	3.498664349897783E-6
18-19	0.0	5.247996524846675E-5	0.0	1.626878922702469E-4	5.247996524846675E-6
20-21	0.0	5.947729394826231E-5	0.0	1.7668254966983805E-4	8.746660874744458E-6
22-23	0.0	6.12266261232112E-5	0.0	1.871785427195314E-4	1.049599304969335E-5
24-25	0.0	7.347195134785344E-5	0.0	2.0292253229407142E-4	1.3994657399591133E-5
26-27	0.0	7.347195134785344E-5	0.0	2.3965850796799814E-4	1.3994657399591133E-5
28-29	0.0	7.522128352280234E-5	0.0	2.5015450101769146E-4	1.3994657399591133E-5
30-31	0.0	7.697061569775122E-5	0.0	2.5540249754253815E-4	1.3994657399591133E-5
32-33	0.0	8.046928004764902E-5	0.0	2.7289581929202707E-4	1.3994657399591133E-5
34-35	0.0	8.22186122225979E-5	0.0	3.0613313061605605E-4	1.3994657399591133E-5
36-37	0.0	9.096527309734236E-5	0.0	3.2012778801564717E-4	1.3994657399591133E-5
38-39	0.0	9.446393744724014E-5	0.0	3.376211097651361E-4	1.3994657399591133E-5
40-41	0.0	9.446393744724014E-5	0.0	3.428691062899827E-4	1.3994657399591133E-5
42-43	0.0	9.796260179713793E-5	0.0	3.533650993396761E-4	1.3994657399591133E-5
44-45	0.0	1.0146126614703571E-4	0.0	3.673597567392672E-4	1.7493321749488916E-5
46-47	0.0	1.1020792702178016E-4	0.0	3.7785574978896054E-4	1.7493321749488916E-5
48-49	0.0	1.1720525572157572E-4	0.0	3.901010750136028E-4	1.7493321749488916E-5
50-51	0.0	1.2070392007147352E-4	0.0	4.163410576378362E-4	2.274131827433559E-5
52-53	0.0	1.2595191659632018E-4	0.0	4.2508771851258064E-4	2.4490650449284482E-5
54-55	0.0	1.2770124877126908E-4	3.498664349897783E-6	4.4607970461196735E-4	2.7989314799182265E-5
56-57	0.0	1.2945058094621797E-4	3.498664349897783E-6	4.6182369418650736E-4	3.673597567392672E-5
58-59	0.0	1.2945058094621797E-4	3.498664349897783E-6	4.775676837610474E-4	3.848530784887561E-5
60-61	0.0	1.3644790964601353E-4	3.498664349897783E-6	4.8806367681074076E-4	3.848530784887561E-5
62-63	0.0	1.3994657399591133E-4	3.498664349897783E-6	5.073063307351785E-4	4.19839721987734E-5
64-65	0.0	1.416959061708602E-4	3.498664349897783E-6	5.178023237848719E-4	4.19839721987734E-5
66-67	0.0	1.434452383458091E-4	3.498664349897783E-6	5.422929742341563E-4	4.19839721987734E-5
68-69	0.0	1.434452383458091E-4	3.498664349897783E-6	5.597862959836453E-4	4.19839721987734E-5
70-71	0.0	1.5044256704560468E-4	3.498664349897783E-6	5.685329568583897E-4	4.19839721987734E-5
72-73	0.0	1.5044256704560468E-4	3.498664349897783E-6	5.825276142579809E-4	4.19839721987734E-5
74-75	0.0	1.5044256704560468E-4	3.498664349897783E-6	5.912742751327253E-4	4.19839721987734E-5
76-77	0.0	1.5044256704560468E-4	3.498664349897783E-6	6.140155934070609E-4	4.19839721987734E-5
78-79	0.0	1.5044256704560468E-4	3.498664349897783E-6	6.262609186317032E-4	4.548263654867118E-5
80-81	0.0	1.5044256704560468E-4	3.498664349897783E-6	6.315089151565499E-4	4.548263654867118E-5
82-83	0.0	1.5044256704560468E-4	3.498664349897783E-6	6.437542403811921E-4	4.548263654867118E-5
84-85	0.0	1.5394123139550245E-4	3.498664349897783E-6	6.472529047310898E-4	4.548263654867118E-5
86-87	0.0	1.6093856009529803E-4	3.498664349897783E-6	6.525009012559365E-4	4.548263654867118E-5
88-89	0.0	1.644372244451958E-4	3.498664349897783E-6	6.734928873553233E-4	4.548263654867118E-5
90	0.0	1.679358887950936E-4	6.997328699795566E-6	6.7874088388017E-4	4.8981300898568964E-5
>>END_MODULE
