##FastQC	0.11.7
>>Basic Statistics	pass
#Measure	Value
Filename	SRR627462_2.fastq.gz
File type	Conventional base calls
Encoding	Sanger / Illumina 1.9
Total Sequences	36487822
Sequences flagged as poor quality	0
Sequence length	101
%GC	45
>>END_MODULE
>>Per base sequence quality	fail
#Base	Mean	Median	Lower Quartile	Upper Quartile	10th Percentile	90th Percentile
1	24.444982438250218	30.0	16.0	31.0	2.0	34.0
2	23.394712981224256	30.0	16.0	31.0	2.0	34.0
3	23.75557995760887	30.0	16.0	31.0	2.0	34.0
4	26.665080859032912	33.0	19.0	37.0	2.0	37.0
5	26.562496879095715	33.0	19.0	37.0	2.0	37.0
6	26.83868119067233	33.0	17.0	37.0	2.0	37.0
7	25.856317787342856	33.0	15.0	37.0	2.0	37.0
8	26.151305769908657	33.0	17.0	37.0	2.0	37.0
9	26.848006658221475	34.0	17.0	39.0	2.0	39.0
10-11	27.440770375387164	34.0	17.0	39.0	2.0	39.0
12-13	27.06872775250877	34.0	17.0	39.0	2.0	39.0
14-15	27.57154395239047	34.0	17.0	39.0	2.0	41.0
16-17	27.749050765485535	34.0	17.0	39.0	2.0	41.0
18-19	27.86003427390103	34.0	17.5	39.0	2.0	41.0
20-21	27.86557394409565	34.0	18.0	39.0	2.0	41.0
22-23	28.06362021279319	34.0	18.0	39.0	2.0	41.0
24-25	27.99055597234606	34.5	17.5	39.0	2.0	41.0
26-27	27.785857470473296	34.0	16.5	39.0	2.0	41.0
28-29	27.43359170629587	34.0	16.0	39.0	2.0	41.0
30-31	27.577726412390412	34.0	16.0	39.0	2.0	41.0
32-33	27.533928648851663	34.0	16.0	39.0	2.0	41.0
34-35	27.357318888477366	34.0	15.5	39.0	2.0	41.0
36-37	27.082121166344212	34.0	15.0	39.0	2.0	41.0
38-39	27.009808190250435	34.0	15.0	39.0	2.0	41.0
40-41	27.017971859213738	34.0	15.0	39.0	2.0	41.0
42-43	26.65769946476937	33.5	10.0	39.0	2.0	41.0
44-45	26.34259575701723	33.0	9.0	39.0	2.0	41.0
46-47	26.097364923562715	33.0	9.0	39.0	2.0	41.0
48-49	26.09755515141463	33.0	9.0	39.0	2.0	40.0
50-51	25.49529422446755	32.5	8.0	38.5	2.0	39.5
52-53	25.16863675776537	32.0	7.5	38.0	2.0	40.0
54-55	25.215287473173927	32.5	4.5	38.0	2.0	40.0
56-57	25.152775397227053	32.0	7.0	38.0	2.0	40.0
58-59	25.229432699490808	33.0	4.0	38.0	2.0	40.0
60-61	25.057082743935773	32.0	2.0	38.0	2.0	40.0
62-63	25.037969353172137	32.0	2.0	38.0	2.0	40.0
64-65	24.749111689922188	32.0	2.0	37.5	2.0	40.0
66-67	24.426644223927642	31.0	2.0	37.0	2.0	40.0
68-69	24.154890294630356	31.0	2.0	36.5	2.0	40.0
70-71	23.929212491773285	31.0	2.0	36.0	2.0	39.0
72-73	23.7168130232602	31.0	2.0	36.0	2.0	39.0
74-75	23.49400404058099	31.0	2.0	35.0	2.0	39.0
76-77	23.172764312980917	31.0	2.0	35.0	2.0	38.0
78-79	22.78009208113326	30.5	2.0	35.0	2.0	37.0
80-81	22.47755075652364	30.0	2.0	35.0	2.0	37.0
82-83	22.15122219407889	30.0	2.0	35.0	2.0	36.0
84-85	21.835214225721664	29.5	2.0	35.0	2.0	36.0
86-87	21.587354172578458	29.0	2.0	34.0	2.0	36.0
88-89	21.353245776083867	29.0	2.0	34.0	2.0	35.0
90-91	21.07305019466495	29.0	2.0	34.0	2.0	35.0
92-93	20.75863338732578	29.0	2.0	34.0	2.0	35.0
94-95	20.441142252886458	29.0	2.0	34.0	2.0	35.0
96-97	20.017425457732173	29.0	2.0	34.0	2.0	35.0
98-99	19.496887002463453	28.0	2.0	34.0	2.0	35.0
100-101	18.05758732324445	23.5	2.0	33.0	2.0	34.5
>>END_MODULE
>>Per sequence quality scores	fail
#Quality	Count
2	4527991.0
3	477712.0
4	354743.0
5	326484.0
6	333229.0
7	367708.0
8	399742.0
9	440785.0
10	447478.0
11	417012.0
12	380138.0
13	352046.0
14	334746.0
15	332829.0
16	356817.0
17	383605.0
18	405522.0
19	446473.0
20	506994.0
21	564688.0
22	624418.0
23	681939.0
24	739693.0
25	790733.0
26	847377.0
27	913391.0
28	982118.0
29	1058644.0
30	1149664.0
31	1260299.0
32	1400007.0
33	1574455.0
34	1813936.0
35	2133973.0
36	2520502.0
37	2849892.0
38	2369888.0
39	619089.0
40	1062.0
>>END_MODULE
>>Per base sequence content	fail
#Base	G	A	T	C
1	33.17917310087489	12.32263047887252	18.4896700395033	36.00852638074928
2	22.54095709424526	19.623584012427383	36.726316262993315	21.109142630334038
3	26.156592389502727	22.497776430899478	26.00373750858261	25.341893671015193
4	27.09201994648206	28.79375485032835	24.13595538098431	19.97826982220528
5	26.008115924425734	30.26652551434252	25.468181070109747	18.257177491121997
6	20.833973608412006	34.098194903500975	24.284151957982886	20.783679530104134
7	17.14810295045256	17.538509262241373	43.34838170996897	21.965006077337097
8	20.53494850710167	22.12814840678027	29.86090971702941	27.47599336908865
9	21.995383269807945	20.68742862842328	30.499320982226703	26.817867119542072
10-11	23.773239964763413	31.880141881952202	22.265993205250613	22.080624948033776
12-13	21.360211332175787	24.791290441111485	29.93194558787416	23.91655263883857
14-15	21.809139735151835	25.85662097445439	29.580158820819985	22.754080469573793
16-17	22.363440425013838	25.921281661026853	28.630385037745764	23.084892876213544
18-19	22.43601761894541	26.289580882752812	28.215915612172505	23.058485886129276
20-21	22.27630969857767	26.241238382710907	28.13953980549247	23.342912113218954
22-23	22.44758432184648	27.07292379560917	27.795201746589466	22.684290135954885
24-25	22.579674901520033	27.38426658514099	27.59061046956503	22.44544804377395
26-27	22.43615717925689	27.041494158948527	27.729487118483238	22.792861543311354
28-29	22.35643837716477	26.850013814681343	27.82733216776334	22.966215640390544
30-31	22.165418510115924	26.825088362167694	27.90161721039729	23.1078759173191
32-33	22.542881554280267	26.734897420266506	27.927443998904444	22.794777026548783
34-35	22.440350198140287	27.139832361799133	27.858964126920117	22.560853313140463
36-37	22.28356309280284	26.498447939257293	27.969959141156416	23.248029826783448
38-39	22.457424957316647	26.445289058092854	27.936139907325547	23.161146077264952
40-41	22.787542891590796	26.730075128759978	27.870362309078146	22.61201967057108
42-43	22.395698289976334	26.60204434568464	28.141824447137857	22.860432917201166
44-45	22.672248226867463	26.653653301229735	28.044597314923813	22.629501156978986
46-47	22.943000448938584	26.668448218842382	27.54422827497498	22.844323057244054
48-49	22.85967644970104	26.550836294982684	27.66741771689057	22.922069538425706
50-51	22.760732124736034	26.291020362951436	27.774639037136907	23.173608475175623
52-53	22.848097877322154	26.739834850685906	27.53288471046899	22.87918256152295
54-55	22.573284380820066	26.63001566974719	27.56276630036862	23.23393364906412
56-57	22.751678327482548	26.169672709082935	27.603859616013725	23.47478934742079
58-59	22.664003674526402	26.461628671318742	27.68763896505501	23.18672868909984
60-61	22.823739095874274	26.36323884948456	27.573820843164548	23.239201211476615
62-63	22.363087480970687	26.66371715060505	27.97454575573904	22.998649612685224
64-65	22.644449806245266	26.739308509480885	27.899408944089732	22.716832740184117
66-67	22.735227085024263	26.802946101449965	27.732860711657292	22.72896610186848
68-69	22.783804983496143	26.595524701973382	27.6952649156256	22.92540539890487
70-71	22.30088339429137	26.93727690569961	27.723420045146675	23.038419654862352
72-73	22.642569524316517	26.772741082512418	27.740385530952622	22.844303862218446
74-75	22.771197220188856	26.759510654857078	27.68716052556906	22.782131599385004
76-77	22.773287299353882	26.608428917606687	27.89251202737635	22.72577175566309
78-79	22.60771062942384	26.664367272166157	28.106810468366987	22.621111630043014
80-81	22.52361047573357	26.646960602401997	27.993654183389623	22.83577473847481
82-83	22.558417880308035	26.56703150184237	27.951813345347492	22.922737272502104
84-85	22.567147981003597	26.641429943267642	27.82798702217613	22.963435053552633
86-87	22.33814542963815	26.971909395072164	27.815100730862298	22.874844444427392
88-89	22.530404148791476	26.922299452702912	27.712175515260384	22.83512088324522
90-91	22.64235184326803	26.51931816995578	27.90685058945559	22.931479397320594
92-93	22.578006141430997	26.304241349675582	28.18923054908166	22.92852195981175
94-95	22.80663913151916	26.319236872613853	27.860055855969435	23.01406813989755
96-97	22.55725118293378	26.69115914841293	27.755307927440214	22.996281741213075
98-99	22.936484302709623	26.140982215047124	27.921520415220137	23.001013067023116
100-101	22.93323339871761	26.31850140560091	27.69293283116263	23.05533236451885
>>END_MODULE
>>Per sequence GC content	pass
#GC Content	Count
0	2332.0
1	1758.5
2	1156.5
3	1220.0
4	1355.0
5	1502.0
6	1856.5
7	2486.0
8	3435.0
9	5005.0
10	7401.5
11	10668.5
12	15002.0
13	20072.0
14	26030.5
15	33264.5
16	41339.0
17	50184.0
18	60300.5
19	72004.0
20	86510.0
21	103688.5
22	124725.5
23	151676.0
24	184770.5
25	224885.0
26	274563.5
27	331870.0
28	394053.0
29	461503.5
30	531734.0
31	605767.5
32	682384.5
33	761603.5
34	836303.5
35	900472.0
36	968913.5
37	1032659.5
38	1078026.5
39	1111329.5
40	1137844.0
41	1163033.5
42	1185508.0
43	1210983.0
44	1276134.5
45	1338336.5
46	1352167.5
47	1353502.0
48	1327549.5
49	1254912.5
50	1172904.5
51	1129550.0
52	1101536.0
53	1039331.0
54	959656.0
55	895971.5
56	859234.0
57	793888.0
58	715971.5
59	658701.0
60	583473.0
61	515159.5
62	447923.0
63	379532.0
64	314279.5
65	246226.0
66	191317.0
67	146659.0
68	109723.0
69	80617.5
70	58045.0
71	42630.5
72	34159.5
73	29800.5
74	26230.0
75	21705.5
76	17973.0
77	16196.0
78	14884.5
79	13086.5
80	10936.5
81	9212.5
82	7786.5
83	6747.5
84	5772.0
85	4792.5
86	4050.5
87	3460.5
88	2959.0
89	2517.5
90	2014.0
91	1589.5
92	1231.5
93	964.0
94	808.0
95	625.5
96	450.5
97	353.0
98	247.0
99	157.5
100	115.5
>>END_MODULE
>>Per base N content	warn
#Base	N-Count
1	5.059660727351718
2	10.989614562360012
3	7.140349456868103
4	6.937542065404726
5	4.329956992226064
6	4.207971086901268
7	12.215982636617774
8	3.2484372457199555
9	6.273761695066371
10-11	3.6856242063447913
12-13	6.271140272499685
14-15	5.161078126285531
16-17	5.105481494620315
18-19	3.719365600939404
20-21	3.265196261919936
22-23	3.551972765050213
24-25	2.9278494616642234
26-27	4.158664225011841
28-29	4.0704128626805955
30-31	1.5540733014976886
32-33	2.037479792572985
34-35	2.626766815514502
36-37	3.010376996467479
38-39	2.5497315241233087
40-41	1.0923644606685485
42-43	1.0007832202207083
44-45	3.622219490108234
46-47	4.027834273034987
48-49	1.0163418359144594
50-51	1.4899395749080337
52-53	2.073017676966304
54-55	3.0073979203253076
56-57	1.0898197760337682
58-59	2.010409116773262
60-61	1.5096845188512484
62-63	2.1415350579160357
64-65	0.4977331888979287
66-67	1.510021617623546
68-69	1.5501363715269165
70-71	1.057711803132563
72-73	0.9882913811627342
74-75	0.4941909111483826
76-77	1.5336048284822263
78-79	1.4976942169910827
80-81	0.003898561004819635
82-83	0.9908895082858057
84-85	0.5031391021365978
86-87	0.0034627991772158938
88-89	0.0031476255283201062
90-91	0.49702884430865724
92-93	0.5227607172606795
94-95	0.0030749985570528164
96-97	0.004175365687762892
98-99	0.5251217789869727
100-101	1.1700081742341322
>>END_MODULE
>>Sequence Length Distribution	pass
#Length	Count
101	3.6487822E7
>>END_MODULE
>>Sequence Duplication Levels	pass
#Total Deduplicated Percentage	93.45287388555836
#Duplication Level	Percentage of deduplicated	Percentage of total
1	97.08875040721612	90.73222747512023
2	2.0651266206438947	3.8598403527348646
3	0.35976041673001075	1.0086193456105685
4	0.1519853298935288	0.5681386346797972
5	0.08051674611084311	0.37622606599860714
6	0.046566311272278865	0.2611053368786359
7	0.035521487407723956	0.23237095580590333
8	0.026950186712896233	0.20148579200580338
9	0.020026309691165697	0.16843645745654787
>10	0.11781659849422925	1.9966816242585863
>50	0.005570436615325722	0.34512602586193414
>100	0.0013511034174801724	0.1837019953093311
>500	3.9553392261566543E-5	0.02392498160203379
>1k	1.849240223738089E-5	0.04211495667719649
>5k	0.0	0.0
>10k+	0.0	0.0
>>END_MODULE
>>Overrepresented sequences	pass
>>END_MODULE
>>Adapter Content	pass
#Position	Illumina Universal Adapter	Illumina Small RNA 3' Adapter	Illumina Small RNA 5' Adapter	Nextera Transposase Sequence	SOLID Small RNA Adapter
1	2.7406404251807633E-6	1.0962561700723053E-5	0.0	0.0	0.0
2	5.4812808503615265E-6	3.0147044676988394E-5	0.0	1.0962561700723053E-5	0.0
3	1.918448297626534E-5	3.0147044676988394E-5	0.0	1.3703202125903816E-5	0.0
4	3.836896595253068E-5	3.2887685102169154E-5	0.0	2.1925123401446106E-5	0.0
5	3.836896595253068E-5	3.2887685102169154E-5	0.0	2.466576382662687E-5	0.0
6	4.385024680289221E-5	3.2887685102169154E-5	0.0	3.562832552734992E-5	0.0
7	4.385024680289221E-5	3.562832552734992E-5	0.0	4.1109606377711446E-5	0.0
8	5.755344892879602E-5	3.836896595253068E-5	0.0	5.481280850361526E-5	0.0
9	6.029408935397679E-5	3.836896595253068E-5	0.0	6.577537020433831E-5	2.7406404251807633E-6
10-11	8.633017339319403E-5	3.9739286165121066E-5	0.0	7.536761169247099E-5	5.4812808503615265E-6
12-13	1.0962561700723053E-4	4.3850246802892205E-5	0.0	9.592241488132672E-5	6.851601062951907E-6
14-15	1.9047450955006305E-4	4.933152765325374E-5	0.0	1.2332881913313434E-4	8.221921275542288E-6
16-17	2.6858276166771475E-4	5.344248829102488E-5	0.0	1.3429138083385738E-4	9.592241488132672E-6
18-19	3.384690925098242E-4	6.029408935397679E-5	0.0	1.5073522338494196E-4	1.3703202125903814E-5
20-21	4.083554233519337E-4	6.714569041692869E-5	0.0	1.6854938614861692E-4	1.7814162763674957E-5
22-23	4.6727919249332014E-4	6.988633084210946E-5	0.0	1.8088226806193037E-4	2.1925123401446106E-5
24-25	5.563500063116949E-4	7.947857233024213E-5	0.0	1.945854701878342E-4	2.466576382662687E-5
26-27	6.24866016941214E-4	8.084889254283251E-5	0.0	2.233621946522322E-4	2.466576382662687E-5
28-29	7.509354764995291E-4	8.495985318060365E-5	0.0	2.3569507656554564E-4	2.466576382662687E-5
30-31	8.290437286171808E-4	8.90708138183748E-5	0.0	2.4117635741590716E-4	2.466576382662687E-5
32-33	9.222255030733267E-4	9.592241488132672E-5	0.0	2.5487955954181095E-4	2.603608403921725E-5
34-35	9.962227945532072E-4	1.0140369573168823E-4	0.0	2.809156435810282E-4	2.740640425180763E-5
36-37	0.0010907748892219438	1.1236625743241129E-4	1.3703202125903816E-6	2.9187820528175126E-4	2.740640425180763E-5
38-39	0.0011880676243158608	1.1510689785759205E-4	2.7406404251807633E-6	3.1106268825801663E-4	2.740640425180763E-5
40-41	0.0012743977977090549	1.1510689785759205E-4	2.7406404251807633E-6	3.1517364889578777E-4	2.740640425180763E-5
42-43	0.001360727971102249	1.178475382827728E-4	2.7406404251807633E-6	3.261362105965108E-4	2.8776724464398015E-5
44-45	0.0014484284647080332	1.2058817870795358E-4	2.7406404251807633E-6	3.384690925098242E-4	3.2887685102169154E-5
46-47	0.001566276002990806	1.2743977977090548E-4	2.7406404251807633E-6	3.480613339979569E-4	3.2887685102169154E-5
48-49	0.0017005673838246635	1.3429138083385738E-4	2.7406404251807633E-6	3.5902389569868E-4	3.562832552734992E-5
50-51	0.0018910418933747266	1.4662426274717082E-4	2.7406404251807633E-6	3.8094901910012605E-4	3.9739286165121066E-5
52-53	0.0020911086444129223	1.5073522338494196E-4	2.7406404251807633E-6	3.8780062016307795E-4	4.1109606377711446E-5
54-55	0.0023446178837421426	1.5210554359753234E-4	5.4812808503615265E-6	4.0561478292675294E-4	4.522056701548259E-5
56-57	0.002594016162433592	1.562165042353035E-4	5.4812808503615265E-6	4.1931798505265674E-4	5.344248829102488E-5
58-59	0.002900967890053838	1.5895714466048426E-4	5.4812808503615265E-6	4.3302118717856053E-4	5.892376914138641E-5
60-61	0.003335359397444989	1.6443842551084578E-4	8.221921275542288E-6	4.4261342866669325E-4	6.166440956656717E-5
62-63	0.0037834541069620433	1.6717906593602654E-4	8.221921275542288E-6	4.659088722807297E-4	6.577537020433831E-5
64-65	0.004378173079226269	1.7403066699897844E-4	8.221921275542288E-6	4.823527148318143E-4	6.851601062951907E-5
66-67	0.005124997595088027	1.7540098721156885E-4	8.221921275542288E-6	5.083887988710315E-4	7.536761169247098E-5
68-69	0.0059992618907206904	1.7540098721156885E-4	8.221921275542288E-6	5.31684242485068E-4	8.221921275542289E-5
70-71	0.007220217200138721	1.8225258827452075E-4	8.221921275542288E-6	5.453874446109719E-4	8.495985318060365E-5
72-73	0.008974227072254409	1.8362290848711113E-4	8.221921275542288E-6	5.604609669494661E-4	8.633017339319403E-5
74-75	0.011486024021932578	1.8636354891229189E-4	9.592241488132672E-6	5.67312568012418E-4	9.044113403096518E-5
76-77	0.014972118642762508	1.8636354891229189E-4	1.2332881913313434E-5	5.89237691413864E-4	9.181145424355556E-5
78-79	0.0202451108208103	1.8636354891229189E-4	1.3703202125903816E-5	6.015705733271775E-4	9.72927350939171E-5
80-81	0.028331370395306137	1.8773386912488227E-4	1.3703202125903816E-5	6.139034552404909E-4	1.0140369573168823E-4
82-83	0.039056866699251055	1.8910418933747265E-4	1.3703202125903816E-5	6.262363371538044E-4	1.04144336156869E-4
84-85	0.05461822303342743	1.9458547018783416E-4	1.5073522338494197E-5	6.358285786419371E-4	1.04144336156869E-4
86-87	0.07765056516664656	2.0417771167596685E-4	1.6443842551084577E-5	6.454208201300697E-4	1.0688497658204975E-4
88-89	0.10690553138523862	2.08288672313738E-4	1.6443842551084577E-5	6.659756233189254E-4	1.0688497658204975E-4
90	0.1334335603807758	2.137699531640995E-4	1.918448297626534E-5	6.741975445944677E-4	1.0962561700723053E-4
>>END_MODULE
