##FastQC	0.11.7
>>Basic Statistics	pass
#Measure	Value
Filename	SRR665217_2_val_2.fq.gz
File type	Conventional base calls
Encoding	Sanger / Illumina 1.9
Total Sequences	68212074
Sequences flagged as poor quality	0
Sequence length	20-76
%GC	47
>>END_MODULE
>>Per base sequence quality	pass
#Base	Mean	Median	Lower Quartile	Upper Quartile	10th Percentile	90th Percentile
1	30.357349624056294	31.0	30.0	34.0	26.0	34.0
2	30.167643869031163	31.0	30.0	34.0	25.0	34.0
3	30.15461102971301	31.0	30.0	34.0	25.0	34.0
4	33.831832645933034	37.0	35.0	37.0	28.0	37.0
5	34.08362469670692	37.0	35.0	37.0	28.0	37.0
6	33.55691424952128	37.0	33.0	37.0	26.0	37.0
7	33.9908873904054	37.0	35.0	37.0	28.0	37.0
8	34.048709998174225	37.0	35.0	37.0	28.0	37.0
9	35.391744854437356	38.0	35.0	39.0	28.0	39.0
10-11	35.63448303155245	39.0	35.0	39.0	29.5	39.0
12-13	35.77765074259434	39.0	35.0	39.0	30.0	39.0
14-15	36.91506989656992	40.0	36.0	41.0	30.0	41.0
16-17	36.35908592956725	39.0	35.5	41.0	27.0	41.0
18-19	36.22850188516479	39.0	34.5	41.0	27.0	41.0
20-21	36.3976573750502	39.0	35.5	41.0	28.0	41.0
22-23	36.32192075237261	39.0	35.0	41.0	27.0	41.0
24-25	36.24465268425742	39.0	35.0	41.0	27.0	41.0
26-27	36.360995066543786	39.0	35.0	41.0	27.0	41.0
28-29	36.28171359696054	39.0	35.0	41.0	27.0	41.0
30-31	36.11832688226106	39.0	35.0	41.0	27.0	41.0
32-33	36.04249878049765	39.0	35.0	41.0	27.0	41.0
34-35	36.15690010103304	39.0	35.0	41.0	27.0	41.0
36-37	36.24782848039372	39.0	35.0	41.0	28.0	41.0
38-39	36.06295474270577	39.0	34.5	40.5	27.5	41.0
40-41	35.82386442921462	38.0	34.0	40.0	26.5	41.0
42-43	35.887845776905465	38.0	34.0	40.0	27.0	41.0
44-45	35.93909878051356	38.0	34.0	40.0	27.5	41.0
46-47	35.85357115259584	38.0	34.0	40.0	27.5	41.0
48-49	35.79262785394779	38.0	34.0	40.0	27.0	41.0
50-51	35.205193750791196	37.5	33.5	39.5	26.5	40.5
52-53	35.24892837951772	38.0	33.5	40.0	26.5	40.5
54-55	35.38297808852842	38.0	33.5	40.0	27.0	41.0
56-57	34.68312186752645	37.0	33.0	40.0	24.5	41.0
58-59	35.08551020630508	37.0	33.0	40.0	26.5	41.0
60-61	34.91055618589318	37.0	33.0	40.0	26.5	41.0
62-63	34.45167003175668	36.0	32.5	39.5	26.0	41.0
64-65	34.5460863355714	36.0	33.0	39.0	26.0	41.0
66-67	34.61494037186412	36.0	33.0	39.0	27.0	41.0
68-69	34.42332158171289	35.0	33.0	39.0	27.5	40.0
70-71	34.45501618690413	35.0	33.0	38.0	28.0	40.0
72-73	34.40192469009504	35.0	33.0	37.5	28.5	40.0
74-75	34.25230050970085	35.0	33.0	37.0	28.5	39.0
76	32.76674252783428	34.0	30.0	35.0	26.0	38.0
>>END_MODULE
>>Per sequence quality scores	pass
#Quality	Count
4	1.0
5	0.0
6	0.0
7	0.0
8	2.0
9	3.0
10	19.0
11	56.0
12	165.0
13	359.0
14	731.0
15	1223.0
16	1804.0
17	2988.0
18	13936.0
19	70189.0
20	271626.0
21	445166.0
22	609729.0
23	774032.0
24	939335.0
25	1107153.0
26	1278051.0
27	1465387.0
28	1667188.0
29	1891956.0
30	2146586.0
31	2462151.0
32	2878568.0
33	3442005.0
34	4230072.0
35	5323694.0
36	6888873.0
37	8902799.0
38	1.0678899E7
39	1.0050748E7
40	666580.0
>>END_MODULE
>>Per base sequence content	fail
#Base	G	A	T	C
1	24.93103081432283	13.095744985679447	15.438388703644573	46.534835496353146
2	19.705191199527224	24.70197909387775	33.71348762714857	21.879342079446456
3	25.534985110083646	26.239011139352698	23.98385761252465	24.242146138039004
4	28.89731219868596	29.58979109988329	19.23942466845409	22.273472032976656
5	25.97757269600755	30.81615946000164	21.481019741515073	21.725248102475742
6	20.783308044362244	35.407646321417765	21.354613990409298	22.45443164381069
7	21.336455135082208	16.16450875280583	39.76464112161052	22.734394990501443
8	20.166926817395975	24.241447907824238	27.05368313959749	28.5379421351823
9	20.443069861571527	23.631756691595545	29.593609806973635	26.331563639859297
10-11	25.67776435080711	31.059547171074502	20.115575546071774	23.147112932046614
12-13	23.44870251760433	23.481158190679366	27.28198305951407	25.78815623220223
14-15	23.7523474704944	24.975888832372263	26.491690192905693	24.780073504227648
16-17	22.955070765651165	26.432221097679502	26.842500170711723	23.770207965957603
18-19	22.94786414841495	26.710331611385268	25.058310970303978	25.283493269895807
20-21	24.64283146741792	26.135110004173484	25.525029295342843	23.697029233065752
22-23	24.06503228062102	26.602586494777125	25.757608854722108	23.57477236987975
24-25	23.445314153337023	26.19335068371429	26.943954800481034	23.417380362467657
26-27	24.294655354379724	26.28312028686181	25.93193525474152	23.490289104016945
28-29	23.60453228462594	26.799594111136404	25.92665127107322	23.669222333164438
30-31	23.499692502464036	26.605485021810065	25.952105787835194	23.942716687890705
32-33	24.052396502819928	26.174463153499026	25.98601889718537	23.787121446495675
34-35	24.1575885794627	26.246922219491182	26.082679699397005	23.512809501649112
36-37	23.624887597336127	26.42457878410749	25.892792542370092	24.057741076186296
38-39	23.795357660875112	26.18933030308927	26.46874358440275	23.54656845163287
40-41	23.880681276966833	26.43323133334417	26.008525923699217	23.677561465989783
42-43	23.94162015051196	26.179081058222494	26.22045414756002	23.658844643705528
44-45	23.56604385777016	26.40114829294405	26.297557126030384	23.735250723255405
46-47	23.62844178330917	26.730177231659123	26.02173426114151	23.6196467238902
48-49	23.50103175116063	26.472404583566835	26.106533215494252	23.920030449778277
50-51	23.734669364303546	26.2119872289858	26.443024490296708	23.610318916413945
52-53	23.705109733331025	26.268215264320304	26.352476388515317	23.674198613833354
54-55	23.54962293492146	26.474422888351697	26.216100707864776	23.75985346886207
56-57	23.420243482846445	26.27900563924232	26.72799234182242	23.572758536088813
58-59	23.263043819313438	26.404345610856726	26.421871570011724	23.91073899981811
60-61	23.462788039688494	26.40990365952928	26.27786075918554	23.849447541596682
62-63	23.333930541491576	26.56567449553452	26.523373739816886	23.57702122315702
64-65	23.478832697852614	26.466714116111785	26.38774701905526	23.66670616698034
66-67	23.123044841598432	26.539377165578387	26.50735208881087	23.830225904012313
68-69	23.276205864645775	26.60309401588507	26.451376303005503	23.669323816463653
70-71	23.202098454695417	26.416331683904374	26.571730289473678	23.80983957192653
72-73	22.990840984085853	26.253038108702505	26.82337999483565	23.93274091237599
74-75	23.004076264442197	22.99860441879619	28.61218244766252	25.38513686909909
76	24.41150386470029	0.0	39.45680027805142	36.13169585724829
>>END_MODULE
>>Per sequence GC content	fail
#GC Content	Count
0	10852.0
1	9152.5
2	7267.0
3	6864.5
4	6865.0
5	7474.0
6	8464.5
7	9744.0
8	11105.5
9	12793.0
10	14998.5
11	17721.0
12	20301.5
13	24079.0
14	30323.0
15	39074.5
16	49768.0
17	60883.0
18	81108.5
19	114192.0
20	152887.5
21	188846.0
22	246597.0
23	338838.5
24	431686.5
25	506915.5
26	615685.5
27	766760.5
28	906556.5
29	1012392.0
30	1147273.0
31	1320852.0
32	1477379.0
33	1597677.0
34	1729425.5
35	1888221.5
36	2003416.0
37	2082878.5
38	2184441.5
39	2327492.5
40	2453798.0
41	2562146.0
42	2642347.0
43	2713145.5
44	2788036.0
45	2829542.0
46	2846901.5
47	2859133.0
48	2922741.5
49	2961796.0
50	2975307.0
51	3007658.0
52	2956865.5
53	3312356.0
54	3681928.5
55	3591036.5
56	3515145.5
57	3412494.0
58	2889876.5
59	2374651.5
60	2254552.5
61	2124311.0
62	2014629.0
63	1841256.0
64	1620834.5
65	1458187.0
66	1278008.0
67	1144325.0
68	1013013.0
69	845760.0
70	696516.5
71	588493.0
72	501408.0
73	393435.5
74	297619.5
75	238006.5
76	195207.0
77	150053.0
78	111036.0
79	84402.0
80	66220.5
81	49332.5
82	37863.0
83	28406.5
84	20779.0
85	15314.5
86	11778.5
87	9770.5
88	7507.5
89	5268.0
90	3903.0
91	3041.5
92	2632.5
93	1812.5
94	918.5
95	652.0
96	561.5
97	547.0
98	327.0
99	103.5
100	100.0
>>END_MODULE
>>Per base N content	pass
#Base	N-Count
1	0.07877930819109825
2	0.049925178935330425
3	0.049925178935330425
4	0.04259949638827871
5	0.04215675952031601
6	0.02685008522098302
7	0.01717437883504319
8	0.14231351475986495
9	0.04981082967804205
10-11	0.015572756224946332
12-13	0.02117440381595786
14-15	0.018863962412284958
16-17	0.11465198961697015
18-19	0.05404688325412888
20-21	0.057862419858438756
22-23	0.057886727764580495
24-25	0.05519716889644562
26-27	0.015849375387992828
28-29	0.01709671624084941
30-31	0.5306756063728741
32-33	0.08050701003258907
34-35	0.011423949999195486
36-37	0.013138205145573116
38-39	0.11863014571204776
40-41	0.1465977684526854
42-43	0.10390636901714868
44-45	0.005523554428438635
46-47	0.01348508100227051
48-49	0.006851215349323734
50-51	0.008027637934343216
52-53	0.006712844996183454
54-55	0.004301525235880244
56-57	0.009935269990942084
58-59	0.005283152450736867
60-61	0.0015389228182296796
62-63	0.0033018332808066285
64-65	0.002580947670010237
66-67	6.292971697446392E-4
68-69	0.002851191251464789
70-71	0.0016926173411412648
72-73	0.0011500169340428492
74-75	2.8951563426404794E-6
76	0.0
>>END_MODULE
>>Sequence Length Distribution	warn
#Length	Count
20-21	1411131.0
22-23	153654.0
24-25	171505.0
26-27	208259.0
28-29	226436.0
30-31	171523.0
32-33	190616.0
34-35	199889.0
36-37	208828.0
38-39	234872.0
40-41	232755.0
42-43	239757.0
44-45	271777.0
46-47	255918.0
48-49	274671.0
50-51	266185.0
52-53	328046.0
54-55	329366.0
56-57	345593.0
58-59	394670.0
60-61	416055.0
62-63	423793.0
64-65	484588.0
66-67	615304.0
68-69	779972.0
70-71	1295971.0
72-73	3662302.0
74-75	2.0099806E7
76-77	3.4318832E7
>>END_MODULE
>>Sequence Duplication Levels	warn
#Total Deduplicated Percentage	68.8024633058925
#Duplication Level	Percentage of deduplicated	Percentage of total
1	87.34907608036765	60.09831601823108
2	7.1872975480600525	9.890075516378657
3	2.4191422839458974	4.993288446687616
4	1.1147255553815878	3.0678345648112932
5	0.5906979149836917	2.032073581026633
6	0.37755808040058936	1.5586155583562855
7	0.2219661810388979	1.0690274018254504
8	0.15255477265533487	0.839691531820596
9	0.11075236891055522	0.6858032218208231
>10	0.434777904995501	4.8859350604590315
>50	0.02098793417644424	0.9874023882652775
>100	0.0163624359215372	2.2864008648351204
>500	0.0024669750356779954	1.1629947965281018
>1k	0.0015540027014563102	1.7829203191967982
>5k	5.535790969703791E-5	0.2469388743208682
>10k+	2.4603515420639926E-5	4.412681855436378
>>END_MODULE
>>Overrepresented sequences	fail
#Sequence	Count	Percentage	Possible Source
CAAGCAGAAGACGGCATACG	955838	1.4012739152309017	No Hit
>>END_MODULE
>>Adapter Content	pass
#Position	Illumina Universal Adapter	Illumina Small RNA 3' Adapter	Illumina Small RNA 5' Adapter	Nextera Transposase Sequence	SOLID Small RNA Adapter
1	0.0	1.0262112833572542E-5	0.0	1.466016119081792E-6	2.932032238163584E-6
2	0.0	1.9058209548063295E-5	0.0	1.466016119081792E-5	2.932032238163584E-6
3	0.0	1.9058209548063295E-5	0.0	1.466016119081792E-5	2.932032238163584E-6
4	0.0	1.9058209548063295E-5	0.0	1.612617730989971E-5	2.932032238163584E-6
5	0.0	1.9058209548063295E-5	1.466016119081792E-6	1.612617730989971E-5	2.932032238163584E-6
6	0.0	1.9058209548063295E-5	1.466016119081792E-6	1.612617730989971E-5	5.864064476327168E-6
7	0.0	2.3456257905308672E-5	1.466016119081792E-6	2.199024178622688E-5	5.864064476327168E-6
8	0.0	3.3718370738881216E-5	1.466016119081792E-6	2.6388290143472255E-5	5.864064476327168E-6
9	0.0	3.958243521520838E-5	4.398048357245375E-6	2.7854306262554045E-5	1.1728128952654336E-5
10	0.0	3.958243521520838E-5	4.398048357245375E-6	2.932032238163584E-5	1.1728128952654336E-5
11	0.0	4.6912515810617344E-5	4.398048357245375E-6	3.078633850071763E-5	1.1728128952654336E-5
12	0.0	4.837853192969913E-5	4.398048357245375E-6	3.6650402977044796E-5	1.3194145071736128E-5
13	0.0	4.837853192969913E-5	4.398048357245375E-6	3.958243521520838E-5	1.3194145071736128E-5
14	0.0	5.131056416786272E-5	4.398048357245375E-6	3.958243521520838E-5	1.3194145071736128E-5
15	0.0	5.42425964060263E-5	4.398048357245375E-6	5.864064476327168E-5	1.3194145071736128E-5
16	0.0	5.864064476327168E-5	4.398048357245375E-6	6.450470923959884E-5	1.466016119081792E-5
17	0.0	5.864064476327168E-5	4.398048357245375E-6	6.597072535868064E-5	1.75921934289815E-5
18	0.0	5.864064476327168E-5	4.398048357245375E-6	7.623283819225318E-5	2.199024178622688E-5
19	0.0	5.864064476327168E-5	4.398048357245375E-6	8.649495102582572E-5	2.3456257905308672E-5
20	0.0	5.864064476327168E-5	4.398048357245375E-6	9.08929993830711E-5	2.4922274024390462E-5
21	1.466016119081792E-6	6.157267700143526E-5	4.398048357245375E-6	9.08929993830711E-5	2.4922274024390462E-5
22	1.466016119081792E-6	6.303869312051705E-5	4.398048357245375E-6	9.23590155021529E-5	2.6388290143472255E-5
23	2.932032238163584E-6	6.450470923959884E-5	4.398048357245375E-6	1.0262112833572543E-4	2.6388290143472255E-5
24	2.932032238163584E-6	6.597072535868064E-5	4.398048357245375E-6	1.070191766929708E-4	2.6388290143472255E-5
25	2.932032238163584E-6	6.890275759684421E-5	4.398048357245375E-6	1.1434925728837977E-4	2.6388290143472255E-5
26	2.932032238163584E-6	6.890275759684421E-5	4.398048357245375E-6	1.2167933788378872E-4	2.7854306262554045E-5
27	2.932032238163584E-6	7.330080595408959E-5	4.398048357245375E-6	1.2167933788378872E-4	2.932032238163584E-5
28	2.932032238163584E-6	7.476682207317139E-5	4.398048357245375E-6	1.260773862410341E-4	3.078633850071763E-5
29	2.932032238163584E-6	7.916487043041677E-5	7.33008059540896E-6	1.2754340236011588E-4	3.078633850071763E-5
30	2.932032238163584E-6	8.209690266858034E-5	7.33008059540896E-6	1.3194145071736128E-4	3.078633850071763E-5
31	2.932032238163584E-6	8.209690266858034E-5	7.33008059540896E-6	1.3194145071736128E-4	3.078633850071763E-5
32	2.932032238163584E-6	8.209690266858034E-5	7.33008059540896E-6	1.3340746683644306E-4	3.078633850071763E-5
33	2.932032238163584E-6	8.209690266858034E-5	7.33008059540896E-6	1.3633949907460664E-4	3.078633850071763E-5
34	2.932032238163584E-6	8.209690266858034E-5	7.33008059540896E-6	1.3633949907460664E-4	3.078633850071763E-5
35	2.932032238163584E-6	8.356291878766213E-5	7.33008059540896E-6	1.451355957890974E-4	3.225235461979942E-5
36	2.932032238163584E-6	8.796096714490751E-5	7.33008059540896E-6	1.5686372474175173E-4	3.225235461979942E-5
37	2.932032238163584E-6	9.23590155021529E-5	7.33008059540896E-6	1.6126177309899712E-4	3.225235461979942E-5
38	2.932032238163584E-6	9.382503162123469E-5	7.33008059540896E-6	1.6859185369440607E-4	3.225235461979942E-5
39	2.932032238163584E-6	9.382503162123469E-5	7.33008059540896E-6	1.7152388593256966E-4	3.225235461979942E-5
40	2.932032238163584E-6	1.0262112833572543E-4	7.33008059540896E-6	1.7298990205165144E-4	3.5184386857963E-5
41	2.932032238163584E-6	1.0262112833572543E-4	7.33008059540896E-6	1.773879504088968E-4	3.5184386857963E-5
42	2.932032238163584E-6	1.0408714445480723E-4	8.79609671449075E-6	1.7885396652797861E-4	3.6650402977044796E-5
43	2.932032238163584E-6	1.1141722505021618E-4	8.79609671449075E-6	1.803199826470604E-4	3.811641909612659E-5
44	2.932032238163584E-6	1.1874730564562515E-4	8.79609671449075E-6	1.8325201488522398E-4	3.811641909612659E-5
45	2.932032238163584E-6	1.2314535400287052E-4	8.79609671449075E-6	1.8911607936155115E-4	3.811641909612659E-5
46	2.932032238163584E-6	1.2314535400287052E-4	8.79609671449075E-6	1.9351412771879652E-4	3.811641909612659E-5
47	2.932032238163584E-6	1.2461137012195232E-4	8.79609671449075E-6	1.9498014383787833E-4	3.811641909612659E-5
48	2.932032238163584E-6	1.290094184791977E-4	8.79609671449075E-6	2.140383533859416E-4	3.811641909612659E-5
49	2.932032238163584E-6	1.290094184791977E-4	8.79609671449075E-6	2.155043695050234E-4	3.811641909612659E-5
50	2.932032238163584E-6	1.3340746683644306E-4	8.79609671449075E-6	2.2723249845767773E-4	4.6912515810617344E-5
51	2.932032238163584E-6	1.3780551519368842E-4	8.79609671449075E-6	2.345625790530867E-4	4.9844548048780924E-5
52	2.932032238163584E-6	1.3780551519368842E-4	8.79609671449075E-6	2.3896062741033208E-4	4.9844548048780924E-5
53	2.932032238163584E-6	1.4220356355093382E-4	8.79609671449075E-6	2.4629070800574103E-4	5.131056416786272E-5
54	2.932032238163584E-6	1.436695796700156E-4	8.79609671449075E-6	2.4775672412482284E-4	5.277658028694451E-5
55	2.932032238163584E-6	1.451355957890974E-4	8.79609671449075E-6	2.4775672412482284E-4	5.277658028694451E-5
56	2.932032238163584E-6	1.451355957890974E-4	8.79609671449075E-6	2.5362078860115E-4	5.7174628644189884E-5
57	2.932032238163584E-6	1.4953364414634277E-4	8.79609671449075E-6	2.5508680472023177E-4	5.7174628644189884E-5
58	2.932032238163584E-6	1.5686372474175173E-4	8.79609671449075E-6	2.6095086919655894E-4	5.864064476327168E-5
59	2.932032238163584E-6	1.597957569799153E-4	8.79609671449075E-6	2.8294111098278583E-4	5.864064476327168E-5
60	2.932032238163584E-6	1.627277892180789E-4	8.79609671449075E-6	3.049313527690127E-4	5.864064476327168E-5
61	2.932032238163584E-6	1.6565982145624249E-4	8.79609671449075E-6	3.049313527690127E-4	6.0106660882353465E-5
62	2.932032238163584E-6	1.7445591817073325E-4	8.79609671449075E-6	3.078633850071763E-4	6.0106660882353465E-5
63	2.932032238163584E-6	1.847180310043058E-4	8.79609671449075E-6	3.107954172453399E-4	6.0106660882353465E-5
64	2.932032238163584E-6	1.8765006324246937E-4	8.79609671449075E-6	3.1372744948350345E-4	6.157267700143526E-5
65	4.398048357245375E-6	1.9204811159971474E-4	1.0262112833572542E-5	3.1519346560258526E-4	6.303869312051705E-5
>>END_MODULE
