##FastQC	0.11.7
>>Basic Statistics	pass
#Measure	Value
Filename	SRR1071717_2.fastq.gz
File type	Conventional base calls
Encoding	Sanger / Illumina 1.9
Total Sequences	22050816
Sequences flagged as poor quality	0
Sequence length	76
%GC	49
>>END_MODULE
>>Per base sequence quality	pass
#Base	Mean	Median	Lower Quartile	Upper Quartile	10th Percentile	90th Percentile
1	31.12515749984037	33.0	31.0	34.0	28.0	34.0
2	31.245314096312807	34.0	31.0	34.0	28.0	34.0
3	31.35129144427127	34.0	31.0	34.0	28.0	34.0
4	34.73102555479126	37.0	35.0	37.0	32.0	37.0
5	34.750972344969	37.0	35.0	37.0	32.0	37.0
6	34.72863657290506	37.0	35.0	37.0	32.0	37.0
7	34.68521618428996	37.0	35.0	37.0	32.0	37.0
8	34.7217520204241	37.0	35.0	37.0	32.0	37.0
9	36.29421015530672	39.0	37.0	39.0	32.0	39.0
10-11	36.31475218422756	39.0	37.0	39.0	32.0	39.0
12-13	36.25998831517165	39.0	37.0	39.0	32.0	39.0
14-15	37.566977158577714	40.0	38.0	41.0	32.0	41.0
16-17	37.52406391672761	40.0	38.0	41.0	32.0	41.0
18-19	37.50496750324342	40.0	38.0	41.0	32.0	41.0
20-21	37.48279551196654	40.0	38.0	41.0	31.5	41.0
22-23	37.42337009206371	40.0	38.0	41.0	31.0	41.0
24-25	37.36881018371383	40.0	38.0	41.0	31.0	41.0
26-27	37.27419765327505	40.0	38.0	41.0	31.0	41.0
28-29	37.18176363632076	40.0	37.5	41.0	30.5	41.0
30-31	37.07714927647122	40.0	37.0	41.0	30.0	41.0
32-33	36.991953880527596	40.0	37.0	41.0	30.0	41.0
34-35	36.890299184392994	40.0	37.0	41.0	30.0	41.0
36-37	36.77473212329194	40.0	37.0	41.0	30.0	41.0
38-39	36.654926307489035	40.0	36.5	41.0	30.0	41.0
40-41	36.53853004804901	40.0	36.0	41.0	30.0	41.0
42-43	36.3993156307685	40.0	36.0	41.0	29.5	41.0
44-45	36.216582551865656	40.0	35.5	41.0	29.0	41.0
46-47	36.028753198974584	40.0	35.0	41.0	28.0	41.0
48-49	35.86257005182938	39.5	35.0	41.0	28.0	41.0
50-51	35.671354021547316	39.0	35.0	41.0	27.5	41.0
52-53	35.48789997159289	39.0	35.0	41.0	27.0	41.0
54-55	35.269228540113886	39.0	35.0	41.0	27.0	41.0
56-57	35.02378415383812	38.5	34.0	41.0	26.0	41.0
58-59	34.76215136437581	38.0	34.0	40.5	26.0	41.0
60-61	34.511887315190506	37.5	34.0	40.0	26.0	41.0
62-63	34.24923925717761	37.0	34.0	40.0	26.0	41.0
64-65	33.97085729163039	36.5	34.0	40.0	25.5	41.0
66-67	33.640126537720874	36.0	33.5	39.5	24.5	41.0
68-69	33.27397153919384	35.5	33.0	39.0	23.5	41.0
70-71	32.90855957439398	35.0	33.0	39.0	23.0	41.0
72-73	32.51767129615521	35.0	33.0	38.0	21.5	40.5
74-75	32.10330068964341	35.0	33.0	37.0	19.5	39.5
76	31.29385579200334	35.0	32.0	37.0	2.0	39.0
>>END_MODULE
>>Per sequence quality scores	pass
#Quality	Count
2	368992.0
3	49645.0
4	39782.0
5	32402.0
6	29500.0
7	29472.0
8	30553.0
9	32949.0
10	36372.0
11	40053.0
12	44064.0
13	48129.0
14	51184.0
15	54538.0
16	56955.0
17	59426.0
18	62201.0
19	65206.0
20	69074.0
21	74800.0
22	84750.0
23	97637.0
24	115662.0
25	139269.0
26	166619.0
27	198807.0
28	235656.0
29	281632.0
30	336738.0
31	407843.0
32	501032.0
33	627484.0
34	818862.0
35	1122464.0
36	1655966.0
37	2616502.0
38	4035682.0
39	5734347.0
40	1598567.0
>>END_MODULE
>>Per base sequence content	fail
#Base	G	A	T	C
1	26.210970330027084	13.06281116693418	16.750859859380355	43.97535864365838
2	23.295105250403868	20.49953028250146	34.10169921791832	22.10366524917635
3	27.666287257870405	22.73253232423577	24.29473022472946	25.30645019316437
4	27.173779125092572	29.78950481157411	19.03539540107013	24.001320662263186
5	28.064052980007382	31.303901226694403	20.663600233310188	19.96844555998803
6	22.18610165914607	33.26262116259359	21.18306202821331	23.368215150047032
7	19.973606765308507	16.481744603704403	39.549527022887595	23.995121608099492
8	21.2184817892362	21.037852620320972	27.05587524008105	30.687790350361777
9	21.572622876250488	20.805784171397807	29.482830850414633	28.138762101937072
10-11	25.790726849369648	29.541210996556934	20.38997322808709	24.278088925986328
12-13	23.47115330117604	23.58116202336909	27.29856060898614	25.64912406646873
14-15	23.852275607006987	24.946212215733617	26.36195321065736	24.83955896660203
16-17	24.740973466982457	25.04674782669146	25.323467371563186	24.8888113347629
18-19	24.57606228074138	25.5536140141651	25.001609169933996	24.868714535159526
20-21	24.480946906123318	25.453558526800478	25.330929918487712	24.734564648588496
22-23	24.565900762596236	25.532489127993664	25.398081742550243	24.503528366859857
24-25	24.494817157301004	25.591859058205046	25.32482339702657	24.58850038746738
26-27	24.403041090983052	25.667017076614545	25.34083294565901	24.5891088867434
28-29	24.567001532003925	25.426848037588456	25.309597375719562	24.69655305468806
30-31	24.310441234210515	25.618190403992074	25.32916634847317	24.742202013324242
32-33	24.33908144097202	25.65178313248365	25.36637847664919	24.64275694989514
34-35	24.698001874436702	25.548622592144298	25.103455220121074	24.649920313297926
36-37	24.538072069085878	25.4973627243488	25.19595655168197	24.768608654883355
38-39	24.48143937555717	25.59675505424423	25.29133043152603	24.63047513867257
40-41	24.54807521295726	25.535359341687762	25.292573397825475	24.623992047529505
42-43	24.33073894833124	25.487395297553057	25.48723874459685	24.69462700951885
44-45	24.44010050979593	25.508521927605194	25.411273486051115	24.640104076547757
46-47	24.609967622290966	25.502179399340303	25.222864056708833	24.6649889216599
48-49	24.487805867530586	25.47038653400533	25.354162045580036	24.68764555288405
50-51	24.41538484786508	25.560432645866143	25.35458864758165	24.669593858687126
52-53	24.554030124641837	25.540038052011983	25.230705212395048	24.675226610951135
54-55	24.485503047577552	25.47543993148617	25.320859076578035	24.718197944358245
56-57	24.498066348376657	25.49199261920033	25.358404111147255	24.651536921275756
58-59	24.635384669978645	25.395418369992797	25.23936793686702	24.729829023161546
60-61	24.424436114501834	25.57138898114772	25.374024915919925	24.63014998843052
62-63	24.38631130684091	25.595864673041717	25.473632124159646	24.54419189595773
64-65	24.55997345030616	25.47992097717613	25.37232492116528	24.58778065135243
66-67	24.531694050634105	25.47451758824129	25.321111097118376	24.672677264006225
68-69	24.496517813128783	25.57013300779599	25.319279408269324	24.614069770805905
70-71	24.63536926987905	25.44994991121382	25.32287589387172	24.591804925035408
72-73	24.528979752609544	25.55476570150687	25.376333814657738	24.539920731225852
74-75	24.48258052975613	25.641471271079507	25.405823785705067	24.470124413459292
76	24.623729238971563	25.40231675644472	25.27535813640982	24.698595868173893
>>END_MODULE
>>Per sequence GC content	pass
#GC Content	Count
0	5203.0
1	4668.0
2	2475.0
3	737.0
4	657.0
5	630.0
6	588.0
7	544.0
8	515.0
9	541.0
10	650.0
11	919.0
12	1105.0
13	1295.5
14	2014.0
15	3427.5
16	5860.5
17	7408.0
18	10110.5
19	17396.5
20	28385.5
21	34791.0
22	44264.5
23	67306.5
24	97728.5
25	114582.0
26	137683.0
27	187872.0
28	242017.0
29	269074.0
30	301052.0
31	363515.5
32	424120.5
33	454240.0
34	484245.5
35	544158.0
36	603236.5
37	632408.0
38	655383.0
39	700867.5
40	738648.0
41	770602.0
42	787285.0
43	794189.5
44	803947.5
45	803280.5
46	799760.0
47	814529.0
48	833569.5
49	843840.5
50	849840.0
51	859217.0
52	869672.5
53	863622.0
54	856493.0
55	845678.0
56	822707.5
57	800593.0
58	790634.0
59	773994.5
60	735946.5
61	684091.0
62	653644.0
63	612295.5
64	530630.0
65	461887.5
66	400312.0
67	367162.0
68	330844.5
69	264629.5
70	205473.0
71	176214.0
72	155060.5
73	120051.0
74	93506.0
75	80817.0
76	72708.5
77	58248.0
78	44596.0
79	37296.0
80	33333.0
81	26001.5
82	19406.0
83	16179.0
84	12829.5
85	7051.5
86	3570.5
87	2518.0
88	1833.5
89	875.0
90	448.0
91	241.0
92	187.0
93	151.0
94	93.0
95	70.0
96	69.0
97	60.0
98	42.0
99	81.5
100	130.0
>>END_MODULE
>>Per base N content	pass
#Base	N-Count
1	0.12183676105228941
2	0.10286240654314108
3	0.10287601148184268
4	0.10191913079316428
5	0.10651760007430111
6	0.07660033986950868
7	0.06741700624593665
8	0.06579348356088047
9	0.06280039704653106
10-11	0.06056238463011981
12-13	0.06315866043233956
14-15	0.06340581681875175
16-17	0.05968259859408377
18-19	0.05921096071909538
20-21	0.05772348742105508
22-23	0.05541971780091947
24-25	0.05526552849563481
26-27	0.055977520287684594
28-29	0.053095540772731493
30-31	0.055957112879632204
32-33	0.05887990721069007
34-35	0.06014289902015418
36-37	0.05645369314224018
38-39	0.05660334746795766
40-41	0.05843094423353767
42-43	0.06142403074788706
44-45	0.06330377977848983
46-47	0.06301580857597287
48-49	0.06417903083495867
50-51	0.06451008434336397
52-53	0.06291603902549457
54-55	0.06260539292514164
56-57	0.06061680438492616
58-59	0.06362576332776075
60-61	0.06522661111498096
62-63	0.06594540537638154
64-65	0.06873668529999072
66-67	0.0706028293918919
68-69	0.07008130674166435
70-71	0.06551458231749792
72-73	0.06528556584935451
74-75	0.06099320768900344
76	0.11934705726989878
>>END_MODULE
>>Sequence Length Distribution	pass
#Length	Count
76	2.2050816E7
>>END_MODULE
>>Sequence Duplication Levels	pass
#Total Deduplicated Percentage	80.82040460999657
#Duplication Level	Percentage of deduplicated	Percentage of total
1	88.88962902426859	71.84095783373883
2	7.675757050456208	12.407155810118093
3	1.8576726971691153	4.504135770544547
4	0.6779826074860877	2.1917931462226443
5	0.31236063662953534	1.2622556518317585
6	0.161341153109292	0.7823794364721833
7	0.0977315467910996	0.5529092208372239
8	0.06567512842849825	0.42463123619237736
9	0.04516018248673587	0.3284877798755347
>10	0.19015922501832472	2.7012248023264807
>50	0.015399085362254044	0.8647682812667343
>100	0.010481592728750417	1.6183097507222355
>500	5.353566197590596E-4	0.3066568870231323
>1k	9.559453830821199E-5	0.09549322720636445
>5k	1.9118907461215386E-5	0.11884116562186678
>10k+	0.0	0.0
>>END_MODULE
>>Overrepresented sequences	pass
>>END_MODULE
>>Adapter Content	pass
#Position	Illumina Universal Adapter	Illumina Small RNA 3' Adapter	Illumina Small RNA 5' Adapter	Nextera Transposase Sequence	SOLID Small RNA Adapter
1	0.0	0.0	0.0	0.0	0.0
2	0.0	4.534979567196062E-6	0.0	4.534979567196062E-6	0.0
3	0.0	4.534979567196062E-6	0.0	4.534979567196062E-6	0.0
4	4.534979567196062E-6	4.534979567196062E-6	0.0	1.3604938701588186E-5	0.0
5	4.534979567196062E-6	4.534979567196062E-6	0.0	1.3604938701588186E-5	0.0
6	4.534979567196062E-6	4.534979567196062E-6	0.0	1.3604938701588186E-5	0.0
7	4.534979567196062E-6	9.069959134392123E-6	0.0	1.3604938701588186E-5	0.0
8	4.534979567196062E-6	9.069959134392123E-6	0.0	1.8139918268784247E-5	0.0
9	4.534979567196062E-6	9.069959134392123E-6	0.0	1.8139918268784247E-5	0.0
10	4.534979567196062E-6	9.069959134392123E-6	0.0	1.8139918268784247E-5	0.0
11	4.534979567196062E-6	1.3604938701588186E-5	0.0	1.8139918268784247E-5	0.0
12	4.534979567196062E-6	1.8139918268784247E-5	0.0	1.8139918268784247E-5	0.0
13	4.534979567196062E-6	3.6279836537568494E-5	0.0	2.267489783598031E-5	0.0
14	4.534979567196062E-6	3.6279836537568494E-5	0.0	2.267489783598031E-5	4.534979567196062E-6
15	9.069959134392123E-6	4.988477523915668E-5	0.0	2.267489783598031E-5	4.534979567196062E-6
16	6.348971394074486E-5	4.988477523915668E-5	0.0	2.267489783598031E-5	4.534979567196062E-6
17	2.857037127333519E-4	4.988477523915668E-5	0.0	2.267489783598031E-5	4.534979567196062E-6
18	7.255967307513699E-4	5.4419754806352744E-5	0.0	3.174485697037243E-5	4.534979567196062E-6
19	0.0012788642379492894	5.4419754806352744E-5	0.0	3.174485697037243E-5	4.534979567196062E-6
20	0.0017459671333704839	6.348971394074486E-5	0.0	3.6279836537568494E-5	4.534979567196062E-6
21	0.002281094722299619	6.802469350794093E-5	0.0	3.6279836537568494E-5	4.534979567196062E-6
22	0.00277540749512399	7.709465264233306E-5	0.0	4.0814816104764557E-5	4.534979567196062E-6
23	0.0033150700636203215	8.162963220952911E-5	0.0	4.0814816104764557E-5	4.534979567196062E-6
24	0.003872872550385437	8.616461177672518E-5	0.0	4.534979567196062E-5	9.069959134392123E-6
25	0.0042764857318658865	8.616461177672518E-5	0.0	4.534979567196062E-5	9.069959134392123E-6
26	0.0046574240155103554	8.616461177672518E-5	0.0	4.534979567196062E-5	9.069959134392123E-6
27	0.005061037196990806	9.523457091111731E-5	0.0	5.4419754806352744E-5	9.069959134392123E-6
28	0.005519070133277608	9.976955047831336E-5	0.0	6.348971394074486E-5	9.069959134392123E-6
29	0.00597710306956441	1.0430453004550943E-4	0.0	6.348971394074486E-5	9.069959134392123E-6
30	0.006439670985418408	1.0430453004550943E-4	0.0	6.802469350794093E-5	9.069959134392123E-6
31	0.0068523541260332495	1.1337448917990154E-4	0.0	7.255967307513699E-5	9.069959134392123E-6
32	0.007147127797900994	1.3604938701588186E-4	0.0	7.709465264233306E-5	9.069959134392123E-6
33	0.00747364632673911	1.4058436658307793E-4	0.0	7.709465264233306E-5	9.069959134392123E-6
34	0.007804699835144422	1.4058436658307793E-4	0.0	7.709465264233306E-5	9.069959134392123E-6
35	0.00811761342528095	1.6325926441905823E-4	0.0	7.709465264233306E-5	9.069959134392123E-6
36	0.00843052701541748	1.677942439862543E-4	0.0	8.616461177672518E-5	9.069959134392123E-6
37	0.00870716076901644	1.7232922355345037E-4	0.0	9.069959134392124E-5	9.069959134392123E-6
38	0.00899286448174979	1.7232922355345037E-4	0.0	9.069959134392124E-5	9.069959134392123E-6
39	0.009187868603139221	1.7232922355345037E-4	0.0	9.069959134392124E-5	9.069959134392123E-6
40	0.009459967377170985	1.7232922355345037E-4	0.0	9.523457091111731E-5	9.069959134392123E-6
41	0.009632296600724436	1.7232922355345037E-4	0.0	9.523457091111731E-5	9.069959134392123E-6
42	0.009895325415621808	1.7232922355345037E-4	0.0	9.523457091111731E-5	9.069959134392123E-6
43	0.01018102912835516	1.8593416225503855E-4	0.0	9.523457091111731E-5	9.069959134392123E-6
44	0.010394173168013374	1.8593416225503855E-4	0.0	9.523457091111731E-5	9.069959134392123E-6
45	0.010602782228104393	1.8593416225503855E-4	0.0	9.976955047831336E-5	9.069959134392123E-6
46	0.010911160838673726	1.8593416225503855E-4	0.0	1.0883950961270549E-4	9.069959134392123E-6
47	0.011146979776167921	1.9046914182223462E-4	0.0	1.0883950961270549E-4	9.069959134392123E-6
48	0.011432683488901273	1.9500412138943066E-4	0.0	1.0883950961270549E-4	9.069959134392123E-6
49	0.011727457160769016	1.9500412138943066E-4	0.0	1.1337448917990154E-4	9.069959134392123E-6
50	0.012044905730472741	1.9953910095662673E-4	0.0	1.1337448917990154E-4	9.069959134392123E-6
51	0.01242584401411721	2.1767901922541098E-4	0.0	1.1337448917990154E-4	9.069959134392123E-6
52	0.012729687645119347	2.2221399879260705E-4	0.0	1.1337448917990154E-4	9.069959134392123E-6
53	0.013196790540540541	2.2221399879260705E-4	0.0	1.1337448917990154E-4	9.069959134392123E-6
54	0.013568658865050617	2.2221399879260705E-4	0.0	1.1790946874709761E-4	9.069959134392123E-6
55	0.013958667107829479	2.267489783598031E-4	0.0	1.1790946874709761E-4	9.069959134392123E-6
56	0.014394025146280302	2.267489783598031E-4	4.534979567196062E-6	1.1790946874709761E-4	9.069959134392123E-6
57	0.014942757673911025	2.267489783598031E-4	4.534979567196062E-6	1.2244444831429368E-4	9.069959134392123E-6
58	0.01550056016067614	2.3128395792699916E-4	4.534979567196062E-6	1.2244444831429368E-4	9.069959134392123E-6
59	0.016221621911860315	2.3128395792699916E-4	4.534979567196062E-6	1.2697942788148973E-4	9.069959134392123E-6
60	0.017083268029627566	2.3581893749419523E-4	4.534979567196062E-6	1.2697942788148973E-4	9.069959134392123E-6
61	0.018040148718305934	2.403539170613913E-4	4.534979567196062E-6	1.4058436658307793E-4	9.069959134392123E-6
62	0.01926459320144887	2.630288148973716E-4	4.534979567196062E-6	1.4058436658307793E-4	9.069959134392123E-6
63	0.020538922459830966	2.9023869230054795E-4	4.534979567196062E-6	1.4511934615027398E-4	9.069959134392123E-6
64	0.021908486289124177	2.94773671867744E-4	4.534979567196062E-6	1.4511934615027398E-4	9.069959134392123E-6
65	0.023200955465775053	2.993086514349401E-4	9.069959134392123E-6	1.4965432571747005E-4	1.3604938701588186E-5
>>END_MODULE
