##FastQC	0.11.7
>>Basic Statistics	pass
#Measure	Value
Filename	SRR627462_1_val_1.fq.gz
File type	Conventional base calls
Encoding	Sanger / Illumina 1.9
Total Sequences	28582336
Sequences flagged as poor quality	0
Sequence length	20-101
%GC	44
>>END_MODULE
>>Per base sequence quality	pass
#Base	Mean	Median	Lower Quartile	Upper Quartile	10th Percentile	90th Percentile
1	30.545984135096585	31.0	30.0	33.0	27.0	34.0
2	30.207383434300123	31.0	30.0	34.0	26.0	34.0
3	28.941254521673805	31.0	28.0	34.0	16.0	34.0
4	32.89743707442247	35.0	32.0	37.0	26.0	37.0
5	33.66233774594211	35.0	33.0	37.0	28.0	37.0
6	33.955381603519044	35.0	33.0	37.0	29.0	37.0
7	34.14663385106102	35.0	35.0	37.0	30.0	37.0
8	34.14390083441745	35.0	35.0	37.0	30.0	37.0
9	35.49756391499981	37.0	35.0	39.0	30.0	39.0
10-11	35.54949305053303	37.0	35.0	39.0	30.0	39.0
12-13	35.43485604185746	37.0	35.0	39.0	29.0	39.0
14-15	36.427638052397114	38.0	35.0	40.0	29.0	41.0
16-17	36.3680699856023	38.0	34.5	40.0	29.0	41.0
18-19	36.333487035489334	38.5	34.0	40.0	29.0	41.0
20-21	36.28906076375645	38.5	34.0	40.0	28.5	41.0
22-23	36.18694664997922	38.0	34.0	40.0	28.0	41.0
24-25	36.10826797221404	38.0	34.0	40.0	28.0	41.0
26-27	35.97424608260343	38.0	34.0	40.0	27.5	41.0
28-29	35.78974636589882	38.0	34.0	40.0	27.0	41.0
30-31	35.642293838413	38.0	34.0	40.0	27.0	41.0
32-33	35.47215985071231	38.0	33.0	40.0	27.0	41.0
34-35	35.29778234340515	38.0	33.0	40.0	27.0	41.0
36-37	35.20947047780068	38.0	33.0	40.0	26.5	41.0
38-39	35.40120455632355	38.0	33.0	40.0	27.0	41.0
40-41	35.418793162442455	38.0	33.0	40.0	27.0	41.0
42-43	35.32991473864881	38.0	33.0	40.0	27.0	41.0
44-45	35.257361095749374	38.0	33.0	40.0	27.0	41.0
46-47	35.12152034103156	38.0	33.0	40.0	26.5	41.0
48-49	35.01842930348748	37.0	33.0	40.0	26.0	41.0
50-51	35.15403342121391	37.5	33.0	40.0	27.0	41.0
52-53	35.10381061872356	37.0	33.0	40.0	27.0	41.0
54-55	34.96054214509712	37.0	33.0	40.0	26.0	41.0
56-57	34.87161110559362	37.0	33.0	40.0	26.0	41.0
58-59	34.73000764650583	36.5	32.0	40.0	26.0	41.0
60-61	34.47491407569302	36.0	32.0	39.5	26.0	41.0
62-63	34.29916701429049	36.0	32.0	39.0	26.0	41.0
64-65	34.08348024721634	35.5	32.0	39.0	26.0	40.0
66-67	33.84201680732903	35.0	31.0	39.0	26.0	40.0
68-69	33.57121984390763	35.0	31.0	38.0	26.0	40.0
70-71	33.33884075630794	35.0	31.0	38.0	26.0	40.0
72-73	33.04189445766364	34.5	31.0	37.0	26.0	39.5
74-75	32.798452311262764	34.0	31.0	37.0	25.0	39.0
76-77	31.93306377656105	33.5	29.5	36.0	24.5	39.0
78-79	32.31890983875334	34.0	30.0	36.0	25.0	38.5
80-81	32.24915112946013	34.0	30.0	35.5	25.0	37.5
82-83	32.055290462021176	34.0	30.0	35.0	25.0	37.0
84-85	31.86316314335675	34.0	30.0	35.0	25.0	37.0
86-87	31.72137486911887	34.0	30.0	35.0	25.0	36.0
88-89	31.601856535071988	34.0	30.0	35.0	25.0	36.0
90-91	31.50929121335812	34.0	30.0	35.0	25.0	36.0
92-93	31.454249350631347	34.0	30.0	35.0	25.0	35.0
94-95	31.422272148184263	34.0	30.0	35.0	25.0	35.0
96-97	31.568695182400667	34.0	30.0	35.0	25.0	35.0
98-99	31.86901500860721	34.0	30.5	35.0	25.5	35.0
100-101	31.505399147639118	33.0	30.0	34.5	26.0	35.0
>>END_MODULE
>>Per sequence quality scores	pass
#Quality	Count
18	8.0
19	1252.0
20	27987.0
21	98800.0
22	202838.0
23	324370.0
24	457787.0
25	599673.0
26	746857.0
27	891452.0
28	1032270.0
29	1179734.0
30	1342910.0
31	1532741.0
32	1764351.0
33	2066150.0
34	2458274.0
35	2953714.0
36	3494586.0
37	3867369.0
38	2949170.0
39	589331.0
40	712.0
>>END_MODULE
>>Per base sequence content	fail
#Base	G	A	T	C
1	37.41714540156585	14.469131108843602	16.386762973330242	31.726960516260306
2	23.3833931683024	20.648624509991553	37.56925628939439	18.398726032311654
3	24.98027905301806	24.351941428166402	26.46940342967606	24.198376089139483
4	25.821327146758783	33.11053986194828	23.782684661213562	17.28544833007937
5	25.708901931812477	33.27980542124591	23.74303005211921	17.2682625948224
6	19.845007011277698	36.96057866736147	24.272662377668258	18.921751943692577
7	16.62908938518128	18.93446452601299	42.955625966649066	21.480820122156665
8	20.232400813119803	23.045820942488167	30.143888561918374	26.577889682473653
9	22.365360312392298	22.022833248321415	29.92739519227079	25.684411247015497
10-11	23.62131245457852	34.19394602784129	21.50994923710107	20.674792280479114
12-13	21.318795114319567	26.358055502448458	29.495863690315723	22.827285692916256
14-15	21.873236448454456	27.6402078801527	28.825769346683067	21.660786324709772
16-17	22.487251110329044	27.631254077480765	27.73202625835513	22.14946855383506
18-19	22.598846811111265	28.103641945220097	27.20036639448431	22.09714484918433
20-21	22.425869602455073	28.105331381192567	27.192198069070646	22.276600947281715
22-23	22.57464428292702	28.980533988242346	26.804480697559402	21.64034103127123
24-25	22.631802952244385	29.289250809396744	26.710014371717282	21.368931866641585
26-27	22.55688965227701	28.792860652651736	26.819030809824458	21.8312188852468
28-29	22.60863627211538	28.610846929027606	26.89578526250275	21.88473153635427
30-31	22.304431117672664	28.869952789804998	26.85343746570288	21.97217862681946
32-33	22.622722639126465	28.613231327579214	26.910820463837116	21.853225569457205
34-35	22.631831741189842	28.903545591804374	26.813502067352257	21.651120599653527
36-37	22.44916402475532	28.409068482482088	26.955695313256683	22.18607217950591
38-39	22.539064965011153	28.448465158866515	26.920042822070222	22.09242705405211
40-41	22.801064818028845	28.686928651888316	26.838217168949217	21.673789361133615
42-43	22.383794275804537	28.538689942731732	27.14368866262385	21.93382711883988
44-45	22.687809255449924	28.559118193929912	27.10180689682758	21.65126565379259
46-47	22.857314604416676	28.657753997499448	26.72053832075666	21.764393077327217
48-49	22.62458125331254	28.565667406389437	26.826505923581305	21.983245416716716
50-51	22.596052073521943	28.325380556623532	26.873240117077845	22.205327252776677
52-53	22.879987813284583	28.729132533207828	26.519919891346618	21.870959762160975
54-55	22.704076701240435	28.488770468590825	26.59750771192717	22.20964511824157
56-57	22.866499130207227	28.110317475194424	26.68388764298267	22.33929575161568
58-59	22.79239738122695	28.39354787081259	26.710151969566354	22.1039027783941
60-61	22.930293456783087	28.194363451766346	26.728047593651993	22.147295497798574
62-63	22.424810394542874	28.546741729717905	27.036794043500734	21.99165383223848
64-65	22.65979083045671	28.786145294657377	26.897180538156494	21.656883336729415
66-67	22.785660507650853	28.68039556760541	26.784993971327044	21.748949953416695
68-69	22.71345057746006	28.726175672730708	26.791418134360395	21.768955615448835
70-71	22.351414691465738	28.926790473075396	26.88401153905961	21.83778329639925
72-73	22.596292112774293	28.745675556987372	26.93702804082706	21.72100428941127
74-75	22.62033843459483	28.681019815418523	26.883419628593835	21.815222121392814
76-77	22.612294070444968	28.704436587331006	27.0573667875319	21.625902554692125
78-79	22.45156590440165	28.65404657820062	27.398131291680862	21.496256225716863
80-81	22.337338583694248	28.709223418942514	27.19479158491599	21.758646412447252
82-83	22.366572621737618	28.6188667541637	27.19073663083329	21.823823993265385
84-85	22.343461668785764	28.654555140304637	27.156730390362	21.845252800547602
86-87	22.07744292347606	28.97214481167322	27.149568703788663	21.80084356106206
88-89	22.177317057401957	28.845698229108613	27.1394710977006	21.837513615788833
90-91	22.20437228760348	28.56077959727605	27.394641434430138	21.840206680690333
92-93	22.054548073493628	28.354879260947758	27.643090799635644	21.947481865922974
94-95	22.31952257273561	28.379866414592776	27.4110433641032	21.889567648568413
96-97	21.706259333185905	28.657736299556596	27.56057587955068	22.075428487706812
98-99	21.915491251193206	26.97841448939685	28.37953236817662	22.726561891233324
100-101	22.519364051468933	13.531486485019704	35.277615100764194	28.671534362747174
>>END_MODULE
>>Per sequence GC content	pass
#GC Content	Count
0	12997.0
1	9867.5
2	7093.0
3	7509.0
4	7643.5
5	8102.5
6	8953.5
7	9808.5
8	10763.5
9	12008.0
10	13378.5
11	14621.0
12	15772.5
13	17172.5
14	18800.0
15	20746.5
16	23471.0
17	27093.5
18	32241.5
19	39752.5
20	49585.0
21	63002.0
22	82385.0
23	108206.0
24	140453.0
25	178913.5
26	226307.5
27	281537.0
28	341302.5
29	404528.5
30	468953.0
31	537689.0
32	611204.0
33	687910.0
34	753891.0
35	806762.5
36	864701.5
37	923979.0
38	960896.0
39	979299.0
40	1001211.5
41	1022002.5
42	1033771.0
43	1056211.5
44	1122594.5
45	1176885.0
46	1182442.0
47	1175113.5
48	1146747.0
49	1088506.5
50	1019377.0
51	981862.0
52	968703.5
53	915293.0
54	835047.5
55	782108.5
56	760759.5
57	710535.5
58	647927.0
59	597808.0
60	530771.0
61	470810.0
62	409660.5
63	350434.0
64	297120.0
65	240577.0
66	189168.5
67	149901.5
68	120387.0
69	95064.0
70	73915.5
71	59542.5
72	51115.0
73	44009.5
74	37836.0
75	33522.5
76	30101.0
77	27280.0
78	24975.0
79	22253.5
80	19522.0
81	17478.0
82	15534.5
83	13086.0
84	10755.5
85	8915.0
86	7611.5
87	6980.0
88	6261.5
89	5708.0
90	5572.0
91	5678.0
92	5939.0
93	5513.5
94	4326.5
95	2647.0
96	1331.0
97	1072.0
98	913.0
99	747.0
100	724.5
>>END_MODULE
>>Per base N content	pass
#Base	N-Count
1	0.023350085871217802
2	0.07736946343363957
3	0.008113402627412959
4	0.004572754305316402
5	0.009985188054608272
6	0.0018437961123961314
7	0.0012245325224642242
8	2.7289581929202707E-4
9	2.4140784014294703E-4
10-11	1.5394123139550245E-4
12-13	5.440423064091053E-4
14-15	3.4286910628998277E-4
16-17	1.5044256704560468E-4
18-19	9.796260179713793E-5
20-21	8.22593284134904E-4
22-23	5.9630259768177546E-5
24-25	0.001972180963739449
26-27	0.00541788184323846
28-29	7.36562269239192E-4
30-31	8.518586315629597E-4
32-33	2.3086469536986114E-5
34-35	0.001435436616631015
36-37	0.0
38-39	6.752811525018057E-4
40-41	7.186655186224562E-6
42-43	5.7674362439211E-4
44-45	3.182527921709813E-4
46-47	3.6651034577057766E-4
48-49	1.3473653299704065E-4
50-51	1.461798980822787E-4
52-53	2.494264932971582E-4
54-55	1.4728483535819912E-5
56-57	2.0334782617938736E-5
58-59	1.6710355271622275E-5
60-61	4.3273280465322064E-4
62-63	0.0015557397951341855
64-65	0.0015805851544773316
66-67	0.0014525114633359877
68-69	9.7110420412717E-5
70-71	1.9150055429835443E-5
72-73	3.0056018059659384E-4
74-75	1.9194280709259305E-4
76-77	8.093327336340293E-4
78-79	0.0023963158075972547
80-81	1.1250986311793451E-4
82-83	6.542547448831064E-4
84-85	4.972639953497797E-4
86-87	0.001414732837519735
88-89	7.815463086033394E-4
90-91	2.548997323925834E-4
92-93	3.790027347363439E-5
94-95	1.0746668881913345E-5
96-97	6.414366624095178E-5
98-99	0.0
100-101	0.0
>>END_MODULE
>>Sequence Length Distribution	warn
#Length	Count
20-21	58146.0
22-23	62423.0
24-25	66079.0
26-27	70112.0
28-29	74033.0
30-31	76920.0
32-33	79498.0
34-35	79737.0
36-37	80446.0
38-39	84099.0
40-41	86305.0
42-43	90323.0
44-45	93336.0
46-47	94950.0
48-49	97622.0
50-51	99970.0
52-53	103285.0
54-55	108703.0
56-57	116648.0
58-59	121150.0
60-61	130420.0
62-63	133118.0
64-65	137164.0
66-67	142496.0
68-69	147789.0
70-71	155349.0
72-73	162308.0
74-75	159531.0
76-77	133970.0
78-79	161006.0
80-81	182257.0
82-83	202985.0
84-85	223534.0
86-87	256865.0
88-89	298146.0
90-91	358484.0
92-93	453215.0
94-95	596383.0
96-97	960496.0
98-99	3327572.0
100-101	1.8515463E7
>>END_MODULE
>>Sequence Duplication Levels	pass
#Total Deduplicated Percentage	91.1344881201901
#Duplication Level	Percentage of deduplicated	Percentage of total
1	95.57398573069297	87.10086267173057
2	3.2225337718437044	5.87367931494003
3	0.5764206714932034	1.5759540851528804
4	0.20027671151513254	0.7300846234530635
5	0.10809199674936423	0.4925454396821281
6	0.06799055704645647	0.37177707680612365
7	0.04463302799503266	0.2847325711706991
8	0.035406788377739896	0.2581423627828177
9	0.024979847451656524	0.20488730497444368
>10	0.1359872497979494	2.248507836042062
>50	0.007337645258731232	0.4491274231915683
>100	0.0022827665124331925	0.3286616496418241
>500	4.7058565154231535E-5	0.027565901581531292
>1k	2.617670051324921E-5	0.053471738850385794
>5k	0.0	0.0
>10k+	0.0	0.0
>>END_MODULE
>>Overrepresented sequences	pass
>>END_MODULE
>>Adapter Content	pass
#Position	Illumina Universal Adapter	Illumina Small RNA 3' Adapter	Illumina Small RNA 5' Adapter	Nextera Transposase Sequence	SOLID Small RNA Adapter
1	0.0	1.3994657399591133E-5	0.0	3.498664349897783E-6	0.0
2	0.0	2.09919860993867E-5	0.0	2.4490650449284482E-5	0.0
3	0.0	2.09919860993867E-5	0.0	2.7989314799182265E-5	3.498664349897783E-6
4	0.0	2.09919860993867E-5	0.0	3.498664349897783E-5	6.997328699795566E-6
5	0.0	2.09919860993867E-5	0.0	3.498664349897783E-5	6.997328699795566E-6
6	0.0	2.09919860993867E-5	0.0	4.19839721987734E-5	6.997328699795566E-6
7	0.0	2.09919860993867E-5	0.0	4.548263654867118E-5	6.997328699795566E-6
8	0.0	2.09919860993867E-5	0.0	6.297595829816009E-5	6.997328699795566E-6
9	0.0	2.09919860993867E-5	0.0	8.046928004764902E-5	1.049599304969335E-5
10-11	0.0	2.09919860993867E-5	0.0	8.046928004764902E-5	1.3994657399591133E-5
12-13	0.0	2.09919860993867E-5	0.0	9.271460527229125E-5	1.924265392443781E-5
14-15	0.0	2.9738646974131155E-5	0.0	1.032105983219846E-4	2.09919860993867E-5
16-17	0.0	3.1487979149080045E-5	0.0	1.1370659137167794E-4	2.09919860993867E-5
18-19	0.0	3.1487979149080045E-5	0.0	1.3469857747106466E-4	2.09919860993867E-5
20-21	0.0	3.673597567392672E-5	0.0	1.5044256704560468E-4	2.274131827433559E-5
22-23	0.0	4.373330437372229E-5	0.0	1.661865566201447E-4	2.4490650449284482E-5
24-25	0.0	5.0730633073517854E-5	0.0	1.836798783696336E-4	2.4490650449284482E-5
26-27	0.0	5.4229297423415634E-5	0.0	2.0292253229407142E-4	2.7989314799182265E-5
28-29	0.0	5.772796177331342E-5	0.0	2.2741318274335592E-4	2.7989314799182265E-5
30-31	0.0	5.947729394826231E-5	0.0	2.4315717231789593E-4	2.7989314799182265E-5
32-33	0.0	5.947729394826231E-5	0.0	2.5715182971748705E-4	2.7989314799182265E-5
34-35	0.0	5.947729394826231E-5	0.0	2.7114648711707817E-4	3.1487979149080045E-5
36-37	0.0	6.647462264805788E-5	0.0	2.7989314799182265E-4	3.1487979149080045E-5
38-39	0.0	7.347195134785344E-5	0.0	2.886398088665671E-4	3.1487979149080045E-5
40-41	0.0	7.347195134785344E-5	0.0	3.096317949659538E-4	3.1487979149080045E-5
42-43	0.0	7.347195134785344E-5	0.0	3.306237810653405E-4	3.848530784887561E-5
44-45	0.0	7.522128352280234E-5	0.0	3.498664349897783E-4	3.848530784887561E-5
46-47	0.0	7.871994787270012E-5	0.0	3.638610923893694E-4	3.848530784887561E-5
48-49	0.0	8.046928004764902E-5	0.0	3.743570854390628E-4	3.848530784887561E-5
50-51	0.0	8.22186122225979E-5	0.0	3.743570854390628E-4	3.848530784887561E-5
52-53	0.0	8.39679443975468E-5	0.0	3.901010750136028E-4	3.848530784887561E-5
54-55	0.0	8.746660874744458E-5	0.0	4.0059706806329614E-4	4.373330437372229E-5
56-57	0.0	9.096527309734236E-5	0.0	4.1983972198773395E-4	4.548263654867118E-5
58-59	0.0	9.096527309734236E-5	0.0	4.3558371156227397E-4	4.548263654867118E-5
60-61	0.0	9.096527309734236E-5	0.0	4.5132770113681404E-4	4.548263654867118E-5
62-63	0.0	9.446393744724015E-5	0.0	4.705703550612518E-4	4.7231968723620074E-5
64-65	0.0	9.796260179713793E-5	0.0	4.915623411606386E-4	4.8981300898568964E-5
66-67	0.0	1.0146126614703571E-4	0.0	5.038076663852807E-4	4.8981300898568964E-5
68-69	0.0	1.0146126614703571E-4	0.0	5.317969811844631E-4	4.8981300898568964E-5
70-71	0.0	1.0495993049693349E-4	0.0	5.47540970759003E-4	4.8981300898568964E-5
72-73	0.0	1.0670926267188237E-4	0.0	5.65034292508492E-4	5.0730633073517854E-5
74-75	0.0	1.1195725919672906E-4	0.0	5.737809533832364E-4	5.2479965248466744E-5
76-77	0.0	1.1195725919672906E-4	0.0	5.80778282083032E-4	5.4229297423415634E-5
78-79	0.0	1.1195725919672906E-4	0.0	5.982716038325209E-4	5.597862959836453E-5
80-81	0.0	1.1195725919672906E-4	0.0	6.087675968822143E-4	5.597862959836453E-5
82-83	0.0	1.1195725919672906E-4	0.0	6.245115864567543E-4	5.597862959836453E-5
84-85	0.0	1.1195725919672906E-4	0.0	6.350075795064476E-4	5.597862959836453E-5
86-87	0.0	1.1895458789652462E-4	0.0	6.420049082062432E-4	5.597862959836453E-5
88-89	0.0	1.2245325224642241E-4	0.0	6.525009012559365E-4	5.597862959836453E-5
90	0.0	1.2595191659632018E-4	0.0	6.577488977807832E-4	5.947729394826231E-5
>>END_MODULE
