##FastQC	0.11.7
>>Basic Statistics	pass
#Measure	Value
Filename	SRR1099957_1.fastq.gz
File type	Conventional base calls
Encoding	Sanger / Illumina 1.9
Total Sequences	29714432
Sequences flagged as poor quality	0
Sequence length	76
%GC	49
>>END_MODULE
>>Per base sequence quality	pass
#Base	Mean	Median	Lower Quartile	Upper Quartile	10th Percentile	90th Percentile
1	32.14490547892687	34.0	31.0	34.0	30.0	34.0
2	32.3511905595234	34.0	31.0	34.0	30.0	34.0
3	31.802611101568424	34.0	31.0	34.0	28.0	34.0
4	35.59978881642429	37.0	35.0	37.0	33.0	37.0
5	35.55357571701185	37.0	35.0	37.0	33.0	37.0
6	35.58506583602204	37.0	35.0	37.0	33.0	37.0
7	35.60674220526914	37.0	35.0	37.0	33.0	37.0
8	35.60033582334672	37.0	35.0	37.0	33.0	37.0
9	37.331321325610396	39.0	38.0	39.0	34.0	39.0
10-11	37.33346496409556	39.0	38.0	39.0	34.0	39.0
12-13	37.27720926989282	39.0	38.0	39.0	34.0	39.0
14-15	38.716361396374666	41.0	39.0	41.0	34.0	41.0
16-17	38.69041713467718	41.0	39.0	41.0	34.0	41.0
18-19	38.678930544591935	41.0	39.0	41.0	34.0	41.0
20-21	38.65522154352471	41.0	39.0	41.0	34.0	41.0
22-23	38.60702871587786	41.0	39.0	41.0	34.0	41.0
24-25	38.55680317227669	41.0	39.0	41.0	34.0	41.0
26-27	38.48551247757318	41.0	39.0	41.0	34.0	41.0
28-29	38.413721689177834	41.0	38.0	41.0	34.0	41.0
30-31	38.33257463915177	41.0	38.0	41.0	33.5	41.0
32-33	38.250344563207534	41.0	38.0	41.0	33.0	41.0
34-35	38.15851633980417	40.0	38.0	41.0	33.0	41.0
36-37	38.06667552992431	40.0	38.0	41.0	33.0	41.0
38-39	37.95423984547307	40.0	38.0	41.0	33.0	41.0
40-41	37.866819900848185	40.0	38.0	41.0	33.0	41.0
42-43	37.768796270445286	40.0	38.0	41.0	33.0	41.0
44-45	37.67007422521151	40.0	37.5	41.0	32.0	41.0
46-47	37.547117474767816	40.0	37.0	41.0	32.0	41.0
48-49	37.41785328422229	40.0	37.0	41.0	32.0	41.0
50-51	37.2947542628444	40.0	36.5	41.0	32.0	41.0
52-53	37.14145452957001	40.0	36.0	41.0	31.5	41.0
54-55	36.966079529973854	40.0	35.5	41.0	31.0	41.0
56-57	36.750632083426666	39.0	35.0	41.0	31.0	41.0
58-59	36.508743916087646	39.0	35.0	41.0	31.0	41.0
60-61	36.23644343933614	39.0	35.0	41.0	31.0	41.0
62-63	35.95886586356421	38.0	35.0	41.0	30.0	41.0
64-65	35.651651830329456	37.0	35.0	40.5	30.0	41.0
66-67	35.33274861185299	37.0	35.0	40.0	30.0	41.0
68-69	34.99381479006565	36.0	35.0	39.5	30.0	41.0
70-71	34.62769809969782	36.0	35.0	39.0	29.0	41.0
72-73	34.24060764479698	35.0	34.5	39.0	29.0	41.0
74-75	33.844350566754905	35.0	34.0	37.5	29.0	40.0
76	32.8933018473986	35.0	33.0	37.0	26.0	39.0
>>END_MODULE
>>Per sequence quality scores	pass
#Quality	Count
2	105697.0
3	46796.0
4	35458.0
5	26689.0
6	22936.0
7	22626.0
8	22953.0
9	24975.0
10	27727.0
11	31183.0
12	34741.0
13	39132.0
14	41986.0
15	44701.0
16	47522.0
17	50448.0
18	53412.0
19	57618.0
20	61177.0
21	67477.0
22	77266.0
23	91531.0
24	109331.0
25	133491.0
26	163111.0
27	197843.0
28	236835.0
29	285796.0
30	345380.0
31	422957.0
32	525879.0
33	666344.0
34	877490.0
35	1235207.0
36	1938463.0
37	3401442.0
38	5850739.0
39	9134932.0
40	3155141.0
>>END_MODULE
>>Per base sequence content	fail
#Base	G	A	T	C
1	27.607995532254453	12.6728871888179	15.783178619633109	43.935938659294536
2	21.58432527565758	22.17288233971046	35.117768796072575	21.125023588559387
3	26.54504006457771	23.78612059831977	24.25837168246188	25.41046765464064
4	26.700162349738264	31.626393081545935	18.821217852362597	22.85222671635321
5	27.319593947137804	31.744242838620064	20.840873010420985	20.095290203821143
6	21.552129596464386	33.60814910766521	22.099470181583655	22.740251114286746
7	19.155306119893982	15.8965010426857	40.573191743646994	24.375001093773328
8	21.23255860131585	20.46244968964836	27.399649379885687	30.905342329150105
9	21.802784867837133	20.115929075555098	29.755685849524973	28.325600207082797
10-11	25.78283913399889	29.72692180416353	20.339033653296525	24.151205408541053
12-13	23.134465017959908	23.47514545623179	27.773988381744864	25.61640114406344
14-15	23.747962484521043	24.813610870151077	26.690209476105338	24.748217169222542
16-17	24.589596611773096	25.132837200444484	25.516385194331505	24.761180993450917
18-19	24.529239899788355	25.4840870836277	25.262766761195653	24.72390625538829
20-21	24.359627954367532	25.493796757000386	25.567853121935585	24.578722166696497
22-23	24.50494804966504	25.709529006462727	25.4976480154744	24.28787492839783
24-25	24.506683221036774	25.77565243632075	25.422219327395407	24.29544501524707
26-27	24.34678581573929	25.754584211560815	25.515301635850452	24.38332833684944
28-29	24.500298659840013	25.46054562400351	25.521844392846415	24.51731132331006
30-31	24.22237694123562	25.659616760618608	25.609225468694298	24.508780829451467
32-33	24.24426032450259	25.744250597408502	25.631892563337015	24.379596514751896
34-35	24.574071452803963	25.698000210126697	25.368884180961864	24.359044156107476
36-37	24.427602746773108	25.63401356235293	25.43526625734074	24.503117433533227
38-39	24.347930295356715	25.664231217135917	25.60162042203789	24.38621806546948
40-41	24.41963416905681	25.62546478104879	25.558026721170013	24.396874328724394
42-43	24.25393538325574	25.62080125403713	25.671978578189563	24.453284784517564
44-45	24.3579629311186	25.645874099681954	25.642163286999843	24.353999682199607
46-47	24.449400451462953	25.64102542526853	25.495016546663162	24.414557576605354
48-49	24.3967128418036	25.602931227385245	25.558908560297567	24.441447370513593
50-51	24.333886562929543	25.680875557404047	25.56845354996134	24.41678432970507
52-53	24.472770360299652	25.665085223877682	25.466297920839203	24.395846494983463
54-55	24.37445062146333	25.618001629304104	25.560844047378794	24.446703701853775
56-57	24.32659606574501	25.605004951080048	25.62894333306217	24.43945565011277
58-59	24.475673400125206	25.610032307481646	25.481595330563163	24.432698961829992
60-61	24.346836548710357	25.67116198323679	25.603292431372886	24.378709036679965
62-63	24.259744057226033	25.682307273661483	25.743014922402836	24.31493374670965
64-65	24.44817625888409	25.63325442796819	25.593239129297796	24.32533018384993
66-67	24.456840404637635	25.627589236811776	25.533014172359987	24.382556186190605
68-69	24.377098541320528	25.682670052574856	25.60061433670508	24.339617069399537
70-71	24.481189865490123	25.63954884748095	25.57753167339331	24.301729613635615
72-73	24.448540501262244	25.707413283410624	25.61280864070545	24.231237574621684
74-75	24.410027377722937	25.7706192845741	25.586451482658923	24.232901855044044
76	24.55091358566026	25.58321979640518	25.476686762377497	24.389179855557057
>>END_MODULE
>>Per sequence GC content	pass
#GC Content	Count
0	38.0
1	36.5
2	32.0
3	39.5
4	50.0
5	63.5
6	118.0
7	187.5
8	216.0
9	256.5
10	386.5
11	674.0
12	872.0
13	1087.5
14	2041.5
15	3721.5
16	6318.0
17	7973.0
18	11188.5
19	19549.0
20	32532.0
21	40370.0
22	52764.5
23	83075.0
24	124527.5
25	148064.0
26	179167.0
27	244856.0
28	316824.0
29	354206.0
30	395776.5
31	479593.0
32	564368.5
33	606898.0
34	649953.5
35	730976.0
36	809674.0
37	850405.0
38	887161.5
39	959382.0
40	1024387.0
41	1084424.5
42	1114921.0
43	1132350.0
44	1161515.5
45	1170818.0
46	1168384.0
47	1179733.0
48	1196837.0
49	1207124.5
50	1211657.0
51	1213613.5
52	1205771.5
53	1179706.5
54	1163440.0
55	1144385.0
56	1109433.5
57	1071493.5
58	1049450.0
59	1022922.0
60	962221.0
61	883801.0
62	839554.0
63	790789.5
64	689691.0
65	593689.5
66	501578.0
67	453134.0
68	406762.0
69	323426.0
70	250593.0
71	214724.0
72	187886.0
73	139776.0
74	101055.5
75	83607.0
76	72323.5
77	53262.0
78	37297.0
79	29110.0
80	24363.5
81	15874.5
82	9469.0
83	6806.0
84	5075.0
85	2299.0
86	959.0
87	664.0
88	508.0
89	297.5
90	205.0
91	134.5
92	102.0
93	88.0
94	60.0
95	37.0
96	28.0
97	24.0
98	14.5
99	6.0
100	3.0
>>END_MODULE
>>Per base N content	pass
#Base	N-Count
1	0.22034410753670133
2	0.006511987171755463
3	5.182666793025019E-4
4	0.06281459460507272
5	0.061249698463022945
6	0.011772057429871115
7	0.002624987076986698
8	0.004583631280584465
9	0.00890139848542284
10-11	0.01550929864652974
12-13	0.017047271844200153
14-15	0.017326597392135913
16-17	0.01632708308205252
18-19	0.019884277108174236
20-21	0.020123218239540976
22-23	0.020224179280963542
24-25	0.021082348133055345
26-27	0.01752178873888621
28-29	0.014169882163657041
30-31	0.013264598158901372
32-33	0.012135517178992349
34-35	0.012739600743504033
36-37	0.007844672918533323
38-39	0.0131266180689572
40-41	0.014154738007443655
42-43	0.010200430551726513
44-45	0.0133234920997312
46-47	0.013158589065407678
48-49	0.012120373022778965
50-51	0.016646793046557307
52-53	0.015266992147115584
54-55	0.01207494055413881
56-57	0.0091975508735957
58-59	0.008694428350506583
60-61	0.007694914040423186
62-63	0.00794395127593218
64-65	0.006885543025018954
66-67	0.005135551640361155
68-69	0.0036497416474257356
70-71	0.0029901295101316424
72-73	0.004383391881763044
74-75	0.003501665453339307
76	0.040074802708663586
>>END_MODULE
>>Sequence Length Distribution	pass
#Length	Count
76	2.9714432E7
>>END_MODULE
>>Sequence Duplication Levels	pass
#Total Deduplicated Percentage	80.41609050612237
#Duplication Level	Percentage of deduplicated	Percentage of total
1	88.39579293937393	71.08444085373148
2	7.866555919981649	12.651953456654342
3	2.0108542309189286	4.85115107484587
4	0.7685140905716644	2.4720359465056516
5	0.34822370830272165	1.400139462162461
6	0.1744354988811683	0.8416452519305182
7	0.11075463864825671	0.6234518531857763
8	0.06590458024938646	0.42398309520821326
9	0.04388678103214828	0.31762830199532494
>10	0.19106999369633018	2.706832637038945
>50	0.013670460876571462	0.7644021599128202
>100	0.009688405652615294	1.4351629476020433
>500	4.979572761448848E-4	0.26925208800579253
>1k	1.5079453840428087E-4	0.1579208712207476
>5k	0.0	0.0
>10k+	0.0	0.0
>>END_MODULE
>>Overrepresented sequences	pass
>>END_MODULE
>>Adapter Content	pass
#Position	Illumina Universal Adapter	Illumina Small RNA 3' Adapter	Illumina Small RNA 5' Adapter	Nextera Transposase Sequence	SOLID Small RNA Adapter
1	0.0	0.0	0.0	3.3653680474188436E-6	0.0
2	0.0	1.009610414225653E-5	0.0	2.3557576331931904E-5	0.0
3	0.0	1.3461472189675375E-5	0.0	2.3557576331931904E-5	0.0
4	0.0	1.3461472189675375E-5	0.0	2.3557576331931904E-5	0.0
5	0.0	1.3461472189675375E-5	0.0	2.692294437935075E-5	0.0
6	0.0	1.3461472189675375E-5	3.3653680474188436E-6	3.701904852160728E-5	0.0
7	0.0	1.3461472189675375E-5	3.3653680474188436E-6	3.701904852160728E-5	0.0
8	0.0	1.3461472189675375E-5	3.3653680474188436E-6	4.374978461644497E-5	0.0
9	0.0	1.3461472189675375E-5	3.3653680474188436E-6	4.374978461644497E-5	3.3653680474188436E-6
10	0.0	1.6826840237094218E-5	3.3653680474188436E-6	4.374978461644497E-5	3.3653680474188436E-6
11	0.0	1.6826840237094218E-5	3.3653680474188436E-6	4.711515266386381E-5	3.3653680474188436E-6
12	0.0	1.6826840237094218E-5	3.3653680474188436E-6	5.721125680612034E-5	3.3653680474188436E-6
13	0.0	2.019220828451306E-5	3.3653680474188436E-6	6.057662485353918E-5	6.730736094837687E-6
14	3.3653680474188436E-6	2.3557576331931904E-5	3.3653680474188436E-6	7.067272899579571E-5	6.730736094837687E-6
15	3.028831242676959E-5	3.3653680474188435E-5	3.3653680474188436E-6	7.067272899579571E-5	6.730736094837687E-6
16	1.1105714556482184E-4	3.701904852160728E-5	3.3653680474188436E-6	7.067272899579571E-5	1.009610414225653E-5
17	5.14901311255083E-4	4.038441656902612E-5	3.3653680474188436E-6	7.067272899579571E-5	1.009610414225653E-5
18	0.0013764355313943069	4.038441656902612E-5	3.3653680474188436E-6	7.74034650906334E-5	1.3461472189675375E-5
19	0.0022817195361499757	4.374978461644497E-5	3.3653680474188436E-6	7.74034650906334E-5	1.3461472189675375E-5
20	0.003187003540905645	4.711515266386381E-5	3.3653680474188436E-6	7.74034650906334E-5	1.3461472189675375E-5
21	0.004149498802467434	5.048052071128265E-5	3.3653680474188436E-6	8.076883313805224E-5	1.3461472189675375E-5
22	0.0051557438486456685	5.048052071128265E-5	3.3653680474188436E-6	8.076883313805224E-5	1.6826840237094218E-5
23	0.0060643932214487556	6.394199290095803E-5	3.3653680474188436E-6	8.076883313805224E-5	2.019220828451306E-5
24	0.006996600170583776	7.067272899579571E-5	3.3653680474188436E-6	8.749956923288993E-5	2.019220828451306E-5
25	0.007723519668826246	7.067272899579571E-5	3.3653680474188436E-6	9.759567337514646E-5	2.3557576331931904E-5
26	0.008463900639258391	7.067272899579571E-5	3.3653680474188436E-6	1.0432640946998414E-4	3.028831242676959E-5
27	0.009180724033358605	7.403809704321455E-5	3.3653680474188436E-6	1.0432640946998414E-4	3.028831242676959E-5
28	0.009971585524502034	7.403809704321455E-5	3.3653680474188436E-6	1.0432640946998414E-4	3.028831242676959E-5
29	0.010557159564752913	7.74034650906334E-5	3.3653680474188436E-6	1.0432640946998414E-4	3.028831242676959E-5
30	0.01123023317423668	7.74034650906334E-5	3.3653680474188436E-6	1.07691777517403E-4	3.028831242676959E-5
31	0.011738403749396926	8.076883313805224E-5	3.3653680474188436E-6	1.1105714556482184E-4	3.028831242676959E-5
32	0.012243208956509752	8.413420118547109E-5	3.3653680474188436E-6	1.2451861775449722E-4	3.028831242676959E-5
33	0.012754744899717417	8.413420118547109E-5	3.3653680474188436E-6	1.2451861775449722E-4	3.028831242676959E-5
34	0.013363876516300227	8.749956923288993E-5	3.3653680474188436E-6	1.2451861775449722E-4	3.028831242676959E-5
35	0.013922527612171755	1.009610414225653E-4	3.3653680474188436E-6	1.2451861775449722E-4	3.028831242676959E-5
36	0.014501370916327796	1.0432640946998414E-4	3.3653680474188436E-6	1.4134545799159142E-4	3.028831242676959E-5
37	0.015026368331725137	1.2451861775449722E-4	3.3653680474188436E-6	1.4471082603901027E-4	3.701904852160728E-5
38	0.015490789122268936	1.2788398580191606E-4	3.3653680474188436E-6	1.480761940864291E-4	3.701904852160728E-5
39	0.015972036753049833	1.2788398580191606E-4	3.3653680474188436E-6	1.5144156213384795E-4	3.701904852160728E-5
40	0.016453284383830726	1.3461472189675374E-4	3.3653680474188436E-6	1.5144156213384795E-4	4.038441656902612E-5
41	0.016880686125852917	1.3461472189675374E-4	3.3653680474188436E-6	1.548069301812668E-4	4.038441656902612E-5
42	0.017324914708112205	1.3461472189675374E-4	3.3653680474188436E-6	1.5817229822868563E-4	4.038441656902612E-5
43	0.017765777922324075	1.3798008994417258E-4	3.3653680474188436E-6	1.5817229822868563E-4	4.374978461644497E-5
44	0.018233564080915293	1.4134545799159142E-4	3.3653680474188436E-6	1.6153766627610447E-4	4.374978461644497E-5
45	0.01871481171169619	1.4471082603901027E-4	3.3653680474188436E-6	1.6490303432352334E-4	4.374978461644497E-5
46	0.01916913639809773	1.4471082603901027E-4	3.3653680474188436E-6	1.6826840237094218E-4	4.374978461644497E-5
47	0.01966721086911572	1.480761940864291E-4	3.3653680474188436E-6	1.6826840237094218E-4	4.711515266386381E-5
48	0.020087881875043078	1.5144156213384795E-4	3.3653680474188436E-6	1.6826840237094218E-4	4.711515266386381E-5
49	0.020532110457302365	1.548069301812668E-4	3.3653680474188436E-6	1.7163377041836103E-4	4.711515266386381E-5
50	0.020976339039561653	1.6490303432352334E-4	3.3653680474188436E-6	1.7499913846577987E-4	5.38458887587015E-5
51	0.021487874982769314	1.6490303432352334E-4	3.3653680474188436E-6	1.783645065131987E-4	5.721125680612034E-5
52	0.0221104680715418	1.6490303432352334E-4	3.3653680474188436E-6	1.850952426080364E-4	5.721125680612034E-5
53	0.02278690704907299	1.6490303432352334E-4	3.3653680474188436E-6	1.9182597870287407E-4	5.721125680612034E-5
54	0.023564307068026744	1.6490303432352334E-4	3.3653680474188436E-6	1.9182597870287407E-4	6.057662485353918E-5
55	0.024163342580467297	1.6490303432352334E-4	3.3653680474188436E-6	1.9182597870287407E-4	6.057662485353918E-5
56	0.024886896710662347	1.7163377041836103E-4	3.3653680474188436E-6	1.9519134675029292E-4	6.730736094837687E-5
57	0.025745065562754153	1.9182597870287407E-4	3.3653680474188436E-6	2.019220828451306E-4	7.067272899579571E-5
58	0.026714291560410778	1.9182597870287407E-4	3.3653680474188436E-6	2.0865281893996828E-4	7.067272899579571E-5
59	0.02779794007167965	1.9519134675029292E-4	3.3653680474188436E-6	2.15383555034806E-4	7.067272899579571E-5
60	0.028965722784133986	1.9519134675029292E-4	3.3653680474188436E-6	2.1874892308222483E-4	7.067272899579571E-5
61	0.030392638836239574	2.019220828451306E-4	3.3653680474188436E-6	2.2547965917706252E-4	7.067272899579571E-5
62	0.032482532393686675	2.019220828451306E-4	3.3653680474188436E-6	2.3894113136673788E-4	7.067272899579571E-5
63	0.0346296372079399	2.2211429112964368E-4	3.3653680474188436E-6	2.456718674615756E-4	7.067272899579571E-5
64	0.0368978952719002	2.322103952719002E-4	3.3653680474188436E-6	2.456718674615756E-4	7.067272899579571E-5
65	0.0391661533358605	2.524026035564133E-4	6.730736094837687E-6	2.524026035564133E-4	7.403809704321455E-5
>>END_MODULE
