##FastQC	0.11.7
>>Basic Statistics	pass
#Measure	Value
Filename	SRR1093861_1.fastq.gz
File type	Conventional base calls
Encoding	Sanger / Illumina 1.9
Total Sequences	35858079
Sequences flagged as poor quality	0
Sequence length	76
%GC	49
>>END_MODULE
>>Per base sequence quality	pass
#Base	Mean	Median	Lower Quartile	Upper Quartile	10th Percentile	90th Percentile
1	31.143138175360704	33.0	31.0	34.0	28.0	34.0
2	31.417574572246327	34.0	31.0	34.0	28.0	34.0
3	30.377413357809825	33.0	31.0	34.0	25.0	34.0
4	34.50634321487216	37.0	35.0	37.0	30.0	37.0
5	34.45401227433293	37.0	35.0	37.0	30.0	37.0
6	34.47594496068794	37.0	35.0	37.0	31.0	37.0
7	34.51981069593828	37.0	35.0	37.0	31.0	37.0
8	34.50918528011498	37.0	35.0	37.0	31.0	37.0
9	36.11632762033906	39.0	37.0	39.0	31.0	39.0
10-11	36.106854915457134	39.0	37.0	39.0	31.0	39.0
12-13	36.02293388332376	39.0	37.0	39.0	31.0	39.0
14-15	37.30991502640172	40.0	38.0	41.0	31.0	41.0
16-17	37.27858468101428	40.0	38.0	41.0	31.0	41.0
18-19	37.25797023315164	40.0	38.0	41.0	31.0	41.0
20-21	37.22410517306295	40.0	38.0	41.0	31.0	41.0
22-23	37.163314367732866	40.0	38.0	41.0	31.0	41.0
24-25	37.103374235412886	40.0	38.0	41.0	30.0	41.0
26-27	37.01068071716837	40.0	38.0	41.0	30.0	41.0
28-29	36.91917514599709	40.0	37.5	41.0	30.0	41.0
30-31	36.821346745875594	40.0	37.0	41.0	30.0	41.0
32-33	36.73004336066079	40.0	37.0	41.0	30.0	41.0
34-35	36.63207264951366	40.0	37.0	41.0	30.0	41.0
36-37	36.516905827554226	40.0	37.0	41.0	30.0	41.0
38-39	36.3959306632126	40.0	37.0	41.0	29.0	41.0
40-41	36.27401342386467	40.0	36.0	41.0	29.0	41.0
42-43	36.11768578009993	40.0	36.0	41.0	28.0	41.0
44-45	35.98335634488395	40.0	35.5	41.0	28.0	41.0
46-47	35.830425843503775	40.0	35.0	41.0	27.0	41.0
48-49	35.694736268498936	40.0	35.0	41.0	27.0	41.0
50-51	35.53486159980851	39.0	35.0	41.0	27.0	41.0
52-53	35.37541953934565	39.0	35.0	41.0	26.5	41.0
54-55	35.20900921658408	39.0	35.0	41.0	26.0	41.0
56-57	35.04359640961246	39.0	35.0	41.0	26.0	41.0
58-59	34.81212033137636	38.5	35.0	41.0	26.0	41.0
60-61	34.5310800810049	37.5	34.5	41.0	26.0	41.0
62-63	34.21416889064247	37.0	34.0	40.0	25.5	41.0
64-65	33.89248374125117	36.5	34.0	40.0	25.0	41.0
66-67	33.52860712365545	36.0	34.0	39.0	23.5	41.0
68-69	33.15879648767576	35.5	34.0	39.0	23.0	41.0
70-71	32.77804280870707	35.0	33.5	38.5	22.0	40.5
72-73	32.3825380188381	35.0	33.0	37.0	20.5	40.0
74-75	31.9627635657783	35.0	33.0	37.0	17.0	39.0
76	31.081366796029425	35.0	32.0	36.0	2.0	39.0
>>END_MODULE
>>Per sequence quality scores	pass
#Quality	Count
2	598613.0
3	225566.0
4	131323.0
5	90786.0
6	71397.0
7	64384.0
8	62217.0
9	64095.0
10	68560.0
11	73511.0
12	78553.0
13	83149.0
14	86383.0
15	87652.0
16	91245.0
17	92661.0
18	95800.0
19	99832.0
20	104973.0
21	114782.0
22	129813.0
23	150507.0
24	178330.0
25	213047.0
26	253871.0
27	302610.0
28	360683.0
29	424680.0
30	503482.0
31	609078.0
32	743273.0
33	928551.0
34	1219317.0
35	1680290.0
36	2529058.0
37	4263437.0
38	7079022.0
39	9601277.0
40	2302271.0
>>END_MODULE
>>Per base sequence content	fail
#Base	G	A	T	C
1	27.53047768745033	12.753257691734882	17.71043955134733	42.005825069467456
2	23.653052876732332	21.337159556938097	33.14359238073117	21.866195185598396
3	27.021432279213403	23.787373780882717	24.802885707999632	24.388308231904247
4	26.684803140450903	31.031007917844317	18.76515626147964	23.519032680225138
5	27.627308040227742	31.285720388531235	20.273712575984803	20.813258995256216
6	21.757185175687717	32.75998332636739	20.904243278811492	24.5785882191334
7	19.37863116315974	14.658862831191497	40.243112065189706	25.719393940459057
8	21.720806745996114	20.220147461761975	25.702026622246326	32.35701916999558
9	21.501985104637267	19.766855677098015	29.165221206638464	29.56593801162625
10-11	26.422852324764744	28.519624275581894	19.866200507832723	25.191322891820633
12-13	23.520797179793416	22.418222852727112	27.60484181972183	26.456138147757642
14-15	24.19484742351301	24.21704979530763	26.404964594825124	25.18313818635423
16-17	25.071266312590122	24.546650853604383	24.972640625844235	25.40944220796126
18-19	24.96333603211674	24.881159207013443	24.932549707119193	25.222955053750624
20-21	24.9512472522757	25.068049678950217	25.1382700360426	24.842433032731485
22-23	24.98131496276416	25.241281425857558	24.963384077075055	24.814019534303227
24-25	24.891599525417796	25.271360121497505	24.942294611232732	24.894745741851963
26-27	24.909892294149376	25.36352750223155	24.848239029410347	24.878341174208735
28-29	24.99573425455305	25.056894619596264	24.94727036570077	25.000100760149913
30-31	24.47277157376603	25.169861925593594	25.373998438672242	24.983368061968136
32-33	24.66538586592006	25.239966756729	25.264245863539564	24.830401513811374
34-35	25.171289825888625	25.099205961818647	24.850974894933948	24.878529317358776
36-37	24.950158253246308	25.19884471518223	25.057488252649147	24.79350877892232
38-39	24.647026048260233	25.150551656311926	25.169752338120215	25.03266995730763
40-41	24.95803402101344	24.95405542321996	25.11245744430859	24.975453111458013
42-43	24.804188352760896	25.125045879872086	25.28868844836619	24.782077319000827
44-45	24.769155816241724	25.23586674203874	25.325346793947578	24.669630647771957
46-47	25.030479813804163	24.996971368115336	25.086588470531485	24.88596034754902
48-49	24.795056454094276	25.080162013645012	25.15092207721793	24.97385945504278
50-51	24.98163320076383	25.091484670348326	25.189141112366407	24.73774101652144
52-53	24.8812602382631	25.066705549446265	25.17397856807108	24.878055644219554
54-55	24.811431852800105	25.048472855263803	25.23619905430989	24.903896237626203
56-57	24.87533740031946	25.02774653381167	25.208484067060134	24.88843199880874
58-59	24.943188692357648	25.046446102691306	25.11181257411338	24.89855263083767
60-61	24.751153825279218	25.147691755383516	25.23015286926411	24.871001550073153
62-63	24.64548427632191	25.160202603562233	25.360673138550595	24.833639981565266
64-65	24.812192932151213	25.13183097905672	25.17848248439089	24.877493604401177
66-67	24.749785569733827	25.322353112914435	25.136184677035672	24.79167664031606
68-69	24.788738235637375	25.274743801919808	25.14228392341123	24.794234039031586
70-71	24.836778530719016	25.260303619119185	25.086048993919956	24.816868856241843
72-73	24.710432043894436	25.390922005145367	25.15378122603215	24.744864724928046
74-75	24.898058373197948	25.473099794130903	25.11586342242948	24.51297841024167
76	25.08804163748642	24.972588448279726	25.161001445215863	24.77836846901799
>>END_MODULE
>>Per sequence GC content	pass
#GC Content	Count
0	284.0
1	209.5
2	137.5
3	158.0
4	176.0
5	214.0
6	268.0
7	361.0
8	438.0
9	457.5
10	534.5
11	745.5
12	899.0
13	1151.5
14	1769.5
15	2824.0
16	4630.0
17	5747.0
18	7914.0
19	13578.5
20	22581.5
21	28087.0
22	37042.0
23	58246.5
24	87929.0
25	105362.0
26	128046.0
27	173799.0
28	225361.0
29	253854.0
30	294532.5
31	378683.0
32	467477.0
33	512799.0
34	553574.0
35	640988.5
36	741351.5
37	795075.0
38	848305.5
39	999538.0
40	1159156.0
41	1327359.0
42	1433946.0
43	1514071.0
44	1598394.5
45	1612377.0
46	1622161.0
47	1634287.5
48	1669242.5
49	1696158.0
50	1700245.0
51	1732851.5
52	1726732.5
53	1686093.0
54	1684179.0
55	1651641.0
56	1560424.5
57	1434981.0
58	1368216.0
59	1306688.5
60	1192464.5
61	1051948.0
62	964128.0
63	900961.5
64	760209.5
65	637884.0
66	537628.0
67	482112.0
68	435699.0
69	343509.5
70	262933.0
71	228133.0
72	198555.0
73	147518.5
74	111067.5
75	96075.0
76	83005.0
77	60941.0
78	44581.0
79	37215.0
80	31469.5
81	22159.5
82	14849.0
83	11103.0
84	8538.0
85	4490.0
86	2270.5
87	1534.0
88	1111.0
89	516.0
90	304.0
91	180.0
92	96.0
93	82.0
94	53.5
95	37.5
96	36.0
97	31.0
98	32.0
99	31.0
100	24.0
>>END_MODULE
>>Per base N content	pass
#Base	N-Count
1	0.23162144296686948
2	0.009495768024829217
3	0.003039761276670733
4	0.05624394993384894
5	0.05529576751727275
6	0.03419313120482556
7	0.02949962824277341
8	0.021852815930267763
9	0.02042496476177656
10-11	0.020900450355971382
12-13	0.02174544821544958
14-15	0.02316214429668695
16-17	0.023403373058551186
18-19	0.017072861041998375
20-21	0.01457969904076568
22-23	0.018214863099609995
24-25	0.01531454041361223
26-27	0.014367752382942769
28-29	0.015649193031227356
30-31	0.012885520164089104
32-33	0.011730968633316916
34-35	0.015045423933613397
36-37	0.014228313792269796
38-39	0.014461176238693658
40-41	0.010425823424617921
42-43	0.01377234960076919
44-45	0.013487894875796332
46-47	0.012358442291345278
48-49	0.010639164468347565
50-51	0.00920713014213617
52-53	0.00921270768576309
54-55	0.010411879565550624
56-57	0.010040972914360527
58-59	0.007086269178000305
60-61	0.008357949124937786
62-63	0.008183650886596575
64-65	0.010961267612802125
66-67	0.008875266296334502
68-69	0.0096170795987147
70-71	0.010180411505033496
72-73	0.011322413562645114
74-75	0.011788138455492835
76	0.0611019904328952
>>END_MODULE
>>Sequence Length Distribution	pass
#Length	Count
76	3.5858079E7
>>END_MODULE
>>Sequence Duplication Levels	pass
#Total Deduplicated Percentage	74.89345018584534
#Duplication Level	Percentage of deduplicated	Percentage of total
1	88.92940046990564	66.60229624149969
2	7.532552378679178	11.282776726897595
3	1.836579197495859	4.126432579200477
4	0.6978080866276801	2.0904502070052082
5	0.337879524097256	1.2652481653397487
6	0.18553573581972688	0.8337246832985326
7	0.10104772904698277	0.5297469143241101
8	0.07284194185535567	0.4364307475027458
9	0.05049184712806563	0.34033577739093906
>10	0.20488799280733708	2.744113853734464
>50	0.02056890046632486	1.0818468010993716
>100	0.02402217200931576	3.890304970645945
>500	0.004350559154434417	2.2639094507725432
>1k	0.0020222305198462917	2.4556232514788388
>5k	1.1234386975657537E-5	0.056759629809716224
>10k+	0.0	0.0
>>END_MODULE
>>Overrepresented sequences	pass
>>END_MODULE
>>Adapter Content	pass
#Position	Illumina Universal Adapter	Illumina Small RNA 3' Adapter	Illumina Small RNA 5' Adapter	Nextera Transposase Sequence	SOLID Small RNA Adapter
1	7.250806714994408E-5	5.577543626918776E-6	0.0	8.366315440378165E-6	2.788771813459388E-6
2	1.7848139606140083E-4	2.2310174507675103E-5	0.0	3.625403357497204E-5	1.1155087253837552E-5
3	3.73695423003558E-4	2.5098946321134494E-5	0.0	3.625403357497204E-5	1.394385906729694E-5
4	0.0010067466246588392	2.5098946321134494E-5	0.0	3.904280538843143E-5	1.673263088075633E-5
5	0.0011378188998914303	2.5098946321134494E-5	0.0	3.904280538843143E-5	1.673263088075633E-5
6	0.0014111185376104503	2.788771813459388E-5	0.0	4.4620349015350207E-5	1.9521402694215716E-5
7	0.0015979662491122293	5.019789264226899E-5	0.0	5.019789264226899E-5	2.2310174507675103E-5
8	0.0018461669405101149	5.298666445572837E-5	0.0	5.577543626918776E-5	2.5098946321134494E-5
9	0.0022226511353271323	5.298666445572837E-5	0.0	6.693052352302532E-5	2.788771813459388E-5
10	0.0028696461960497103	5.577543626918776E-5	0.0	6.971929533648471E-5	3.067648994805327E-5
11	0.0032823844244417	5.577543626918776E-5	0.0	7.250806714994408E-5	3.625403357497204E-5
12	0.0037620531763567144	5.856420808264715E-5	0.0	7.529683896340347E-5	4.4620349015350207E-5
13	0.004545698055938802	6.971929533648471E-5	0.0	8.087438259032226E-5	4.4620349015350207E-5
14	0.005114607505884518	6.971929533648471E-5	0.0	8.366315440378165E-5	4.74091208288096E-5
15	0.005806222915622446	7.250806714994408E-5	0.0	1.3107227523259123E-4	4.74091208288096E-5
16	0.0066930523523025314	7.529683896340347E-5	0.0	1.3107227523259123E-4	5.298666445572837E-5
17	0.007487852319138457	7.808561077686286E-5	0.0	1.422273624864288E-4	5.577543626918776E-5
18	0.008268708426907086	7.808561077686286E-5	0.0	1.422273624864288E-4	5.856420808264715E-5
19	0.009216890843483278	7.808561077686286E-5	0.0	1.4501613429988817E-4	5.856420808264715E-5
20	0.010047944843894175	8.645192621724104E-5	5.577543626918776E-6	1.5059367792680695E-4	6.135297989610654E-5
21	0.011021226206791501	8.924069803070041E-5	5.577543626918776E-6	1.5059367792680695E-4	6.135297989610654E-5
22	0.011701686529275591	8.924069803070041E-5	5.577543626918776E-6	1.5059367792680695E-4	6.135297989610654E-5
23	0.01253552930149995	9.48182416576192E-5	5.577543626918776E-6	1.5617122155372573E-4	6.135297989610654E-5
24	0.013294075234760902	9.48182416576192E-5	5.577543626918776E-6	1.617487651806445E-4	6.135297989610654E-5
25	0.0140358885371411	9.48182416576192E-5	5.577543626918776E-6	1.645375369941039E-4	6.693052352302532E-5
26	0.014763757980454	9.760701347107858E-5	5.577543626918776E-6	1.7011508062102267E-4	7.250806714994408E-5
27	0.01549720496739382	1.0039578528453797E-4	5.577543626918776E-6	1.7011508062102267E-4	7.529683896340347E-5
28	0.016208341779825962	1.0039578528453797E-4	5.577543626918776E-6	1.7011508062102267E-4	8.366315440378165E-5
29	0.01696131016946	1.0039578528453797E-4	5.577543626918776E-6	1.7848139606140083E-4	8.924069803070041E-5
30	0.01763898172013063	1.0039578528453797E-4	5.577543626918776E-6	1.7848139606140083E-4	9.760701347107858E-5
31	0.018193947311009047	1.0039578528453797E-4	5.577543626918776E-6	1.8127016787486023E-4	9.760701347107858E-5
32	0.01873218027100671	1.0318455709799735E-4	5.577543626918776E-6	1.9242525512869777E-4	9.760701347107858E-5
33	0.019273202002817832	1.0597332891145674E-4	5.577543626918776E-6	1.9242525512869777E-4	9.760701347107858E-5
34	0.019800279875561655	1.0876210072491613E-4	5.577543626918776E-6	1.9521402694215717E-4	9.760701347107858E-5
35	0.020408232130895803	1.1433964435183491E-4	5.577543626918776E-6	1.9800279875561655E-4	1.0597332891145674E-4
36	0.02090742228550503	1.2828350341913185E-4	5.577543626918776E-6	2.0358034238253533E-4	1.0876210072491613E-4
37	0.021387091037420047	1.3664981885951E-4	5.577543626918776E-6	2.0358034238253533E-4	1.0876210072491613E-4
38	0.021869548561148523	1.3943859067296941E-4	5.577543626918776E-6	2.0358034238253533E-4	1.1155087253837552E-4
39	0.022296230648607807	1.422273624864288E-4	5.577543626918776E-6	2.063691141959947E-4	1.1155087253837552E-4
40	0.02283167483679201	1.4501613429988817E-4	5.577543626918776E-6	2.091578860094541E-4	1.1155087253837552E-4
41	0.023314132360520483	1.4780490611334757E-4	5.577543626918776E-6	2.091578860094541E-4	1.1155087253837552E-4
42	0.023871886723212363	1.5059367792680695E-4	5.577543626918776E-6	2.2310174507675105E-4	1.1433964435183491E-4
43	0.02439338705232927	1.589599933671851E-4	5.577543626918776E-6	2.2310174507675105E-4	1.171284161652943E-4
44	0.024836801770669308	1.617487651806445E-4	5.577543626918776E-6	2.2589051689021042E-4	1.2270595979221307E-4
45	0.02528858280444973	1.7848139606140083E-4	5.577543626918776E-6	2.2867928870366983E-4	1.2270595979221307E-4
46	0.025849125938955067	1.7848139606140083E-4	5.577543626918776E-6	2.3983437595750736E-4	1.2549473160567248E-4
47	0.026459866966102672	1.840589396883196E-4	5.577543626918776E-6	2.3983437595750736E-4	1.2828350341913185E-4
48	0.027009255013354175	1.9521402694215717E-4	5.577543626918776E-6	2.5098946321134495E-4	1.3386104704605063E-4
49	0.02760605218143448	1.9800279875561655E-4	5.577543626918776E-6	2.5377823502480433E-4	1.3386104704605063E-4
50	0.028289301275732034	2.091578860094541E-4	5.577543626918776E-6	2.565670068382637E-4	1.3664981885951E-4
51	0.028966972826402662	2.1752420144983227E-4	5.577543626918776E-6	2.593557786517231E-4	1.3664981885951E-4
52	0.02967810963883481	2.2031297326329164E-4	5.577543626918776E-6	2.593557786517231E-4	1.422273624864288E-4
53	0.030411556625774626	2.2589051689021042E-4	5.577543626918776E-6	2.649333222786419E-4	1.4501613429988817E-4
54	0.031103172035512557	2.2589051689021042E-4	5.577543626918776E-6	2.6772209409210127E-4	1.5059367792680695E-4
55	0.031825463935198535	2.2867928870366983E-4	5.577543626918776E-6	2.7329963771902E-4	1.5059367792680695E-4
56	0.03260353127115371	2.314680605171292E-4	5.577543626918776E-6	2.844547249728576E-4	1.5617122155372573E-4
57	0.03361027789581254	2.314680605171292E-4	5.577543626918776E-6	2.8724349678631696E-4	1.5617122155372573E-4
58	0.034569615399642574	2.342568323305886E-4	5.577543626918776E-6	2.9003226859977634E-4	1.5617122155372573E-4
59	0.03575205464854935	2.3704560414404799E-4	5.577543626918776E-6	2.9282104041323577E-4	1.589599933671851E-4
60	0.037032100910927214	2.3983437595750736E-4	5.577543626918776E-6	3.011873558536139E-4	1.645375369941039E-4
61	0.0385296713747549	2.4262314777096677E-4	5.577543626918776E-6	3.039761276670733E-4	1.645375369941039E-4
62	0.040208512006457454	2.482006913978855E-4	5.577543626918776E-6	3.095536712939921E-4	1.645375369941039E-4
63	0.042135553329557894	2.565670068382637E-4	5.577543626918776E-6	3.1234244310745146E-4	1.673263088075633E-4
64	0.04423828727690627	2.593557786517231E-4	5.577543626918776E-6	3.1513121492091084E-4	1.673263088075633E-4
65	0.04630476719067968	2.649333222786419E-4	8.366315440378165E-6	3.3186384580166715E-4	1.7848139606140083E-4
>>END_MODULE
