##FastQC	0.11.7
>>Basic Statistics	pass
#Measure	Value
Filename	SRR1085402_2.fastq.gz
File type	Conventional base calls
Encoding	Sanger / Illumina 1.9
Total Sequences	27910763
Sequences flagged as poor quality	0
Sequence length	76
%GC	50
>>END_MODULE
>>Per base sequence quality	pass
#Base	Mean	Median	Lower Quartile	Upper Quartile	10th Percentile	90th Percentile
1	31.415136949140372	34.0	31.0	34.0	28.0	34.0
2	31.50762528419592	34.0	31.0	34.0	28.0	34.0
3	31.576041400229727	34.0	31.0	34.0	28.0	34.0
4	34.83817009947023	37.0	35.0	37.0	32.0	37.0
5	34.813880795734605	37.0	35.0	37.0	32.0	37.0
6	34.75711885769658	37.0	35.0	37.0	32.0	37.0
7	34.70814420229214	37.0	35.0	37.0	32.0	37.0
8	34.70102365170024	37.0	35.0	37.0	32.0	37.0
9	36.22292468321271	39.0	38.0	39.0	32.0	39.0
10-11	36.34355732231326	39.0	38.0	39.0	32.0	39.0
12-13	36.343394893933926	39.0	38.0	39.0	32.0	39.0
14-15	37.735711202162406	41.0	39.0	41.0	32.0	41.0
16-17	37.58571136159911	41.0	38.0	41.0	31.5	41.0
18-19	37.628660617411285	41.0	38.5	41.0	32.0	41.0
20-21	37.67838286971947	41.0	39.0	41.0	32.0	41.0
22-23	37.637606557011715	41.0	39.0	41.0	32.0	41.0
24-25	37.58911375873171	41.0	39.0	41.0	32.0	41.0
26-27	37.494512994861516	41.0	39.0	41.0	31.0	41.0
28-29	37.43039654630725	41.0	38.0	41.0	31.0	41.0
30-31	37.338004159900606	41.0	38.0	41.0	31.0	41.0
32-33	37.27051856303606	41.0	38.0	41.0	31.0	41.0
34-35	37.175586708253014	41.0	38.0	41.0	30.0	41.0
36-37	37.06783490655558	41.0	38.0	41.0	30.0	41.0
38-39	36.69706405016588	40.5	37.5	41.0	29.5	41.0
40-41	36.586484755002935	40.0	37.0	41.0	29.5	41.0
42-43	36.63952291451151	40.0	37.0	41.0	30.0	41.0
44-45	36.48868054950701	40.0	37.0	41.0	30.0	41.0
46-47	36.316617356537336	40.0	36.0	41.0	29.5	41.0
48-49	36.16686104210049	40.0	36.0	41.0	29.0	41.0
50-51	35.97847532867518	40.0	35.0	41.0	28.5	41.0
52-53	35.77134245667165	40.0	35.0	41.0	28.0	41.0
54-55	35.570246503114234	39.0	35.0	41.0	28.0	41.0
56-57	35.32732654066103	39.0	35.0	41.0	27.5	41.0
58-59	35.05727845920944	39.0	35.0	41.0	27.0	41.0
60-61	34.768209346337116	38.0	35.0	41.0	26.0	41.0
62-63	34.44840479638626	37.0	35.0	40.5	26.0	41.0
64-65	34.13621073347224	37.0	34.0	40.0	26.0	41.0
66-67	33.81007531037399	36.0	34.0	39.5	25.5	41.0
68-69	33.462022177609406	36.0	34.0	39.0	25.0	41.0
70-71	33.09092465512319	35.0	34.0	39.0	24.0	41.0
72-73	32.7244957079819	35.0	34.0	37.5	22.5	40.5
74-75	32.28417367164058	35.0	34.0	37.0	18.5	39.5
76	28.325644447627607	35.0	29.0	36.0	2.0	39.0
>>END_MODULE
>>Per sequence quality scores	pass
#Quality	Count
2	711689.0
3	89037.0
4	64521.0
5	48648.0
6	41600.0
7	40430.0
8	41813.0
9	43942.0
10	44654.0
11	47104.0
12	53835.0
13	54183.0
14	56170.0
15	57706.0
16	59387.0
17	61664.0
18	64155.0
19	67103.0
20	74323.0
21	83562.0
22	86661.0
23	98445.0
24	114890.0
25	137793.0
26	166957.0
27	203600.0
28	230151.0
29	244450.0
30	285109.0
31	348717.0
32	430286.0
33	552033.0
34	755377.0
35	1123596.0
36	1872229.0
37	3375595.0
38	5672525.0
39	8059757.0
40	2347066.0
>>END_MODULE
>>Per base sequence content	fail
#Base	G	A	T	C
1	27.57210386643414	12.482056789817811	17.491258136629803	42.454581207118245
2	23.503666756183584	21.51871953966506	33.45529384532986	21.522319858821497
3	27.67102566888709	23.67526964364444	23.98709700678911	24.66660768067936
4	27.246334239767155	30.89374614526223	18.360906697166417	23.499012917804198
5	27.75577838934462	31.241903264658983	20.148456289180857	20.853862056815544
6	21.88075783522092	32.6193592198314	20.84989336721466	24.64998957773302
7	19.50533289881881	14.845729070369604	39.95285529426166	25.696082736549926
8	21.522367736291987	20.339683306078644	25.727577336277268	32.410371621352105
9	21.73697026163929	19.934458220535696	29.062953702514132	29.26561781531088
10-11	26.277217774116306	29.00702181379135	19.7604324888314	24.95532792326095
12-13	23.656260516386634	22.60060502537674	27.24442940797307	26.498705050263556
14-15	24.12757185822199	24.19621829235748	26.194484754477877	25.481725094942647
16-17	25.0236209078997	24.48156811778422	25.078184608377164	25.41662636593891
18-19	24.99063151898176	24.871635972332577	24.760129467642898	25.377603041042768
20-21	24.96837712353245	24.989405770759266	24.897304210383727	25.144912895324563
22-23	25.12694049851439	25.15014746963864	24.861026090986584	24.861885940860386
24-25	24.962619656690137	25.327134787752513	24.838715179865016	24.871530375692334
26-27	24.8489315275727	25.293274159437964	24.894980502051556	24.962813810937785
28-29	25.00511482409985	25.045428664430737	24.859645835061677	25.089810676407744
30-31	24.73407709440708	25.134358322082857	25.11758063657328	25.013983946936786
32-33	24.70590714839264	25.263602472090458	25.04999208657602	24.98049829294088
34-35	25.1839438577815	25.256542420815403	24.6527578486402	24.906755872762893
36-37	24.927627869579208	25.119872737082733	24.90659309210439	25.045906301233668
38-39	24.74727336538392	25.05978653907579	25.10928031966575	25.08365977587454
40-41	25.152395465507897	25.029225193004446	24.887330826526874	24.931048514960786
42-43	24.877703320407566	25.109039835191975	25.067794722766536	24.945462121633927
44-45	24.973186676368705	25.110337711211606	25.048737375397202	24.86773823702249
46-47	25.013835536518137	25.045026490603245	24.911098784151996	25.030039188726622
48-49	24.81196188774678	25.014124566440575	24.964718185746175	25.209195360066467
50-51	24.93022200296004	25.10344351258017	24.97093958828542	24.99539489617437
52-53	24.890516452495365	25.2173036666088	24.923428026973713	24.96875185392212
54-55	24.747678091639997	25.189009896579766	24.980618360022365	25.08269365175787
56-57	24.801518021173422	25.03520435965738	25.198135747608998	24.9651418715602
58-59	24.88821908992001	25.23943300965955	24.917702036533417	24.95464586388702
60-61	24.785063901705342	25.29607985381513	25.001477746501077	24.91737849797845
62-63	24.68368840175946	25.389421018065246	25.094523783780108	24.832366796395185
64-65	24.840583404140904	25.338869921956313	24.960123875035098	24.86042279886768
66-67	24.83070079475054	25.36304541486499	24.914734625278506	24.89151916510596
68-69	24.864184606031483	25.35474001376076	24.949934611987594	24.831140768220163
70-71	24.918592518521628	25.2547044139317	24.96256907170311	24.864133995843556
72-73	24.87301404755051	25.31577439299255	24.968194426647866	24.84301713280907
74-75	24.93843947529798	25.343365106574883	24.987302572788554	24.730892845338584
76	25.01878366060187	25.119616679290463	24.957840539394635	24.903759120713033
>>END_MODULE
>>Per sequence GC content	pass
#GC Content	Count
0	1579.0
1	1341.0
2	1059.5
3	1010.5
4	1005.0
5	961.5
6	858.5
7	796.5
8	794.0
9	957.5
10	1354.0
11	1929.0
12	2271.0
13	2696.5
14	3871.0
15	5824.5
16	8657.5
17	10286.0
18	13201.0
19	20708.0
20	31908.0
21	38516.0
22	48956.5
23	73458.5
24	106354.0
25	125188.0
26	148968.0
27	199590.5
28	257871.0
29	289309.0
30	324140.5
31	393066.0
32	467913.0
33	508666.0
34	546112.0
35	619491.5
36	689361.5
37	723298.0
38	761903.0
39	837443.5
40	902343.5
41	962279.0
42	994250.0
43	1016381.0
44	1057909.0
45	1088135.0
46	1098964.0
47	1109863.0
48	1125315.0
49	1132229.5
50	1134591.0
51	1137639.0
52	1125570.5
53	1101154.0
54	1091854.0
55	1082371.0
56	1063892.0
57	1035977.5
58	1017059.0
59	987304.0
60	933455.5
61	872687.5
62	836013.0
63	797396.5
64	710085.0
65	617464.0
66	525819.5
67	478101.0
68	435776.5
69	355127.5
70	281289.5
71	245776.0
72	218562.0
73	169339.0
74	130994.5
75	114659.0
76	100269.5
77	75556.0
78	57047.5
79	48863.0
80	42616.0
81	31107.0
82	21560.0
83	17275.0
84	13953.0
85	8272.5
86	4543.0
87	3172.0
88	2427.0
89	1331.5
90	900.5
91	627.5
92	435.0
93	374.0
94	259.5
95	196.5
96	187.0
97	174.5
98	195.0
99	276.5
100	325.0
>>END_MODULE
>>Per base N content	warn
#Base	N-Count
1	0.28877032132729585
2	0.2862587454165979
3	0.22335827938490968
4	0.2276469475234339
5	0.20678761092987677
6	0.3243193315782876
7	0.3377836714818581
8	0.2978671704532047
9	0.2176257238112767
10-11	0.22511029168210128
12-13	0.26778379365694877
14-15	0.20743252343191046
16-17	0.18809410548898287
18-19	0.1793447925447255
20-21	0.2343719517807521
22-23	0.20444980311000455
24-25	0.22897260099983652
26-27	0.1837767745725905
28-29	0.17241914884233012
30-31	0.17681888524509345
32-33	0.21265989754561707
34-35	0.21622303911935337
36-37	0.22086461771037932
38-39	0.8584842342002618
40-41	0.2494718614464248
42-43	0.2590864319975774
44-45	0.24791153147622658
46-47	0.14511606149928613
48-49	0.14647037775355692
50-51	0.14156904273810073
52-53	0.14012336387937513
54-55	0.1421297583301467
56-57	0.14050135426251156
58-59	0.13872247061106857
60-61	0.13948919991904196
62-63	0.14283916208238376
64-65	0.14133974051515538
66-67	0.14062675391568477
68-69	0.1440698701070981
70-71	0.14006245547640528
72-73	0.1357773701851146
74-75	0.13611415782506553
76	10.451043563373743
>>END_MODULE
>>Sequence Length Distribution	pass
#Length	Count
76	2.7910763E7
>>END_MODULE
>>Sequence Duplication Levels	pass
#Total Deduplicated Percentage	81.01109876493237
#Duplication Level	Percentage of deduplicated	Percentage of total
1	90.11909679873152	73.0064705136854
2	6.980451657383389	11.309881172802433
3	1.5937793572572214	3.8734145076082562
4	0.5796606727156554	1.878357920300604
5	0.2532122622795888	1.0256501794011865
6	0.1278888652379104	0.6216250495634091
7	0.07733952718585944	0.4385752052700782
8	0.04765303428202167	0.30883397333356527
9	0.030867258215853302	0.22505314535344462
>10	0.15474329521027227	2.3815658256272036
>50	0.017993007242233162	1.0289612551352283
>100	0.015316228651300862	2.5386398723918036
>500	0.001631396025975358	0.8969106678583348
>1k	3.6663958114277543E-4	0.46606071166902846
>5k	0.0	0.0
>10k+	0.0	0.0
>>END_MODULE
>>Overrepresented sequences	pass
>>END_MODULE
>>Adapter Content	pass
#Position	Illumina Universal Adapter	Illumina Small RNA 3' Adapter	Illumina Small RNA 5' Adapter	Nextera Transposase Sequence	SOLID Small RNA Adapter
1	3.941131956872695E-5	3.5828472335206313E-6	0.0	7.165694467041263E-6	0.0
2	8.957118083801579E-5	6.8074097436892E-5	0.0	4.6577014035768205E-5	3.5828472335206313E-6
3	3.332047927174187E-4	6.8074097436892E-5	0.0	4.6577014035768205E-5	1.0748541700561895E-5
4	9.81700141984653E-4	6.8074097436892E-5	0.0	5.015986126928884E-5	1.4331388934082525E-5
5	0.0011465111147266021	6.8074097436892E-5	0.0	6.090840296985073E-5	1.4331388934082525E-5
6	0.0013722304904384018	7.165694467041263E-5	0.0	6.449125020337137E-5	1.791423616760316E-5
7	0.0014725502129769796	9.673687530505705E-5	0.0	6.8074097436892E-5	1.791423616760316E-5
8	0.0016982695886887792	1.0390256977209831E-4	0.0	6.8074097436892E-5	2.149708340112379E-5
9	0.0019526517422687442	1.0748541700561894E-4	0.0	6.8074097436892E-5	2.507993063464442E-5
10	0.002586815702601896	1.146511114726602E-4	0.0	7.523979190393326E-5	2.507993063464442E-5
11	0.0031099113986959082	1.146511114726602E-4	0.0	7.523979190393326E-5	3.2245625101685685E-5
12	0.003557767302885987	1.1823395870618084E-4	0.0	8.240548637097452E-5	3.2245625101685685E-5
13	0.004467810500200228	1.3256534764026335E-4	0.0	8.957118083801579E-5	3.2245625101685685E-5
14	0.005180797099670833	1.3256534764026335E-4	0.0	8.957118083801579E-5	3.2245625101685685E-5
15	0.0060227661995481815	1.3973104210730463E-4	0.0	1.3973104210730463E-4	3.2245625101685685E-5
16	0.0067966612019886375	1.4331388934082527E-4	0.0	1.3973104210730463E-4	3.2245625101685685E-5
17	0.007817772663542017	1.5047958380786652E-4	0.0	1.5047958380786652E-4	3.582847233520632E-5
18	0.00890337537529877	1.5406243104138716E-4	0.0	1.576452782749078E-4	3.582847233520632E-5
19	0.009960315309187355	1.5406243104138716E-4	0.0	1.6481097274194905E-4	3.582847233520632E-5
20	0.010884689895435678	1.612281255084284E-4	0.0	1.7555951444251093E-4	3.582847233520632E-5
21	0.011920132745923141	1.6839381997546968E-4	0.0	1.7914236167603157E-4	3.582847233520632E-5
22	0.013012901152146934	1.7197666720899032E-4	0.0	1.8630805614307282E-4	3.582847233520632E-5
23	0.014059092544334958	1.7914236167603157E-4	0.0	1.8630805614307282E-4	3.582847233520632E-5
24	0.015012129908451445	1.7914236167603157E-4	0.0	1.934737506101141E-4	3.582847233520632E-5
25	0.015889927480664	1.827252089095522E-4	0.0	2.04222292310676E-4	3.582847233520632E-5
26	0.01686087908094809	1.827252089095522E-4	0.0	2.0780513954419663E-4	3.582847233520632E-5
27	0.017720762416993042	1.827252089095522E-4	0.0	2.0780513954419663E-4	3.582847233520632E-5
28	0.018641554156007847	1.8630805614307282E-4	0.0	2.1138798677771726E-4	3.941131956872695E-5
29	0.019361706449945493	1.8989090337659346E-4	0.0	2.1138798677771726E-4	3.941131956872695E-5
30	0.020106938674517783	1.9705659784363474E-4	0.0	2.1497083401123788E-4	4.299416680224758E-5
31	0.020712439856982772	1.9705659784363474E-4	0.0	2.1497083401123788E-4	4.299416680224758E-5
32	0.02140392937305225	1.9705659784363474E-4	0.0	2.1855368124475851E-4	4.299416680224758E-5
33	0.02206675611125357	1.9705659784363474E-4	0.0	2.1855368124475851E-4	4.299416680224758E-5
34	0.02270808576605376	1.9705659784363474E-4	0.0	2.293022229453204E-4	4.299416680224758E-5
35	0.02331000410128523	2.04222292310676E-4	0.0	2.293022229453204E-4	4.299416680224758E-5
36	0.023926253825450775	2.1497083401123788E-4	0.0	2.4005076464588232E-4	4.299416680224758E-5
37	0.024495926535580557	2.257193757117998E-4	0.0	2.4363361187940293E-4	4.299416680224758E-5
38	0.02514083903761427	2.257193757117998E-4	0.0	2.507993063464442E-4	4.299416680224758E-5
39	0.02575708876177982	2.293022229453204E-4	0.0	2.615478480470061E-4	5.015986126928884E-5
40	0.026287350152340874	2.3288507017884104E-4	0.0	2.651306952805267E-4	5.374270850280947E-5
41	0.026849857168003612	2.3288507017884104E-4	0.0	2.7587923698108865E-4	5.374270850280947E-5
42	0.027437444114300994	2.3646791741236168E-4	0.0	2.9021062591517115E-4	5.374270850280947E-5
43	0.028021448213364858	2.4005076464588232E-4	0.0	2.9379347314869176E-4	5.374270850280947E-5
44	0.028555292451159432	2.472164591129236E-4	0.0	2.9379347314869176E-4	6.090840296985073E-5
45	0.02911063377235513	2.543821535799648E-4	0.0	3.081248620827743E-4	6.090840296985073E-5
46	0.02979137474672405	2.651306952805267E-4	0.0	3.081248620827743E-4	6.090840296985073E-5
47	0.03039687592918904	2.72296389747568E-4	0.0	3.152905565498156E-4	6.090840296985073E-5
48	0.030930720166983613	2.7946208421460926E-4	0.0	3.188734037833362E-4	6.449125020337137E-5
49	0.03156488412731676	2.8662777868165054E-4	0.0	3.296219454838981E-4	6.8074097436892E-5
50	0.032195465240416395	2.973763203822124E-4	0.0	3.3678763995093937E-4	6.8074097436892E-5
51	0.03289412045095292	3.0454201484925365E-4	0.0	3.3678763995093937E-4	6.8074097436892E-5
52	0.033607107050423524	3.188734037833362E-4	0.0	3.4037048718446E-4	6.8074097436892E-5
53	0.03438816774733102	3.332047927174187E-4	0.0	3.4753618165150126E-4	7.165694467041263E-5
54	0.03534120511144751	3.3678763995093937E-4	0.0	3.5111902888502187E-4	7.523979190393326E-5
55	0.03620108844749246	3.3678763995093937E-4	0.0	3.654504178191044E-4	7.523979190393326E-5
56	0.03713262872820782	3.3678763995093937E-4	0.0	3.833646539867076E-4	8.240548637097452E-5
57	0.03806416900892319	3.5111902888502187E-4	0.0	3.941131956872695E-4	8.240548637097452E-5
58	0.039185600193015147	3.5470187611854253E-4	0.0	3.976960429207901E-4	8.598833360449516E-5
59	0.04046467665538201	3.5470187611854253E-4	0.0	4.0486173738783136E-4	8.957118083801579E-5
60	0.041904981243257304	3.6903326505262503E-4	0.0	4.08444584621352E-4	8.957118083801579E-5
61	0.04363907930428129	3.7261611228614564E-4	0.0	4.1561027908839325E-4	8.957118083801579E-5
62	0.045702799310789174	3.905303484537488E-4	0.0	4.2994166802247575E-4	8.957118083801579E-5
63	0.04809614126278096	4.012788901543107E-4	0.0	4.406902097230377E-4	8.957118083801579E-5
64	0.05062563140964652	4.08444584621352E-4	0.0	4.514387514235996E-4	8.957118083801579E-5
65	0.05324827558458362	4.1202743185487264E-4	0.0	4.657701403576821E-4	9.673687530505705E-5
>>END_MODULE
