##FastQC	0.11.7
>>Basic Statistics	pass
#Measure	Value
Filename	SRR1084917_1_val_1.fq.gz
File type	Conventional base calls
Encoding	Sanger / Illumina 1.9
Total Sequences	26683526
Sequences flagged as poor quality	0
Sequence length	20-76
%GC	49
>>END_MODULE
>>Per base sequence quality	pass
#Base	Mean	Median	Lower Quartile	Upper Quartile	10th Percentile	90th Percentile
1	32.46627117420689	34.0	31.0	34.0	30.0	34.0
2	32.67617075794256	34.0	31.0	34.0	31.0	34.0
3	32.5193783235394	34.0	31.0	34.0	30.0	34.0
4	35.98809819961575	37.0	37.0	37.0	35.0	37.0
5	35.92816758924589	37.0	37.0	37.0	35.0	37.0
6	35.922153841287695	37.0	37.0	37.0	35.0	37.0
7	35.90846089830857	37.0	37.0	37.0	35.0	37.0
8	35.92781733568495	37.0	37.0	37.0	35.0	37.0
9	37.738994014509174	39.0	39.0	39.0	35.0	39.0
10-11	37.78165696692409	39.0	39.0	39.0	35.0	39.0
12-13	37.74826121180537	39.0	39.0	39.0	35.0	39.0
14-15	39.289386511362856	41.0	40.0	41.0	36.0	41.0
16-17	39.2808968724748	41.0	40.0	41.0	36.0	41.0
18-19	39.2763911148774	41.0	40.0	41.0	36.0	41.0
20-21	39.26986600585995	41.0	40.0	41.0	36.0	41.0
22-23	39.242503407553755	41.0	40.0	41.0	36.0	41.0
24-25	39.219668448462116	41.0	39.5	41.0	36.0	41.0
26-27	39.15794403295773	41.0	39.0	41.0	35.0	41.0
28-29	39.14161842619417	41.0	39.0	41.0	35.0	41.0
30-31	39.09615502365325	41.0	39.0	41.0	35.0	41.0
32-33	39.056557339540234	41.0	39.0	41.0	35.0	41.0
34-35	39.01209118118898	41.0	39.0	41.0	35.0	41.0
36-37	38.94783731210177	41.0	39.0	41.0	35.0	41.0
38-39	38.890711075269266	41.0	39.0	41.0	35.0	41.0
40-41	38.82755899651472	41.0	39.0	41.0	35.0	41.0
42-43	38.73792070064519	41.0	38.0	41.0	34.0	41.0
44-45	38.64763310214683	41.0	38.0	41.0	34.0	41.0
46-47	38.545875688307575	40.5	38.0	41.0	34.0	41.0
48-49	38.41991455563678	40.0	37.5	41.0	34.0	41.0
50-51	38.28699489209944	40.0	37.0	41.0	33.5	41.0
52-53	38.13892758084321	40.0	37.0	41.0	33.0	41.0
54-55	37.9674346039074	40.0	36.0	41.0	33.0	41.0
56-57	37.7810344887422	39.5	35.5	41.0	33.0	41.0
58-59	37.587405313095985	39.0	35.0	41.0	33.0	41.0
60-61	37.35475352039809	39.0	35.0	41.0	33.0	41.0
62-63	37.102665508880605	38.5	35.0	41.0	33.0	41.0
64-65	36.85690213041477	37.0	35.0	40.5	33.0	41.0
66-67	36.60588663249594	37.0	35.0	40.0	32.5	41.0
68-69	36.36157586281484	36.5	35.0	39.5	32.0	41.0
70-71	36.127339604416804	36.0	35.0	39.0	32.0	41.0
72-73	35.931963054438555	35.5	35.0	39.0	32.5	41.0
74-75	35.77965950864074	35.0	35.0	37.5	33.0	40.0
76	34.83392382698919	35.0	34.0	37.0	30.0	39.0
>>END_MODULE
>>Per sequence quality scores	pass
#Quality	Count
13	1.0
14	2.0
15	10.0
16	27.0
17	47.0
18	171.0
19	1145.0
20	14345.0
21	40753.0
22	71638.0
23	102371.0
24	131397.0
25	156210.0
26	175850.0
27	186889.0
28	200152.0
29	227423.0
30	271940.0
31	328511.0
32	403822.0
33	509902.0
34	675737.0
35	982585.0
36	1612076.0
37	3036987.0
38	5480120.0
39	8657927.0
40	3415488.0
>>END_MODULE
>>Per base sequence content	fail
#Base	G	A	T	C
1	26.95211133948151	12.969951233874616	16.5271238394012	43.55081358724268
2	22.94067464709972	21.75086148904674	34.354793631118056	20.95367023273548
3	26.757398143717616	24.275719168005455	24.240672111245505	24.726210577031427
4	26.57039910937826	31.665749884028937	18.754238414886697	23.009612591706105
5	27.31465491906887	31.835739559618215	20.36155660825271	20.488048913060204
6	21.502818181350314	33.150917922945176	21.283417807335862	24.062846088368644
7	19.22725873860725	14.972756476031158	40.466202379647626	25.33378240571397
8	21.259262398149684	20.34874792332345	26.384776608507703	32.00721307001916
9	21.398443631946172	20.27954373132038	29.48181354272725	28.840199094006202
10-11	25.89993047208609	29.4588082296279	20.05361624907695	24.587645049209062
12-13	23.212005208064426	22.973153310284424	27.787918754945924	26.026922726705227
14-15	23.821178477543224	24.602068586924865	26.540087940425988	25.036664995105923
16-17	24.774272687402892	24.912284013981708	25.258566910608227	25.054876388007173
18-19	24.685734962289246	25.294924986689054	25.02566943695772	24.99367061406398
20-21	24.587687907431345	25.314586377115216	25.344345714614107	24.75338000083933
22-23	24.636211443325674	25.545325792469654	25.35044676186311	24.46801600234156
24-25	24.60074952023125	25.606087541183598	25.351213007477597	24.44194993110755
26-27	24.472614224757695	25.563120074522754	25.404774828972826	24.559490871746725
28-29	24.604580174390094	25.333799463453598	25.356740923272202	24.704879438884106
30-31	24.299755378781725	25.516931247381397	25.552610510802907	24.630702863033964
32-33	24.3531134025188	25.56288477358159	25.504495261260658	24.579506562638958
34-35	24.78091232775676	25.53242248588615	25.179790564171277	24.50687462218581
36-37	24.585046255336085	25.473103628251824	25.324245514062167	24.61760460234992
38-39	24.456551786426566	25.46615597025233	25.49505789549165	24.582234347829456
40-41	24.58867163512731	25.397052168231525	25.432034854761522	24.582241341879644
42-43	24.350303531630065	25.467973193301184	25.603237342545953	24.5784859325228
44-45	24.456402825402055	25.51451844162555	25.574631927152375	24.454446805820023
46-47	24.58869872010591	25.407647638287393	25.408120116480106	24.59553352512659
48-49	24.446561255408312	25.405585802165763	25.469649964209946	24.67820297821598
50-51	24.438486481616216	25.49430760636383	25.462610904213445	24.60459500780651
52-53	24.54946743564782	25.498241912658198	25.36656277773894	24.585727873955037
54-55	24.434469429113935	25.48171246871383	25.463029827520735	24.620788274651503
56-57	24.437858833438284	25.40936983243914	25.54603160379681	24.606739730325767
58-59	24.54032887434424	25.442426689794324	25.421713066797242	24.59553136906419
60-61	24.40173402128323	25.452489148068167	25.54267336355033	24.60310346709827
62-63	24.324754986266672	25.5760348628137	25.647046561266247	24.45216358965338
64-65	24.48408117348654	25.500556924401003	25.507777886297934	24.507584015814523
66-67	24.41443073352138	25.534818917687247	25.476013510677188	24.574736838114184
68-69	24.455913504688034	25.534819772828815	25.516288269350557	24.492978453132594
70-71	24.48152726367671	25.44347093658062	25.528119825373928	24.546881974368738
72-73	24.44675250098945	25.040613070579738	25.769243124014018	24.743391304416797
74-75	24.90793972342512	18.11947630916427	28.98750257274442	27.98508139466619
76	25.74376555418701	0.0	37.44751114947861	36.808723296334385
>>END_MODULE
>>Per sequence GC content	pass
#GC Content	Count
0	1411.0
1	1292.5
2	1198.5
3	1234.5
4	1275.5
5	1397.5
6	1631.5
7	1901.0
8	2190.5
9	2530.0
10	2914.5
11	3440.5
12	4001.5
13	4806.0
14	6123.0
15	7949.0
16	10014.5
17	12621.5
18	17660.0
19	25036.0
20	33170.5
21	43291.0
22	60690.0
23	85097.0
24	108691.0
25	134162.0
26	174449.0
27	223568.0
28	265783.5
29	307802.5
30	365015.0
31	427680.0
32	480031.5
33	529960.0
34	594217.5
35	659397.0
36	706494.5
37	748248.0
38	800541.5
39	865284.5
40	918380.5
41	963786.0
42	1000565.5
43	1028672.0
44	1057639.0
45	1077453.0
46	1089121.0
47	1097498.5
48	1102732.0
49	1101875.5
50	1101142.5
51	1094955.5
52	1079100.0
53	1058520.5
54	1043272.0
55	1033367.5
56	1026086.5
57	1006046.5
58	979409.5
59	944993.0
60	905309.5
61	859046.5
62	808447.0
63	749493.5
64	682409.0
65	618830.0
66	533923.5
67	460809.5
68	410025.0
69	352602.5
70	285686.0
71	232740.0
72	198323.0
73	161787.5
74	124543.5
75	98492.5
76	81207.0
77	63819.0
78	46336.0
79	34215.0
80	27240.0
81	20157.0
82	13497.0
83	9079.5
84	6224.0
85	3940.0
86	2452.5
87	1759.0
88	1326.5
89	960.5
90	738.0
91	643.0
92	621.5
93	532.5
94	354.5
95	206.0
96	121.0
97	104.5
98	72.0
99	34.0
100	29.0
>>END_MODULE
>>Per base N content	pass
#Base	N-Count
1	0.25991692402270977
2	0.15689080970783248
3	0.09399807206888625
4	0.16212250210110912
5	0.1499352072136194
6	0.23872032504250001
7	0.29070370984704197
8	0.24011069601521182
9	0.23209451404585738
10-11	0.14822254000464555
12-13	0.1939436339860032
14-15	0.17517737348504842
16-17	0.15420563234409124
18-19	0.1571044246551224
20-21	0.14703178425932872
22-23	0.14335300551497923
24-25	0.13493627849571888
26-27	0.14150876080830174
28-29	0.1351870399636199
30-31	0.13738312786545526
32-33	0.12484130394557734
34-35	0.12066799841769246
36-37	0.11879192149317536
38-39	0.11353246427541737
40-41	0.10282990731346282
42-43	0.10254841094883163
44-45	0.09595749239872599
46-47	0.0873056113102845
48-49	0.08200398155356523
50-51	0.07606098862860561
52-53	0.0660740305585109
54-55	0.06000564128545257
56-57	0.05331393982335428
58-59	0.048954472206856885
60-61	0.04998436549820347
62-63	0.04420957874718964
64-65	0.03571788416400582
66-67	0.029367961097681788
68-69	0.023090608900288398
70-71	0.014750932552590147
72-73	0.007484760581344825
74-75	2.5127797120724515E-5
76	0.0
>>END_MODULE
>>Sequence Length Distribution	warn
#Length	Count
20-21	16155.0
22-23	17021.0
24-25	17872.0
26-27	19370.0
28-29	20799.0
30-31	21346.0
32-33	22755.0
34-35	24200.0
36-37	25260.0
38-39	27180.0
40-41	28530.0
42-43	29833.0
44-45	31492.0
46-47	33814.0
48-49	36315.0
50-51	39097.0
52-53	42200.0
54-55	45769.0
56-57	49802.0
58-59	55809.0
60-61	60296.0
62-63	66755.0
64-65	75594.0
66-67	90292.0
68-69	116937.0
70-71	243512.0
72-73	1655019.0
74-75	1.4080587E7
76-77	9689915.0
>>END_MODULE
>>Sequence Duplication Levels	pass
#Total Deduplicated Percentage	83.55044673772221
#Duplication Level	Percentage of deduplicated	Percentage of total
1	91.59183626768328	76.52538837693245
2	6.154516945150685	10.284252804444423
3	1.2371655510654693	3.1009720344012073
4	0.3850435962535978	1.2868225792194896
5	0.17891169911311047	0.747407619375266
6	0.10143942257217795	0.5085185443633231
7	0.05710257384323328	0.33396618881331386
8	0.03810720569972524	0.2547099248110655
9	0.031583977954629236	0.23749699210772784
>10	0.19032461872906228	3.124667126418473
>50	0.02061558146843251	1.1979148732364269
>100	0.01260369659179677	1.9318174893356566
>500	6.401625978143475E-4	0.34410309234223263
>1k	1.0870127697228255E-4	0.1219623541989535
>5k	0.0	0.0
>10k+	0.0	0.0
>>END_MODULE
>>Overrepresented sequences	pass
>>END_MODULE
>>Adapter Content	pass
#Position	Illumina Universal Adapter	Illumina Small RNA 3' Adapter	Illumina Small RNA 5' Adapter	Nextera Transposase Sequence	SOLID Small RNA Adapter
1	0.0	1.4990522616838569E-5	0.0	3.7476306542096423E-6	0.0
2	0.0	7.120498242998321E-5	0.0	6.370972112156392E-5	3.7476306542096423E-6
3	0.0	7.120498242998321E-5	0.0	7.495261308419285E-5	3.7476306542096423E-6
4	0.0	7.495261308419285E-5	0.0	8.244787439261213E-5	3.7476306542096423E-6
5	0.0	7.495261308419285E-5	0.0	8.244787439261213E-5	3.7476306542096423E-6
6	0.0	8.619550504682177E-5	3.7476306542096423E-6	8.619550504682177E-5	3.7476306542096423E-6
7	0.0	1.1617655028049891E-4	3.7476306542096423E-6	8.994313570103141E-5	3.7476306542096423E-6
8	0.0	1.1992418093470855E-4	3.7476306542096423E-6	9.74383970094507E-5	3.7476306542096423E-6
9	0.0	1.1992418093470855E-4	3.7476306542096423E-6	1.0868128897207962E-4	3.7476306542096423E-6
10	0.0	1.2741944224312784E-4	3.7476306542096423E-6	1.0868128897207962E-4	3.7476306542096423E-6
11	0.0	1.2741944224312784E-4	3.7476306542096423E-6	1.0868128897207962E-4	7.4952613084192846E-6
12	0.0	1.3116707289733749E-4	3.7476306542096423E-6	1.0868128897207962E-4	7.4952613084192846E-6
13	0.0	1.3491470355154713E-4	3.7476306542096423E-6	1.236718115889182E-4	1.1242891962628927E-5
14	0.0	1.4240996485996642E-4	3.7476306542096423E-6	1.236718115889182E-4	1.1242891962628927E-5
15	0.0	1.499052261683857E-4	3.7476306542096423E-6	1.611481181310146E-4	1.1242891962628927E-5
16	0.0	1.5365285682259532E-4	3.7476306542096423E-6	1.7613864074785319E-4	1.4990522616838569E-5
17	0.0	1.5365285682259532E-4	3.7476306542096423E-6	1.948767940189014E-4	1.4990522616838569E-5
18	0.0	1.5365285682259532E-4	3.7476306542096423E-6	1.9862442467311105E-4	1.4990522616838569E-5
19	0.0	1.611481181310146E-4	3.7476306542096423E-6	2.023720553273207E-4	1.4990522616838569E-5
20	0.0	1.6489574878522425E-4	3.7476306542096423E-6	2.023720553273207E-4	1.8738153271048213E-5
21	0.0	1.7239101009364354E-4	3.7476306542096423E-6	2.023720553273207E-4	1.8738153271048213E-5
22	0.0	1.7239101009364354E-4	3.7476306542096423E-6	2.023720553273207E-4	1.8738153271048213E-5
23	0.0	1.7988627140206283E-4	3.7476306542096423E-6	2.0611968598153034E-4	1.8738153271048213E-5
24	0.0	1.8363390205627247E-4	3.7476306542096423E-6	2.211102085983689E-4	1.8738153271048213E-5
25	0.0	1.8363390205627247E-4	3.7476306542096423E-6	2.211102085983689E-4	1.8738153271048213E-5
26	0.0	1.8363390205627247E-4	3.7476306542096423E-6	2.2860546990678817E-4	2.9981045233677138E-5
27	0.0	1.8363390205627247E-4	3.7476306542096423E-6	2.3235310056099782E-4	3.372867588788678E-5
28	0.0	1.8363390205627247E-4	3.7476306542096423E-6	2.3235310056099782E-4	3.372867588788678E-5
29	0.0	1.8363390205627247E-4	3.7476306542096423E-6	2.4359599252362675E-4	3.372867588788678E-5
30	0.0	1.9112916336469176E-4	3.7476306542096423E-6	2.4359599252362675E-4	3.372867588788678E-5
31	0.0	1.9862442467311105E-4	3.7476306542096423E-6	2.4359599252362675E-4	3.372867588788678E-5
32	0.0	2.0611968598153034E-4	3.7476306542096423E-6	2.473436231778364E-4	3.372867588788678E-5
33	0.0	2.0611968598153034E-4	3.7476306542096423E-6	2.548388844862557E-4	3.372867588788678E-5
34	0.0	2.0611968598153034E-4	3.7476306542096423E-6	2.660817764488846E-4	3.372867588788678E-5
35	0.0	2.0986731663573998E-4	3.7476306542096423E-6	2.660817764488846E-4	3.372867588788678E-5
36	0.0	2.1736257794415924E-4	3.7476306542096423E-6	2.6982940710309426E-4	3.372867588788678E-5
37	0.0	2.211102085983689E-4	3.7476306542096423E-6	2.735770377573039E-4	3.372867588788678E-5
38	0.0	2.211102085983689E-4	3.7476306542096423E-6	2.9606282168256177E-4	3.372867588788678E-5
39	0.0	2.211102085983689E-4	3.7476306542096423E-6	3.0355808299098105E-4	3.372867588788678E-5
40	0.0	2.211102085983689E-4	3.7476306542096423E-6	3.0730571364519064E-4	3.372867588788678E-5
41	0.0	2.3235310056099782E-4	3.7476306542096423E-6	3.110533442994003E-4	3.372867588788678E-5
42	0.0	2.3610073121520746E-4	3.7476306542096423E-6	3.5977254280412566E-4	3.7476306542096426E-5
43	0.0	2.473436231778364E-4	3.7476306542096423E-6	3.6726780411254495E-4	3.7476306542096426E-5
44	0.0	2.548388844862557E-4	3.7476306542096423E-6	3.7476306542096424E-4	3.7476306542096426E-5
45	0.0	2.810722990657232E-4	3.7476306542096423E-6	3.8600595738359317E-4	3.7476306542096426E-5
46	0.0	2.8481992971993283E-4	3.7476306542096423E-6	3.8600595738359317E-4	4.1223937196306063E-5
47	0.0	2.8481992971993283E-4	3.7476306542096423E-6	4.0099648000043174E-4	4.497156785051571E-5
48	0.0	2.9606282168256177E-4	3.7476306542096423E-6	4.0849174130885103E-4	4.497156785051571E-5
49	0.0	2.998104523367714E-4	3.7476306542096423E-6	4.122393719630607E-4	4.497156785051571E-5
50	0.0	2.998104523367714E-4	3.7476306542096423E-6	4.122393719630607E-4	4.497156785051571E-5
51	0.0	3.0730571364519064E-4	3.7476306542096423E-6	4.1973463327147996E-4	4.497156785051571E-5
52	0.0	3.3353912822465815E-4	3.7476306542096423E-6	4.3097752523410884E-4	4.871919850472535E-5
53	0.0	3.56024912149916E-4	3.7476306542096423E-6	4.347251558883185E-4	5.2466829158934995E-5
54	0.0	3.5977254280412566E-4	3.7476306542096423E-6	4.3847278654252813E-4	5.2466829158934995E-5
55	0.0	3.6726780411254495E-4	3.7476306542096423E-6	4.422204171967378E-4	5.621445981314463E-5
56	0.0	3.7476306542096424E-4	3.7476306542096423E-6	4.534633091593667E-4	5.621445981314463E-5
57	0.0	3.9350121869201246E-4	3.7476306542096423E-6	4.6470620112199564E-4	5.621445981314463E-5
58	0.0	3.972488493462221E-4	3.7476306542096423E-6	4.684538317762053E-4	5.9962090467354277E-5
59	0.0	4.0099648000043174E-4	3.7476306542096423E-6	4.909396157014631E-4	5.9962090467354277E-5
60	0.0	4.0849174130885103E-4	3.7476306542096423E-6	5.171730302809307E-4	5.9962090467354277E-5
61	0.0	4.159870026172703E-4	3.7476306542096423E-6	5.246682915893499E-4	6.370972112156392E-5
62	0.0	4.234822639256896E-4	3.7476306542096423E-6	5.246682915893499E-4	6.370972112156392E-5
63	0.0	4.459680478509474E-4	3.7476306542096423E-6	5.471540755146078E-4	6.370972112156392E-5
64	0.0	4.459680478509474E-4	3.7476306542096423E-6	5.583969674772367E-4	6.370972112156392E-5
65	0.0	4.60958570467786E-4	7.4952613084192846E-6	5.621445981314464E-4	6.745735177577356E-5
>>END_MODULE
