##FastQC	0.11.7
>>Basic Statistics	pass
#Measure	Value
Filename	SRR614755_1_val_1.fq.gz
File type	Conventional base calls
Encoding	Sanger / Illumina 1.9
Total Sequences	48629508
Sequences flagged as poor quality	0
Sequence length	20-76
%GC	49
>>END_MODULE
>>Per base sequence quality	pass
#Base	Mean	Median	Lower Quartile	Upper Quartile	10th Percentile	90th Percentile
1	32.12644937719707	34.0	31.0	34.0	30.0	34.0
2	32.344023427092864	34.0	31.0	34.0	30.0	34.0
3	32.45679390792932	34.0	31.0	34.0	30.0	34.0
4	35.8957972184296	37.0	35.0	37.0	35.0	37.0
5	35.74289538360125	37.0	35.0	37.0	33.0	37.0
6	35.68932829836567	37.0	35.0	37.0	33.0	37.0
7	35.6545427726721	37.0	35.0	37.0	33.0	37.0
8	35.62567420998789	37.0	35.0	37.0	33.0	37.0
9	37.333130390708455	39.0	37.0	39.0	34.0	39.0
10-11	37.391727590581425	39.0	37.0	39.0	34.0	39.0
12-13	37.24172643284814	39.0	37.0	39.0	33.5	39.0
14-15	38.58061998077381	40.0	38.0	41.0	33.5	41.0
16-17	38.56547159597008	40.0	38.0	41.0	33.0	41.0
18-19	38.583396967536665	40.0	38.0	41.0	34.0	41.0
20-21	38.53155452815102	40.0	38.0	41.0	34.0	41.0
22-23	38.46072815364325	40.0	38.0	41.0	33.5	41.0
24-25	38.36731510935974	40.0	38.0	41.0	33.0	41.0
26-27	38.231591894713446	40.0	38.0	41.0	33.0	41.0
28-29	38.15187377952242	40.0	38.0	41.0	33.0	41.0
30-31	38.073845681061925	40.0	38.0	41.0	33.0	41.0
32-33	37.916913039963156	40.0	38.0	41.0	32.0	41.0
34-35	37.929175337446864	40.0	38.0	41.0	32.0	41.0
36-37	38.01521224403802	40.0	38.0	41.0	33.0	41.0
38-39	38.030050607205396	40.0	38.0	41.0	33.0	41.0
40-41	38.0092348610966	40.0	37.5	41.0	33.0	41.0
42-43	37.99986584241947	40.0	37.0	41.0	33.0	41.0
44-45	37.89873133684318	40.0	37.0	41.0	32.5	41.0
46-47	37.78035319870402	40.0	37.0	41.0	32.0	41.0
48-49	37.7141017460488	40.0	36.5	41.0	32.0	41.0
50-51	37.55117461663599	40.0	36.0	41.0	32.0	41.0
52-53	37.35982214191883	39.0	35.5	41.0	32.0	41.0
54-55	37.2235401764123	39.0	35.0	41.0	31.5	41.0
56-57	37.00197303972797	39.0	35.0	41.0	31.0	41.0
58-59	36.77660938650053	38.5	35.0	40.5	31.0	41.0
60-61	36.557480714457654	38.0	35.0	40.0	31.0	41.0
62-63	36.285346182579794	37.0	35.0	40.0	31.0	41.0
64-65	36.04449537037516	37.0	35.0	40.0	31.0	41.0
66-67	35.8481587746664	36.0	34.5	39.0	31.0	41.0
68-69	35.5839646023652	36.0	34.0	39.0	31.0	41.0
70-71	35.349776783166526	35.0	34.0	38.5	31.0	40.0
72-73	35.18788994744715	35.0	34.0	37.5	31.0	40.0
74-75	35.09116728542686	35.0	34.0	37.0	31.0	39.0
76	32.84805583735996	34.0	31.0	35.0	27.0	37.0
>>END_MODULE
>>Per sequence quality scores	pass
#Quality	Count
9	1.0
10	0.0
11	3.0
12	2.0
13	4.0
14	10.0
15	33.0
16	50.0
17	103.0
18	283.0
19	2349.0
20	23983.0
21	73352.0
22	136225.0
23	200849.0
24	266998.0
25	334463.0
26	403761.0
27	478533.0
28	562633.0
29	661141.0
30	783686.0
31	946385.0
32	1165419.0
33	1479054.0
34	1974037.0
35	2766615.0
36	4101045.0
37	6592300.0
38	1.0242367E7
39	1.3484495E7
40	1949329.0
>>END_MODULE
>>Per base sequence content	fail
#Base	G	A	T	C
1	28.90045367887683	12.785503665926957	19.256336561954605	39.057706093241606
2	20.357998083577165	22.8491873689816	35.551109753260505	21.241704794180723
3	28.015274067030354	23.568979047255546	23.345506824119347	25.070240061594752
4	28.72447043426157	30.98223354815471	17.126419262007406	23.166876755576315
5	27.362920835986042	30.17258534553211	20.387642980812203	22.076850837669642
6	21.231455822848233	33.33668256041487	21.001298939389716	24.43056267734718
7	18.219607137983402	14.88303108886072	41.144554191082314	25.752807582073554
8	21.468148302457124	19.600551413147855	26.135876844894334	32.79542343950069
9	22.59480533047734	19.439626187135932	27.946274888674193	30.019293593712533
10-11	25.955997383539835	29.587990811850695	19.952397617217716	24.503614187391747
12-13	22.80128630876741	22.531029111176775	28.43237396442812	26.2353106156277
14-15	24.02565527075634	23.89019972687819	26.58209782268593	25.502047179679536
16-17	24.426374280671425	24.384003119810505	25.516133311235222	25.67348928828284
18-19	24.466339264031546	24.290419864873254	25.497220362444757	25.746020508650446
20-21	24.462836753271418	24.44252614613889	25.77144866673307	25.323188433856625
22-23	24.680441715870234	24.84338133128052	25.609119462504992	24.86705749034426
24-25	24.867641931224735	24.843903053545326	25.08210638447011	25.206348630759834
26-27	24.511020255441448	25.187809359722362	25.44813198574679	24.8530383990894
28-29	24.865669746637582	25.052271906372077	25.33808362940131	24.74397471758903
30-31	24.152603957659633	25.41168810281858	25.385856459758482	25.0498514797633
32-33	24.31415039551793	25.15602231269111	25.8330469227188	24.69678036907216
34-35	24.544811859529723	25.26430037853271	25.321258848935113	24.869628913002458
36-37	24.50707671461142	25.172749065271976	25.547815521534744	24.772358698581858
38-39	24.691552374131057	25.079537920448924	25.46707437777221	24.76183532764781
40-41	24.875315508358344	24.964514963963094	25.395699088581438	24.764470439097124
42-43	24.51017840681928	25.143957875159572	25.482078600451715	24.863785117569435
44-45	24.74446056529893	24.99261265925246	25.296086843701172	24.96683993174744
46-47	24.729225262418304	24.941059075104025	25.369004829407032	24.96071083307064
48-49	24.538500106204125	24.939704796542298	25.654568901669684	24.867226195583893
50-51	24.616850315436462	24.913874646327784	25.687875616003808	24.781399422231942
52-53	24.557621665841168	25.039570251995634	25.327117174247842	25.075690907915355
54-55	24.73015613638457	24.888898956666328	25.427940237931267	24.953004669017837
56-57	24.407034241825336	25.029366043610512	25.668963538886096	24.894636175678052
58-59	24.6952849721853	25.300377688736464	25.38422350511761	24.620113833960623
60-61	24.596757693814844	25.57615242293487	25.094418020689346	24.73267186256094
62-63	24.40313796759633	25.531156175137127	25.294426194978335	24.771279662288208
64-65	24.5603272677003	25.382120438267087	25.272549703458342	24.785002590574273
66-67	24.493970268272648	25.76137164305015	25.0743259979843	24.670332090692902
68-69	24.452392962708636	25.419417527596238	25.456072847259076	24.67211666243605
70-71	24.420735098737712	25.414500579068665	25.342716921992142	24.822047400201484
72-73	24.52979524893974	25.232792528784735	25.389927393462486	24.847484828813034
74-75	24.763899607074993	21.814054388252373	26.940517742186003	26.481528262486627
76	25.675807777517324	0.0	37.580443279504046	36.74374894297864
>>END_MODULE
>>Per sequence GC content	pass
#GC Content	Count
0	6854.0
1	5472.5
2	3675.0
3	3310.5
4	3453.0
5	3743.0
6	4217.5
7	4711.0
8	5219.0
9	5925.5
10	6780.5
11	7751.5
12	8590.5
13	9665.5
14	11821.0
15	14679.5
16	18053.0
17	21743.5
18	29543.0
19	43477.0
20	59775.5
21	74422.0
22	99171.5
23	141546.5
24	186482.5
25	222779.0
26	278157.5
27	357646.0
28	430266.5
29	486071.5
30	561902.0
31	664926.0
32	758413.5
33	826119.5
34	909102.5
35	1024161.0
36	1134018.5
37	1215206.5
38	1303227.5
39	1425323.0
40	1533128.0
41	1646274.5
42	1747058.0
43	1884538.0
44	2039216.5
45	2168384.5
46	2290657.0
47	2405192.0
48	2515172.0
49	2565715.0
50	2498691.5
51	2298787.0
52	2138531.0
53	2096281.0
54	2055582.0
55	1999406.0
56	1990247.0
57	1933829.0
58	1845141.5
59	1771665.0
60	1692739.5
61	1608270.5
62	1535443.0
63	1448289.0
64	1302320.5
65	1152197.0
66	990719.5
67	877051.5
68	783202.0
69	650156.5
70	516069.0
71	427667.0
72	363686.5
73	281394.5
74	210270.5
75	169075.5
76	138570.0
77	101713.0
78	72728.0
79	55498.0
80	43485.5
81	30641.5
82	22044.5
83	16241.5
84	11632.0
85	7863.0
86	5733.0
87	4716.0
88	3676.5
89	2654.0
90	2016.5
91	1605.0
92	1369.5
93	964.0
94	516.0
95	346.0
96	298.5
97	290.5
98	171.0
99	51.5
100	50.0
>>END_MODULE
>>Per base N content	pass
#Base	N-Count
1	0.09464418188232544
2	7.505730882574424E-4
3	0.004088052875221357
4	0.0018301645165729418
5	0.003222323367943595
6	0.0028233886306232013
7	0.003175026981560249
8	0.0035431162495002007
9	0.0040469255827141
10-11	0.005635467255806906
12-13	0.006654395927674202
14-15	0.005866808276160228
16-17	0.0018784890852689686
18-19	0.004369774828896069
20-21	0.0038607489077233585
22-23	0.0024418020759174206
24-25	0.0020270409537317615
26-27	0.007342982835226044
28-29	0.005224944666673035
30-31	0.003991956338094656
32-33	0.0034201161549906496
34-35	0.003737465721461272
36-37	0.005289906534396359
38-39	0.004523288985750305
40-41	0.001992761194794663
42-43	0.003081456521938142
44-45	6.45692352531103E-4
46-47	9.810370845941688E-4
48-49	0.0010517470413460622
50-51	0.0033117976362763047
52-53	0.0031217186510543427
54-55	0.0043872502656738714
56-57	0.0032659672154348404
58-59	0.0013413935166392433
60-61	7.232558162367331E-4
62-63	9.258349859213916E-4
64-65	0.0016335993788623643
66-67	5.84386597943393E-4
68-69	6.602813194812474E-4
70-71	7.378473458431126E-4
72-73	1.3397802803485694E-4
74-75	0.0
76	0.0
>>END_MODULE
>>Sequence Length Distribution	warn
#Length	Count
20-21	95011.0
22-23	143525.0
24-25	99319.0
26-27	97396.0
28-29	131165.0
30-31	113223.0
32-33	124094.0
34-35	103131.0
36-37	142642.0
38-39	128081.0
40-41	117335.0
42-43	144400.0
44-45	120672.0
46-47	114366.0
48-49	132975.0
50-51	140061.0
52-53	152821.0
54-55	184655.0
56-57	205765.0
58-59	252766.0
60-61	201009.0
62-63	205737.0
64-65	236391.0
66-67	269211.0
68-69	291819.0
70-71	429442.0
72-73	1568959.0
74-75	1.4071296E7
76-77	2.8612241E7
>>END_MODULE
>>Sequence Duplication Levels	warn
#Total Deduplicated Percentage	53.11218426564368
#Duplication Level	Percentage of deduplicated	Percentage of total
1	87.72825345269563	46.59439162682662
2	7.955078656322109	8.45023206884538
3	2.047994773309425	3.26320427325256
4	0.7801190519530943	1.6573530734588802
5	0.3817121334225799	1.0136782583386017
6	0.23112499106135825	0.7365331868187666
7	0.13989433477524182	0.5201065580411602
8	0.10004116004590584	0.42507236212055216
9	0.06447189105036717	0.30818186616794446
>10	0.40105572951607893	4.19121630577125
>50	0.06516626935986429	2.46410076315286
>100	0.08312454743145858	9.655575307862271
>500	0.013937526582064614	5.152017905639025
>1k	0.006911625476624504	6.594389697633525
>5k	5.712087170665407E-4	2.1515810756727847
>10k+	5.426482812132137E-4	6.8223656703977245
>>END_MODULE
>>Overrepresented sequences	warn
#Sequence	Count	Percentage	Possible Source
CTCGTATGCCGTCTTCTGCTTG	53529	0.11007514203104832	Illumina Single End Adapter 1 (100% over 22bp)
>>END_MODULE
>>Adapter Content	pass
#Position	Illumina Universal Adapter	Illumina Small RNA 3' Adapter	Illumina Small RNA 5' Adapter	Nextera Transposase Sequence	SOLID Small RNA Adapter
1	3.084546938044284E-5	1.2338187752177135E-5	0.0	1.2338187752177135E-5	0.0
2	3.084546938044284E-5	6.580366801161139E-5	0.0	6.374730338624854E-5	0.0
3	3.084546938044284E-5	6.99163972623371E-5	0.0	6.99163972623371E-5	0.0
4	3.084546938044284E-5	6.99163972623371E-5	0.0	8.84236788906028E-5	0.0
5	3.084546938044284E-5	7.402912651306281E-5	0.0	9.048004351596565E-5	0.0
6	3.084546938044284E-5	7.814185576378852E-5	0.0	1.0487459589350564E-4	0.0
7	3.084546938044284E-5	1.1926914827104564E-4	0.0	1.1310005439495707E-4	0.0
8	3.7014563256531404E-5	1.3777642989931134E-4	0.0	1.439455237753999E-4	0.0
9	3.907092788189426E-5	1.398327945246742E-4	0.0	1.6039644077830276E-4	0.0
10	4.318365713261997E-5	1.439455237753999E-4	0.0	1.6450917002902847E-4	0.0
11	4.318365713261997E-5	1.439455237753999E-4	0.0	1.686218992797542E-4	4.112729250725712E-6
12	4.318365713261997E-5	1.4600188840076277E-4	0.0	1.7890372240656846E-4	4.112729250725712E-6
13	4.318365713261997E-5	1.6450917002902847E-4	0.0	1.9124191015874558E-4	4.112729250725712E-6
14	4.318365713261997E-5	1.6656553465439132E-4	0.0	1.9329827478410845E-4	4.112729250725712E-6
15	4.5240021757982826E-5	1.7479099315584275E-4	0.0	2.4470739041817987E-4	4.112729250725712E-6
16	4.5240021757982826E-5	1.768473577812056E-4	0.0	2.5498921354499414E-4	4.112729250725712E-6
17	4.7296386383345684E-5	1.8301645165729418E-4	0.0	2.652710366718084E-4	6.169093876088568E-6
18	4.935275100870854E-5	1.8301645165729418E-4	0.0	2.7349649517325984E-4	8.225458501451424E-6
19	5.7578209510159963E-5	1.9124191015874558E-4	0.0	2.940601414268884E-4	8.225458501451424E-6
20	5.7578209510159963E-5	1.9329827478410845E-4	0.0	2.981728706776141E-4	8.225458501451424E-6
21	5.7578209510159963E-5	2.0152373328555988E-4	0.0	3.125674230551541E-4	1.028182312681428E-5
22	5.7578209510159963E-5	2.0152373328555988E-4	0.0	3.1462378768051693E-4	1.028182312681428E-5
23	6.169093876088568E-5	2.0769282716164844E-4	0.0	3.1462378768051693E-4	1.028182312681428E-5
24	6.374730338624854E-5	2.1180555641237415E-4	0.0	3.2284924618196836E-4	1.028182312681428E-5
25	6.580366801161139E-5	2.1180555641237415E-4	0.0	3.310747046834198E-4	1.028182312681428E-5
26	6.786003263697424E-5	2.241437441645513E-4	0.0	3.351874339341455E-4	1.4394552377539991E-5
27	6.786003263697424E-5	2.2620010878991414E-4	0.0	3.393001631848712E-4	1.4394552377539991E-5
28	6.786003263697424E-5	2.3442556729136557E-4	0.0	3.4135652781023407E-4	1.4394552377539991E-5
29	7.197276188769995E-5	2.3853829654209128E-4	0.0	3.4752562168632265E-4	1.4394552377539991E-5
30	7.197276188769995E-5	2.4059466116745413E-4	0.0	3.578074448131369E-4	1.4394552377539991E-5
31	7.402912651306281E-5	2.508764842942684E-4	0.0	3.578074448131369E-4	1.4394552377539991E-5
32	7.402912651306281E-5	2.57045578170357E-4	0.0	3.6397653868922546E-4	1.6450917002902848E-5
33	7.402912651306281E-5	2.57045578170357E-4	0.0	3.6603290331458835E-4	1.6450917002902848E-5
34	7.402912651306281E-5	2.5910194279571983E-4	0.0	3.742583618160398E-4	1.6450917002902848E-5
35	7.402912651306281E-5	2.6732740129717126E-4	0.0	3.7837109106676547E-4	1.6450917002902848E-5
36	7.402912651306281E-5	2.878910475507998E-4	0.0	3.8454018494285406E-4	1.6450917002902848E-5
37	7.402912651306281E-5	3.022855999283398E-4	0.0	3.927656434443055E-4	1.6450917002902848E-5
38	7.608549113842567E-5	3.0434196455370266E-4	0.0	3.98934737320394E-4	1.6450917002902848E-5
39	7.814185576378852E-5	3.1051105842979125E-4	0.0	4.0304746657111976E-4	1.6450917002902848E-5
40	7.814185576378852E-5	3.1462378768051693E-4	0.0	4.112729250725712E-4	1.6450917002902848E-5
41	8.225458501451424E-5	3.2284924618196836E-4	0.0	4.1332928969793403E-4	1.8507281628265702E-5
42	8.225458501451424E-5	3.249056108073312E-4	0.0	4.667947699573683E-4	1.8507281628265702E-5
43	8.225458501451424E-5	3.2901834005805695E-4	0.0	4.729638638334568E-4	1.8507281628265702E-5
44	8.43109496398771E-5	3.372437985595084E-4	0.0	4.791329577095454E-4	1.8507281628265702E-5
45	8.43109496398771E-5	3.5986380943849977E-4	0.0	4.8118932233490825E-4	2.056364625362856E-5
46	8.43109496398771E-5	3.6397653868922546E-4	0.0	4.955838747124483E-4	2.2620010878991413E-5
47	8.636731426523994E-5	3.742583618160398E-4	0.0	5.017529685885368E-4	2.2620010878991413E-5
48	8.636731426523994E-5	3.927656434443055E-4	0.0	5.079220624646254E-4	2.6732740129717124E-5
49	8.636731426523994E-5	3.9687837269503117E-4	0.0	5.182038855914397E-4	2.6732740129717124E-5
50	8.636731426523994E-5	4.0099110194575686E-4	0.0	5.28485708718254E-4	2.8789104755079982E-5
51	8.636731426523994E-5	4.112729250725712E-4	0.0	5.305420733436168E-4	2.8789104755079982E-5
52	8.636731426523994E-5	4.338929359515626E-4	0.0	5.387675318450682E-4	3.084546938044284E-5
53	8.84236788906028E-5	4.5651294683055397E-4	0.0	5.511057195972454E-4	3.084546938044284E-5
54	8.84236788906028E-5	4.5856931145591686E-4	0.0	5.531620842226082E-4	3.084546938044284E-5
55	8.84236788906028E-5	4.6268204070664255E-4	0.0	5.655002719747854E-4	3.7014563256531404E-5
56	8.84236788906028E-5	4.667947699573683E-4	0.0	6.210221168595825E-4	4.112729250725712E-5
57	8.84236788906028E-5	4.729638638334568E-4	0.0	6.436421277385739E-4	4.112729250725712E-5
58	8.84236788906028E-5	4.85302051585634E-4	0.0	6.621494093668396E-4	4.112729250725712E-5
59	8.84236788906028E-5	4.8735841621099684E-4	0.0	6.971076079980081E-4	4.112729250725712E-5
60	8.84236788906028E-5	4.894147808363597E-4	0.0	7.176712542516367E-4	4.112729250725712E-5
61	8.84236788906028E-5	4.935275100870854E-4	0.0	7.300094420038139E-4	4.112729250725712E-5
62	8.84236788906028E-5	4.99696603963174E-4	0.0	7.464603590067166E-4	4.112729250725712E-5
63	8.84236788906028E-5	5.079220624646254E-4	0.0	7.71136734511071E-4	4.112729250725712E-5
64	8.84236788906028E-5	5.161475209660768E-4	0.0	7.773058283871595E-4	4.112729250725712E-5
65	9.048004351596565E-5	5.346548025943425E-4	0.0	7.793621930125223E-4	4.318365713261997E-5
>>END_MODULE
