##FastQC	0.11.7
>>Basic Statistics	pass
#Measure	Value
Filename	SRR815711_1.fastq.gz
File type	Conventional base calls
Encoding	Sanger / Illumina 1.9
Total Sequences	60563423
Sequences flagged as poor quality	0
Sequence length	76
%GC	49
>>END_MODULE
>>Per base sequence quality	pass
#Base	Mean	Median	Lower Quartile	Upper Quartile	10th Percentile	90th Percentile
1	30.35600413470685	31.0	30.0	34.0	26.0	34.0
2	30.54822456121742	31.0	31.0	34.0	27.0	34.0
3	29.61288195351838	31.0	30.0	34.0	22.0	34.0
4	33.733909805593385	37.0	35.0	37.0	28.0	37.0
5	33.600074866970445	37.0	35.0	37.0	28.0	37.0
6	33.583282982535515	37.0	35.0	37.0	28.0	37.0
7	33.55233308064506	37.0	35.0	37.0	28.0	37.0
8	33.50324468945555	37.0	35.0	37.0	28.0	37.0
9	34.902599758933704	39.0	35.0	39.0	27.0	39.0
10-11	34.8920079946604	39.0	35.0	39.0	27.0	39.0
12-13	34.74572958004702	39.0	35.0	39.0	27.0	39.0
14-15	35.79613477263331	40.0	36.0	41.0	27.0	41.0
16-17	35.70062794337103	40.0	36.0	41.0	27.0	41.0
18-19	35.611219786900094	39.5	36.0	41.0	27.0	41.0
20-21	35.489158332414604	39.0	35.0	41.0	26.5	41.0
22-23	35.343835775266534	39.0	35.0	41.0	25.5	41.0
24-25	35.17406228838816	39.0	34.5	41.0	25.0	41.0
26-27	34.97348923788538	39.0	34.0	41.0	24.5	41.0
28-29	34.83676204200017	39.0	34.0	41.0	24.0	41.0
30-31	34.65575043537417	39.0	34.0	40.0	24.0	41.0
32-33	34.391302849576384	38.0	34.0	40.0	21.5	41.0
34-35	34.40966111674368	38.0	34.0	40.0	22.0	41.0
36-37	34.29651901445531	38.0	33.5	40.5	20.5	41.0
38-39	34.34256949941551	39.0	34.0	41.0	20.5	41.0
40-41	34.303513970800495	39.0	33.5	41.0	20.5	41.0
42-43	34.16650811662346	38.5	33.0	41.0	19.0	41.0
44-45	34.00905405396257	38.0	33.0	41.0	18.5	41.0
46-47	33.797371401877335	38.0	33.0	40.0	17.0	41.0
48-49	33.58664572179151	38.0	33.0	40.0	15.0	41.0
50-51	32.64054094993937	37.0	31.5	39.5	12.5	40.5
52-53	32.62076651446864	37.0	31.5	39.5	10.0	40.5
54-55	32.89682587789002	37.0	32.0	40.0	8.5	41.0
56-57	32.701450188837576	37.0	32.0	40.0	7.5	41.0
58-59	32.39305019136715	37.0	31.5	40.0	2.0	41.0
60-61	32.037028463533176	36.0	31.0	40.0	2.0	41.0
62-63	31.630674004340868	36.0	31.0	39.0	2.0	41.0
64-65	31.18732994996006	35.0	30.5	39.0	2.0	41.0
66-67	30.726326705477	35.0	30.0	38.5	2.0	40.0
68-69	30.227045786365146	35.0	30.0	37.5	2.0	40.0
70-71	29.684328493123648	35.0	29.0	37.0	2.0	39.5
72-73	29.069089688011854	34.5	29.0	36.5	2.0	39.0
74-75	28.353409846071614	34.0	28.5	36.0	2.0	39.0
76	26.129103221262774	32.0	23.0	35.0	2.0	37.0
>>END_MODULE
>>Per sequence quality scores	pass
#Quality	Count
2	1559731.0
3	560807.0
4	312137.0
5	218267.0
6	179023.0
7	167750.0
8	165991.0
9	166771.0
10	177080.0
11	192544.0
12	208368.0
13	225024.0
14	240321.0
15	249476.0
16	252387.0
17	256656.0
18	268066.0
19	286070.0
20	307733.0
21	340924.0
22	385141.0
23	442178.0
24	513436.0
25	600410.0
26	704559.0
27	826952.0
28	969302.0
29	1137068.0
30	1343976.0
31	1605329.0
32	1941897.0
33	2402933.0
34	3067152.0
35	3994822.0
36	5432628.0
37	7617443.0
38	1.0205724E7
39	1.020092E7
40	836427.0
>>END_MODULE
>>Per base sequence content	fail
#Base	G	A	T	C
1	31.945377794356933	12.490469152999916	16.535251606000593	39.028901446642564
2	24.41437047473198	21.188963945841095	31.11025913816802	23.28640644125891
3	27.970275923090178	23.217647194032025	23.305840627909507	25.50623625496829
4	28.385017787503912	30.04625013902752	19.38065059969533	22.188081473773238
5	28.530509137607297	30.499720355679173	20.893118074633577	20.07665243207995
6	23.014887019889734	33.297090961713394	21.295275341773127	22.39274667662374
7	20.172828799949162	16.79494721486148	39.02386162201982	24.008362363169535
8	22.550543106095414	21.679511370483443	26.357340819490748	29.412604703930395
9	22.656348019194876	20.724641206756115	28.843303703909957	27.775707070139056
10-11	26.48550206794803	29.087783273272727	20.32500688611351	24.101707772665733
12-13	24.186504952316458	22.878365784702247	26.96172650974798	25.973402753233323
14-15	24.386843389563925	24.559076942770737	26.393559370972262	24.660520296693072
16-17	25.096440387685238	24.717201506884567	25.293458215391556	24.892899890038635
18-19	24.990750689516954	24.910619457258704	25.202062145686405	24.896567707537933
20-21	24.890596303255048	25.094543431082567	25.378116299339244	24.636743966323145
22-23	25.070363888331865	25.27517367926619	25.05047455754873	24.60398787485322
24-25	25.013844225422417	25.16995221605628	25.065512590588895	24.750690967932414
26-27	24.989615732147826	25.368942542433437	24.977053075111	24.664388650307735
28-29	25.14721727001237	25.063315809383628	25.011840528885436	24.777626391718567
30-31	24.678719813408833	25.160436045556807	25.342136839469383	24.81870730156498
32-33	24.889722386434716	25.21571924575242	25.100808209331483	24.793750158481377
34-35	25.13660936744567	25.170196024937795	24.95416283719621	24.739031770420326
36-37	25.214220911056433	25.146930865743585	25.00159613385519	24.637252089344795
38-39	24.721135670323076	25.27921401420657	25.11771921200907	24.881931103461284
40-41	25.002754653345384	25.0350500481603	25.109274796646307	24.85292050184801
42-43	24.839977220815655	25.092136879547343	25.305304896178754	24.762581003458244
44-45	24.77719255434521	25.205574213284365	25.340242799811836	24.67699043255859
46-47	25.091717466588282	25.02319824232224	25.157927146859038	24.727157144230436
48-49	24.878168069327806	25.054508110318096	25.268044781928868	24.79927903842523
50-51	24.974507912843453	25.09726898768725	25.272227840973972	24.655995258495324
52-53	24.876643220947603	25.141303622502342	25.173263720733868	24.808789435816188
54-55	24.884616559112754	25.09688209010284	25.25514646802236	24.763354882762048
56-57	24.840495025168593	25.057521886804917	25.28763007745506	24.814353010571427
58-59	24.918743993508684	25.02800686240278	25.209944018479092	24.843305125609444
60-61	24.943991762450516	25.019491125981823	25.251409222076184	24.78510788949148
62-63	24.705412607494363	25.126399971143165	25.43427885677692	24.733908564585548
64-65	24.929620315731416	25.06572518191309	25.274216994245833	24.730437508109667
66-67	24.82025547701412	25.14580378946506	25.218069873453846	24.815870860066973
68-69	24.808499109765364	25.232439513065046	25.225428705787138	24.73363267138245
70-71	24.953959873601413	25.211971177596993	25.0949910703828	24.739077878418794
72-73	24.784816199214447	25.314582916340868	25.195055464405126	24.705545420039563
74-75	24.91807732891148	25.42071758188011	25.193048326561122	24.46815676264729
76	25.303604454008887	24.866210912203336	25.164771075203323	24.665413558584458
>>END_MODULE
>>Per sequence GC content	pass
#GC Content	Count
0	879.0
1	535.0
2	207.0
3	287.0
4	351.0
5	414.0
6	593.5
7	810.0
8	910.0
9	1016.5
10	1294.5
11	1734.0
12	2002.0
13	2393.0
14	3505.0
15	5564.0
16	8595.5
17	10289.0
18	13938.5
19	23097.5
20	37753.0
21	46899.0
22	59896.5
23	93212.5
24	137803.0
25	162075.0
26	199135.5
27	279131.0
28	374936.0
29	427806.0
30	504306.0
31	645916.5
32	811969.0
33	912911.0
34	976872.5
35	1125028.5
36	1289853.5
37	1370484.0
38	1455833.5
39	1702266.5
40	1967172.5
41	2262401.5
42	2453808.0
43	2563679.0
44	2678425.0
45	2709447.0
46	2735594.0
47	2787826.0
48	2843102.0
49	2848941.5
50	2851737.0
51	2908236.5
52	2900495.5
53	2817446.5
54	2798638.0
55	2781869.0
56	2663741.0
57	2434794.5
58	2307207.0
59	2191109.5
60	1991629.0
61	1767329.5
62	1626413.0
63	1506484.5
64	1265062.5
65	1060136.5
66	890221.0
67	803738.0
68	729948.0
69	580244.0
70	443672.0
71	383014.0
72	335035.5
73	248556.0
74	182023.0
75	153991.0
76	132714.5
77	95825.0
78	68904.0
79	57596.0
80	49165.0
81	35088.0
82	24419.5
83	19397.0
84	15688.5
85	9493.0
86	5694.0
87	4382.0
88	3442.5
89	2058.0
90	1363.0
91	904.0
92	695.0
93	545.5
94	320.5
95	198.0
96	151.0
97	124.5
98	70.0
99	30.0
100	18.0
>>END_MODULE
>>Per base N content	pass
#Base	N-Count
1	0.26128972267634215
2	0.005508275184511946
3	0.005546251901911158
4	0.1334039524153052
5	0.007187506558207583
6	0.025607865658451967
7	0.016850104393868227
8	0.016612337119716634
9	0.02058007850712137
10-11	0.023164146451893908
12-13	0.021250450127298783
14-15	0.02208346116764239
16-17	0.02157242664437907
18-19	0.04371945753462449
20-21	0.08206273281482125
22-23	0.07604012078379388
24-25	0.06752673143986594
26-27	0.07064742691310562
28-29	0.06316518800464763
30-31	0.06335672275326974
32-33	0.1437724218461034
34-35	0.06503760528859143
36-37	0.08258202314621484
38-39	0.014600396678371364
40-41	0.01123037579959772
42-43	0.01343715331281721
44-45	0.019501869965308928
46-47	0.017079615859889558
48-49	0.02908768878535812
50-51	0.03404117366351635
52-53	0.034250045609212014
54-55	0.022769518823267304
56-57	0.018941300593264022
58-59	0.019393718878802476
60-61	0.031708907866716846
62-63	0.02681073690303139
64-65	0.023978994714350936
66-67	0.017854010662508295
68-69	0.01141943380578076
70-71	0.007985017623591058
72-73	0.0054100310677618075
74-75	0.008916272780684804
76	0.17987919870381172
>>END_MODULE
>>Sequence Length Distribution	pass
#Length	Count
76	6.0563423E7
>>END_MODULE
>>Sequence Duplication Levels	warn
#Total Deduplicated Percentage	62.31996343273003
#Duplication Level	Percentage of deduplicated	Percentage of total
1	86.8933700659617	54.15191645057412
2	8.507122144649172	10.603270819446085
3	2.237044053541193	4.182375108422799
4	0.893183230643663	2.22652585089763
5	0.4602227698579816	1.4340533094229573
6	0.26082490821875465	0.9752759245522775
7	0.15785241136202546	0.6886149552694781
8	0.10780683019552566	0.5374814172466956
9	0.07774263525351727	0.4360426367546939
>10	0.33102270846475884	3.574576979051631
>50	0.022539413631646726	0.9891506505358371
>100	0.032188592826145696	4.638354766321432
>500	0.009923683014349923	4.442719904471056
>1k	0.008937963480319834	10.189575871332675
>5k	1.9430124361567922E-4	0.708352378170195
>10k+	2.4287655451959902E-5	0.22171297753022534
>>END_MODULE
>>Overrepresented sequences	pass
>>END_MODULE
>>Adapter Content	pass
#Position	Illumina Universal Adapter	Illumina Small RNA 3' Adapter	Illumina Small RNA 5' Adapter	Nextera Transposase Sequence	SOLID Small RNA Adapter
1	6.274414179000417E-5	1.6511616260527415E-6	0.0	4.9534848781582246E-6	1.6511616260527415E-6
2	1.304417684581666E-4	1.4860454634474673E-5	0.0	1.9813939512632898E-5	1.6511616260527415E-6
3	3.186741938281791E-4	1.6511616260527416E-5	0.0	2.1465101138685638E-5	8.255808130263708E-6
4	7.644878328624193E-4	1.6511616260527416E-5	0.0	2.476742439079112E-5	9.906969756316449E-6
5	9.263016722155879E-4	1.9813939512632898E-5	0.0	2.476742439079112E-5	1.155813138236919E-5
6	0.0011508596533587607	1.9813939512632898E-5	0.0	2.6418586016843863E-5	1.155813138236919E-5
7	0.001360557179867459	2.9720909268949346E-5	0.0	2.8069747642896603E-5	1.4860454634474673E-5
8	0.0016379523330443196	3.302323252105483E-5	0.0	2.9720909268949346E-5	1.6511616260527416E-5
9	0.00199955672914987	3.467439414710757E-5	0.0	3.302323252105483E-5	1.6511616260527416E-5
10	0.0025576493587556965	3.632555577316031E-5	0.0	3.302323252105483E-5	1.6511616260527416E-5
11	0.0029968583512857256	3.632555577316031E-5	0.0	3.797671739921305E-5	1.8162777886580155E-5
12	0.00350541613210997	4.2930202277371276E-5	0.0	3.797671739921305E-5	2.311626276473838E-5
13	0.004326043460258182	4.2930202277371276E-5	0.0	3.797671739921305E-5	2.311626276473838E-5
14	0.004917159322385064	4.2930202277371276E-5	0.0	3.797671739921305E-5	2.311626276473838E-5
15	0.005617251851831427	4.458136390342402E-5	0.0	4.78836871555295E-5	2.311626276473838E-5
16	0.00639660013932832	4.953484878158224E-5	0.0	4.953484878158224E-5	2.311626276473838E-5
17	0.007142925194304159	5.118601040763499E-5	0.0	5.2837172033687726E-5	2.311626276473838E-5
18	0.007803389844725256	5.6139495285793206E-5	0.0	5.2837172033687726E-5	3.1372070895002085E-5
19	0.008625668334499521	5.779065691184595E-5	0.0	5.944181853789869E-5	3.1372070895002085E-5
20	0.009327412025571937	5.779065691184595E-5	0.0	6.109298016395143E-5	3.797671739921305E-5
21	0.010048969656156984	5.779065691184595E-5	0.0	6.439530341605691E-5	3.797671739921305E-5
22	0.010593852992754388	5.779065691184595E-5	0.0	6.439530341605691E-5	4.2930202277371276E-5
23	0.011333573401226017	5.944181853789869E-5	0.0	6.934878829421514E-5	4.458136390342402E-5
24	0.011992386890021061	6.274414179000417E-5	0.0	7.265111154632062E-5	4.623252552947676E-5
25	0.012598363206782417	6.439530341605691E-5	0.0	7.265111154632062E-5	5.118601040763499E-5
26	0.013230758109560618	6.439530341605691E-5	0.0	7.430227317237336E-5	5.4488333659740466E-5
27	0.013854897204208553	6.439530341605691E-5	0.0	7.59534347984261E-5	5.6139495285793206E-5
28	0.014439408419831224	6.439530341605691E-5	0.0	7.59534347984261E-5	5.6139495285793206E-5
29	0.01499750104943705	6.439530341605691E-5	0.0	7.760459642447885E-5	5.779065691184595E-5
30	0.01550275650700919	6.439530341605691E-5	0.0	8.255808130263707E-5	5.779065691184595E-5
31	0.016006360802955276	6.604646504210966E-5	0.0	8.420924292868981E-5	5.944181853789869E-5
32	0.01658261621044768	6.604646504210966E-5	0.0	8.751156618079529E-5	6.274414179000417E-5
33	0.01710438328428035	6.76976266681624E-5	0.0	9.081388943290078E-5	6.274414179000417E-5
34	0.017616243388356698	6.76976266681624E-5	0.0	9.081388943290078E-5	6.274414179000417E-5
35	0.018144615108693574	7.099994992026788E-5	0.0	9.246505105895352E-5	6.439530341605691E-5
36	0.018608591525614396	7.265111154632062E-5	0.0	9.246505105895352E-5	6.76976266681624E-5
37	0.019169986478472328	7.430227317237336E-5	0.0	9.246505105895352E-5	6.76976266681624E-5
38	0.019714869815069733	7.430227317237336E-5	0.0	9.246505105895352E-5	6.934878829421514E-5
39	0.02019040436337292	7.430227317237336E-5	0.0	9.246505105895352E-5	6.934878829421514E-5
40	0.020717124922083746	7.925575805053159E-5	0.0	9.411621268500626E-5	6.934878829421514E-5
41	0.021238891995916415	7.925575805053159E-5	0.0	9.411621268500626E-5	7.265111154632062E-5
42	0.021757356746496974	8.090691967658433E-5	0.0	1.0072085918921723E-4	7.59534347984261E-5
43	0.022371588871388595	8.751156618079529E-5	0.0	1.0237202081526997E-4	7.925575805053159E-5
44	0.022903262914977577	9.081388943290078E-5	3.302323252105483E-6	1.0402318244132271E-4	8.090691967658433E-5
45	0.02343658812019261	9.5767374311059E-5	3.302323252105483E-6	1.0732550569342819E-4	8.090691967658433E-5
46	0.023973215648659753	9.741853593711174E-5	3.302323252105483E-6	1.1062782894553367E-4	8.255808130263707E-5
47	0.024561029187534528	1.0237202081526997E-4	3.302323252105483E-6	1.1393015219763916E-4	8.420924292868981E-5
48	0.02517030782754799	1.0402318244132271E-4	3.302323252105483E-6	1.1723247544974464E-4	8.916272780684804E-5
49	0.025885260811628827	1.0732550569342819E-4	3.302323252105483E-6	1.1723247544974464E-4	9.081388943290078E-5
50	0.02663488818985677	1.1227899057158641E-4	3.302323252105483E-6	1.2713944520606108E-4	1.0072085918921723E-4
51	0.02736139930531998	1.155813138236919E-4	3.302323252105483E-6	1.2713944520606108E-4	1.0237202081526997E-4
52	0.028215049865989245	1.2548828358000834E-4	3.302323252105483E-6	1.2713944520606108E-4	1.0402318244132271E-4
53	0.029098421335927462	1.2879060683211382E-4	3.302323252105483E-6	1.3374409171027207E-4	1.0402318244132271E-4
54	0.030028025331395154	1.3209293008421933E-4	3.302323252105483E-6	1.353952533363248E-4	1.0402318244132271E-4
55	0.03099560604426206	1.4199989984053576E-4	3.302323252105483E-6	1.3704641496237754E-4	1.0567434406737545E-4
56	0.0319830006966416	1.436510614665885E-4	3.302323252105483E-6	1.3704641496237754E-4	1.1062782894553367E-4
57	0.033110744087235626	1.4530222309264124E-4	3.302323252105483E-6	1.4034873821448302E-4	1.1227899057158641E-4
58	0.03430618510449781	1.4695338471869398E-4	3.302323252105483E-6	1.4034873821448302E-4	1.155813138236919E-4
59	0.0357493003656679	1.4695338471869398E-4	3.302323252105483E-6	1.4695338471869398E-4	1.155813138236919E-4
60	0.03745825264863249	1.519068695968522E-4	3.302323252105483E-6	1.5025570797079946E-4	1.1723247544974464E-4
61	0.03944129776152183	1.519068695968522E-4	3.302323252105483E-6	1.5025570797079946E-4	1.2053479870185012E-4
62	0.0417413659066133	1.552091928489577E-4	3.302323252105483E-6	1.5355803122290494E-4	1.2053479870185012E-4
63	0.044302317588621104	1.6181383935316867E-4	3.302323252105483E-6	1.552091928489577E-4	1.2548828358000834E-4
64	0.04713075745404945	1.6511616260527414E-4	4.9534848781582246E-6	1.5851151610106319E-4	1.304417684581666E-4
65	0.04994433686484332	1.6841848585737962E-4	6.604646504210966E-6	1.634650009792214E-4	1.3209293008421933E-4
>>END_MODULE
