##FastQC	0.11.7
>>Basic Statistics	pass
#Measure	Value
Filename	SRR655277_2_val_2.fq.gz
File type	Conventional base calls
Encoding	Sanger / Illumina 1.9
Total Sequences	45644642
Sequences flagged as poor quality	0
Sequence length	20-76
%GC	47
>>END_MODULE
>>Per base sequence quality	pass
#Base	Mean	Median	Lower Quartile	Upper Quartile	10th Percentile	90th Percentile
1	28.861657431774795	31.0	28.0	33.0	16.0	34.0
2	29.755552951866726	31.0	30.0	34.0	23.0	34.0
3	29.779862289203628	31.0	30.0	34.0	23.0	34.0
4	34.149654607872705	37.0	35.0	37.0	28.0	37.0
5	33.69106132982706	37.0	35.0	37.0	28.0	37.0
6	31.881800234077858	35.0	32.0	37.0	17.0	37.0
7	33.58231533506167	35.0	33.0	37.0	28.0	37.0
8	34.042370208534	36.0	35.0	37.0	28.0	37.0
9	35.24529111215288	38.0	35.0	39.0	28.0	39.0
10-11	35.67876499064228	39.0	35.0	39.0	28.5	39.0
12-13	36.02039940416227	39.0	35.0	39.0	30.0	39.0
14-15	37.355873905200085	40.0	37.0	41.0	31.0	41.0
16-17	35.962885216626304	39.0	35.0	41.0	25.5	41.0
18-19	35.047939591683075	38.5	33.5	40.5	21.5	41.0
20-21	35.88450637338769	39.0	34.5	41.0	26.0	41.0
22-23	35.96048508306851	39.0	34.5	41.0	26.0	41.0
24-25	36.40675455569646	39.0	35.5	41.0	28.0	41.0
26-27	36.969612607332174	39.0	36.0	41.0	30.0	41.0
28-29	37.06488196877534	40.0	36.0	41.0	30.0	41.0
30-31	37.1532516747931	40.0	36.0	41.0	30.0	41.0
32-33	36.89347240056093	39.5	36.0	41.0	30.0	41.0
34-35	36.747530262970514	39.0	35.5	41.0	30.0	41.0
36-37	36.40077635379447	39.0	35.0	41.0	28.5	41.0
38-39	36.55404817442679	39.0	35.0	41.0	29.5	41.0
40-41	35.954934778191415	38.5	34.5	40.5	27.0	41.0
42-43	36.038346929384886	38.5	34.5	40.0	27.5	41.0
44-45	36.272974781799	39.0	35.0	40.0	29.0	41.0
46-47	35.85092315921116	38.0	34.5	40.0	27.5	41.0
48-49	35.77040469298741	38.0	34.0	40.0	27.5	41.0
50-51	35.01518445864329	37.5	33.5	39.5	26.5	40.5
52-53	35.336712309821976	37.5	33.5	39.5	27.5	40.5
54-55	35.41522684175865	38.0	33.5	40.0	27.0	41.0
56-57	34.18757970194809	37.0	32.5	40.0	23.0	41.0
58-59	35.049692880024566	37.0	33.0	40.0	26.5	41.0
60-61	34.58694422229453	36.5	32.5	39.5	25.5	41.0
62-63	33.91824790201417	36.0	31.5	39.0	24.5	41.0
64-65	33.99091869858164	35.5	32.0	39.0	25.5	40.5
66-67	34.44016401630932	36.0	32.5	39.0	26.5	40.0
68-69	34.021197780461264	35.0	32.0	38.5	26.0	40.0
70-71	34.19243757376392	35.0	32.5	38.0	27.0	40.0
72-73	34.4984168316634	35.0	33.0	37.5	29.0	40.0
74-75	34.084433494858104	35.0	32.0	37.0	28.5	39.0
76	31.90149537810409	33.0	29.0	35.0	26.0	37.0
>>END_MODULE
>>Per sequence quality scores	pass
#Quality	Count
2	1.0
3	0.0
4	0.0
5	0.0
6	0.0
7	2.0
8	0.0
9	0.0
10	0.0
11	4.0
12	4.0
13	20.0
14	195.0
15	477.0
16	771.0
17	1392.0
18	7375.0
19	40945.0
20	173792.0
21	278793.0
22	375993.0
23	471990.0
24	568764.0
25	665550.0
26	769032.0
27	883833.0
28	1016105.0
29	1174689.0
30	1370455.0
31	1626819.0
32	1971368.0
33	2452845.0
34	3137024.0
35	4087107.0
36	5381584.0
37	6799267.0
38	7394766.0
39	4888125.0
40	105555.0
>>END_MODULE
>>Per base sequence content	fail
#Base	G	A	T	C
1	24.702646879694793	15.683932480885424	18.008298330750275	41.60512230866951
2	22.297420078387567	21.735927478204015	33.70812727780474	22.258525165603675
3	25.64221182971036	24.40277784086843	26.52185573245736	23.43315459696385
4	26.04146108446801	30.155526414898027	20.71858833667872	23.084424163955237
5	26.01018269076876	32.42081327263283	21.36124640359089	20.207757633007528
6	20.291488973637048	33.59664215355016	20.215320015435985	25.89654885737681
7	19.092666586904965	16.713908701968652	40.89024143217812	23.303183278948264
8	20.506483957645635	22.83515989088857	26.80481678890224	29.85353936256356
9	20.250699992404066	22.325536508807513	29.56983951530581	27.85392398348262
10-11	24.705037187019986	30.659470886212258	20.613595011977882	24.02189691478987
12-13	22.698600992811265	24.07582068018919	28.362014507446908	24.86356381955264
14-15	22.716621893214022	25.957718361694237	27.559452557814506	23.766207187277235
16-17	23.01251707094768	26.044312556004606	26.374249582255903	24.56892079079181
18-19	22.749235943798425	26.683871171336616	25.48329485841566	25.083598026449295
20-21	23.28492295788196	26.720556651087534	26.05146109310985	23.94305929792066
22-23	23.44865732909669	26.613866511693253	26.074240272029826	23.863235887180238
24-25	23.212720829420956	26.71588674036603	26.79858511174419	23.27280731846883
26-27	23.163482056652406	26.851630688435158	26.42022630501434	23.564660949898094
28-29	23.327906497850893	26.778735889417682	26.406453820449556	23.486903792281876
30-31	23.100767644305975	26.925603512705326	26.510152773851964	23.46347606913674
32-33	23.32508775264348	26.68198910025045	26.58020407795587	23.412719069150192
34-35	23.655709895058695	26.651660994496513	26.371786480227204	23.32084263021759
36-37	23.060609771324415	26.700129770178204	26.36304505588901	23.876215402608363
38-39	23.317020193361913	26.616670689580975	26.696416761130042	23.36989235592707
40-41	23.360482650477525	26.47605661849996	26.2185265696868	23.944934161335713
42-43	23.341111491128625	26.6463542967633	26.688164586365666	23.324369625742413
44-45	23.08836117689019	26.683870736197395	26.735527130236175	23.492240956676238
46-47	23.383878616196803	26.61438752795001	26.43970876335551	23.562025092497674
48-49	23.017280665897335	26.645607808566368	26.566764522782822	23.770347002753475
50-51	23.319923547058437	26.660310780587615	26.6633359641986	23.356429708155353
52-53	23.17882547624276	26.770932920087194	26.714770350027617	23.335471253642435
54-55	23.06370447802321	26.68060303958316	26.87651537784198	23.379177104551648
56-57	23.010398318624077	26.354455276469622	27.50896817048468	23.12617823442162
58-59	22.98149643934423	26.854011395435695	26.752636062776304	23.41185610244377
60-61	22.93593523145164	26.846147369793165	26.94805991372885	23.269857485026343
62-63	22.833534119377216	26.96389120175866	27.169965486169932	23.03260919269419
64-65	22.87056503933507	26.883587594822572	27.05837391426612	23.18747345157624
66-67	22.74029544193705	27.00116569433415	26.915533434426408	23.34300542930239
68-69	22.831870636406816	26.876406816657056	26.97161353051461	23.320109016421522
70-71	22.76695094531891	26.70052640082891	27.124614856920864	23.407907796931312
72-73	22.56007602799926	26.241331133117374	27.482919301801456	23.715673537081912
74-75	22.00311348603913	23.048964391957757	29.757286100824494	25.19063602117862
76	23.730948318787817	0.0	41.117037879605164	35.15201380160701
>>END_MODULE
>>Per sequence GC content	pass
#GC Content	Count
0	2829.0
1	2499.0
2	2439.5
3	2754.5
4	2886.0
5	3180.5
6	3712.0
7	4342.0
8	5026.0
9	5863.5
10	7003.5
11	8558.5
12	9983.0
13	11925.0
14	15314.5
15	20023.5
16	25865.0
17	32559.0
18	45359.5
19	66085.0
20	90143.0
21	113181.0
22	150585.0
23	210463.0
24	270633.0
25	322046.0
26	397130.5
27	502522.5
28	605109.5
29	688302.5
30	790218.5
31	919892.5
32	1035233.0
33	1122357.5
34	1229950.0
35	1363295.5
36	1465557.0
37	1538306.0
38	1620490.5
39	1732416.0
40	1830384.5
41	1910816.0
42	1968043.5
43	2010409.0
44	2060722.0
45	2092160.0
46	2100313.5
47	2092867.5
48	2075285.0
49	2029918.0
50	1985280.0
51	1950485.5
52	1893758.0
53	1833112.5
54	1791290.0
55	1732748.0
56	1663875.0
57	1583583.0
58	1503448.5
59	1416408.0
60	1307268.0
61	1201233.5
62	1117268.5
63	1033265.0
64	920272.5
65	810499.5
66	691288.0
67	603021.5
68	532000.5
69	442363.0
70	355934.5
71	294083.0
72	245591.5
73	190721.0
74	143778.0
75	113957.0
76	92584.5
77	70348.0
78	51904.0
79	39520.0
80	30398.5
81	22005.0
82	16219.5
83	11721.0
84	8234.0
85	5788.0
86	4304.5
87	3501.0
88	2670.0
89	1833.0
90	1367.0
91	1111.5
92	986.5
93	694.5
94	369.5
95	254.0
96	203.5
97	192.5
98	114.5
99	35.5
100	34.0
>>END_MODULE
>>Per base N content	pass
#Base	N-Count
1	0.19175963741812238
2	0.23344032362002096
3	0.16495473882783437
4	0.17069473345852948
5	0.169384612546638
6	0.09793263358271055
7	0.07400430482070601
8	0.05285395819294628
9	0.09045968637458039
10-11	0.08752944102398699
12-13	0.1138983629228596
14-15	0.0914148915879327
16-17	0.059810963135607464
18-19	0.02887962184039038
20-21	0.030213137982368708
22-23	0.020971213775911504
24-25	0.008577550146561645
26-27	0.004653332612736785
28-29	0.004563378212400078
30-31	0.0025755874107940327
32-33	0.004385306939354906
34-35	0.014733446262723554
36-37	0.02455044592569639
38-39	0.0162785088595536
40-41	0.010446325121494255
42-43	0.007239717551041132
44-45	0.02990527771753239
46-47	0.02435403498321222
48-49	0.007111851061469596
50-51	0.005433640950634455
52-53	0.003005841989392225
54-55	0.006717206072248634
56-57	0.015655494095126177
58-59	0.006041550476121187
60-61	0.005246718737866452
62-63	0.004287833155752245
64-65	0.003572744333349015
66-67	5.702727367022799E-4
68-69	8.682233249840802E-4
70-71	3.4988749705143057E-4
72-73	2.0639244542496429E-4
74-75	0.0
76	0.0
>>END_MODULE
>>Sequence Length Distribution	warn
#Length	Count
20-21	81973.0
22-23	71110.0
24-25	75825.0
26-27	78252.0
28-29	82146.0
30-31	95424.0
32-33	120565.0
34-35	124003.0
36-37	111574.0
38-39	126920.0
40-41	135289.0
42-43	130812.0
44-45	168630.0
46-47	156338.0
48-49	163269.0
50-51	151683.0
52-53	180872.0
54-55	211094.0
56-57	232984.0
58-59	293210.0
60-61	290260.0
62-63	284483.0
64-65	341148.0
66-67	459182.0
68-69	550040.0
70-71	1069765.0
72-73	3560023.0
74-75	1.4403506E7
76-77	2.1894262E7
>>END_MODULE
>>Sequence Duplication Levels	pass
#Total Deduplicated Percentage	75.35746318001975
#Duplication Level	Percentage of deduplicated	Percentage of total
1	88.98423922332324	67.05626530873651
2	6.446282497352622	9.71550991884512
3	1.9925334618534543	4.504568009597369
4	0.917061334904454	2.7642966311552852
5	0.46357546764904484	1.7466935617261665
6	0.3025755908531834	1.3680797368134892
7	0.19111261539802477	1.0081233314665747
8	0.12789903897651403	0.7710517696346053
9	0.09817463805805668	0.6658372505404595
>10	0.4374546024060372	5.559818625070259
>50	0.022296963787438236	1.156526669455956
>100	0.014556177080755149	2.203692974559227
>500	0.0016553321919757292	0.8391617163577055
>1k	5.830561651904722E-4	0.6403744960412863
>5k	0.0	0.0
>10k+	0.0	0.0
>>END_MODULE
>>Overrepresented sequences	pass
>>END_MODULE
>>Adapter Content	pass
#Position	Illumina Universal Adapter	Illumina Small RNA 3' Adapter	Illumina Small RNA 5' Adapter	Nextera Transposase Sequence	SOLID Small RNA Adapter
1	2.1908376453034728E-6	0.0	0.0	6.572512935910418E-6	0.0
2	2.1908376453034728E-6	4.81984281966764E-5	0.0	6.134345406849724E-5	0.0
3	2.1908376453034728E-6	4.81984281966764E-5	0.0	6.353429171380072E-5	4.3816752906069455E-6
4	2.1908376453034728E-6	5.0389265841979874E-5	0.0	7.229764229501461E-5	4.3816752906069455E-6
5	2.1908376453034728E-6	5.0389265841979874E-5	0.0	7.229764229501461E-5	4.3816752906069455E-6
6	2.1908376453034728E-6	5.0389265841979874E-5	0.0	7.667931758562155E-5	8.763350581213891E-6
7	2.1908376453034728E-6	8.325183052153197E-5	0.0	9.201518110274586E-5	8.763350581213891E-6
8	2.1908376453034728E-6	8.325183052153197E-5	0.0	1.1830523284638753E-4	8.763350581213891E-6
9	2.1908376453034728E-6	8.763350581213891E-5	0.0	1.3364109636351183E-4	1.3145025871820837E-5
10	2.1908376453034728E-6	8.763350581213891E-5	0.0	1.380227716541188E-4	1.3145025871820837E-5
11	2.1908376453034728E-6	9.63968563933528E-5	0.0	1.4240444694472572E-4	1.3145025871820837E-5
12	2.1908376453034728E-6	9.858769403865628E-5	0.0	1.5116779752593961E-4	1.3145025871820837E-5
13	2.1908376453034728E-6	9.858769403865628E-5	0.0	1.533586351712431E-4	1.3145025871820837E-5
14	2.1908376453034728E-6	1.0296936932926323E-4	0.0	1.6431282339776046E-4	1.3145025871820837E-5
15	2.1908376453034728E-6	1.0296936932926323E-4	0.0	2.1470208923974035E-4	1.3145025871820837E-5
16	2.1908376453034728E-6	1.0516020697456669E-4	0.0	2.2127460217565077E-4	1.3145025871820837E-5
17	2.1908376453034728E-6	1.0516020697456669E-4	0.0	2.3003795275686466E-4	1.3145025871820837E-5
18	2.1908376453034728E-6	1.0516020697456669E-4	0.0	2.3661046569277506E-4	1.9717538807731255E-5
19	2.1908376453034728E-6	1.0516020697456669E-4	0.0	2.585188421458098E-4	1.9717538807731255E-5
20	2.1908376453034728E-6	1.0735104461987017E-4	0.0	2.6947303037232716E-4	1.9717538807731255E-5
21	2.1908376453034728E-6	1.1392355755578058E-4	0.0	2.6947303037232716E-4	1.9717538807731255E-5
22	2.1908376453034728E-6	1.1611439520108406E-4	0.0	2.760455433082376E-4	1.9717538807731255E-5
23	2.1908376453034728E-6	1.1611439520108406E-4	0.0	2.8919056918005843E-4	1.9717538807731255E-5
24	2.1908376453034728E-6	1.2049607049169101E-4	0.0	3.0890810798778965E-4	2.1908376453034728E-5
25	2.1908376453034728E-6	1.292594210729049E-4	0.0	3.24243971504914E-4	2.40992140983382E-5
26	2.1908376453034728E-6	1.292594210729049E-4	0.0	3.5053402324855564E-4	2.6290051743641673E-5
27	2.1908376453034728E-6	1.3364109636351183E-4	0.0	3.5053402324855564E-4	2.8480889388945146E-5
28	2.1908376453034728E-6	1.3583193400881533E-4	0.0	3.5272486089385914E-4	3.067172703424862E-5
29	2.1908376453034728E-6	1.3583193400881533E-4	0.0	3.5929737382976956E-4	3.5053402324855564E-5
30	2.1908376453034728E-6	1.3583193400881533E-4	0.0	3.5929737382976956E-4	3.724423997015904E-5
31	2.1908376453034728E-6	1.3583193400881533E-4	0.0	3.61488211475073E-4	3.943507761546251E-5
32	2.1908376453034728E-6	1.3583193400881533E-4	0.0	3.702515620562869E-4	3.943507761546251E-5
33	2.1908376453034728E-6	1.3583193400881533E-4	0.0	3.702515620562869E-4	3.943507761546251E-5
34	2.1908376453034728E-6	1.3583193400881533E-4	0.0	3.724423997015904E-4	3.943507761546251E-5
35	2.1908376453034728E-6	1.3583193400881533E-4	0.0	3.7463323734689385E-4	4.162591526076598E-5
36	2.1908376453034728E-6	1.4021360929942226E-4	0.0	3.790149126375008E-4	4.162591526076598E-5
37	2.1908376453034728E-6	1.5116779752593961E-4	0.0	3.877782632187147E-4	4.3816752906069455E-5
38	2.1908376453034728E-6	1.5116779752593961E-4	0.0	4.0092328909053555E-4	4.3816752906069455E-5
39	2.1908376453034728E-6	1.533586351712431E-4	0.0	4.053049643811425E-4	4.3816752906069455E-5
40	2.1908376453034728E-6	1.533586351712431E-4	0.0	4.07495802026446E-4	4.600759055137293E-5
41	2.1908376453034728E-6	1.6650366104306393E-4	0.0	4.096866396717494E-4	4.81984281966764E-5
42	2.1908376453034728E-6	1.6650366104306393E-4	0.0	4.337858537700876E-4	4.81984281966764E-5
43	2.1908376453034728E-6	1.708853363336709E-4	0.0	4.359766914153911E-4	4.81984281966764E-5
44	2.1908376453034728E-6	1.7307617397897436E-4	0.0	4.359766914153911E-4	4.81984281966764E-5
45	2.1908376453034728E-6	1.840303622054917E-4	0.0	4.4035836670599805E-4	5.0389265841979874E-5
46	2.1908376453034728E-6	1.8841203749609867E-4	0.0	4.44740041996605E-4	5.0389265841979874E-5
47	2.1908376453034728E-6	1.9717538807731256E-4	0.0	4.5569423022312234E-4	5.0389265841979874E-5
48	2.1908376453034728E-6	2.015570633679195E-4	0.0	4.929384701932814E-4	5.0389265841979874E-5
49	2.1908376453034728E-6	2.03747901013223E-4	0.0	4.951293078385849E-4	5.2580103487283346E-5
50	2.1908376453034728E-6	2.1251125159443688E-4	0.0	5.126560090010126E-4	5.696177877789029E-5
51	2.1908376453034728E-6	2.2127460217565077E-4	0.0	5.258010348728335E-4	5.9152616423193765E-5
52	2.1908376453034728E-6	2.4318297862868548E-4	0.0	5.345643854540473E-4	6.134345406849724E-5
53	2.1908376453034728E-6	2.4756465391929244E-4	0.0	5.389460607446543E-4	6.134345406849724E-5
54	2.1908376453034728E-6	2.519463292098994E-4	0.0	5.389460607446543E-4	6.134345406849724E-5
55	2.1908376453034728E-6	2.607096797911133E-4	0.0	5.477094113258682E-4	6.353429171380072E-5
56	2.1908376453034728E-6	2.650913550817202E-4	0.0	5.65236112488296E-4	6.572512935910418E-5
57	2.1908376453034728E-6	2.7166386801763065E-4	0.0	5.739994630695099E-4	6.572512935910418E-5
58	2.1908376453034728E-6	2.760455433082376E-4	0.0	5.805719760054204E-4	6.791596700440766E-5
59	2.1908376453034728E-6	2.9138140682536187E-4	0.0	5.871444889413307E-4	7.010680464971113E-5
60	2.1908376453034728E-6	2.9138140682536187E-4	0.0	6.309612418474002E-4	7.010680464971113E-5
61	2.1908376453034728E-6	2.9576308211596886E-4	0.0	6.353429171380071E-4	7.010680464971113E-5
62	2.1908376453034728E-6	2.979539197612723E-4	0.0	6.44106267719221E-4	7.229764229501461E-5
63	2.1908376453034728E-6	3.1109894563309315E-4	0.0	6.638238065269522E-4	7.229764229501461E-5
64	2.1908376453034728E-6	3.1109894563309315E-4	0.0	6.660146441722557E-4	7.448847994031807E-5
65	4.3816752906069455E-6	3.1328978327839664E-4	0.0	6.682054818175592E-4	7.667931758562155E-5
>>END_MODULE
