##FastQC	0.11.7
>>Basic Statistics	pass
#Measure	Value
Filename	SRR614131_1_val_1.fq.gz
File type	Conventional base calls
Encoding	Sanger / Illumina 1.9
Total Sequences	44124427
Sequences flagged as poor quality	0
Sequence length	20-76
%GC	54
>>END_MODULE
>>Per base sequence quality	pass
#Base	Mean	Median	Lower Quartile	Upper Quartile	10th Percentile	90th Percentile
1	31.94896652142361	33.0	31.0	34.0	30.0	34.0
2	32.15445442498324	34.0	31.0	34.0	30.0	34.0
3	32.26607504727483	34.0	31.0	34.0	30.0	34.0
4	35.77969164336117	37.0	35.0	37.0	33.0	37.0
5	35.59909002331067	37.0	35.0	37.0	33.0	37.0
6	35.51619183632685	37.0	35.0	37.0	33.0	37.0
7	35.4756072413133	37.0	35.0	37.0	32.0	37.0
8	35.44836317081239	37.0	35.0	37.0	32.0	37.0
9	37.08077648237789	39.0	37.0	39.0	33.0	39.0
10-11	37.17260055297715	39.0	37.0	39.0	33.0	39.0
12-13	37.02680294295946	39.0	37.0	39.0	33.0	39.0
14-15	38.228995993534376	40.0	38.0	41.0	33.0	41.0
16-17	38.15760908351285	40.0	38.0	41.0	33.0	41.0
18-19	38.16775460902869	40.0	38.0	41.0	33.0	41.0
20-21	38.05136298990672	40.0	38.0	41.0	32.0	41.0
22-23	37.89349327701733	40.0	37.5	41.0	32.0	41.0
24-25	37.88939617598683	40.0	37.0	41.0	32.0	41.0
26-27	37.82751782002828	40.0	37.0	41.0	32.0	41.0
28-29	37.72798406980171	40.0	37.0	41.0	32.0	41.0
30-31	37.78412601108265	40.0	37.0	41.0	32.0	41.0
32-33	37.628755553562755	40.0	37.0	41.0	31.0	41.0
34-35	37.554229933856675	40.0	37.0	41.0	31.0	41.0
36-37	37.44767800573341	40.0	36.0	41.0	31.0	41.0
38-39	37.358216707889824	40.0	36.0	41.0	31.0	41.0
40-41	37.24796341018118	39.5	35.5	41.0	31.0	41.0
42-43	37.19876550666886	39.0	35.0	41.0	31.0	41.0
44-45	37.07889169632142	39.0	35.0	41.0	31.0	41.0
46-47	36.87739763048068	39.0	35.0	41.0	31.0	41.0
48-49	36.755639525668684	39.0	35.0	40.5	30.5	41.0
50-51	36.577595542405824	38.5	35.0	40.0	30.0	41.0
52-53	36.32333144757761	38.0	35.0	40.0	30.0	41.0
54-55	36.14600405885708	38.0	34.0	40.0	30.0	41.0
56-57	35.94252984435571	37.0	34.0	40.0	30.0	41.0
58-59	35.70139407598225	37.0	34.0	40.0	29.5	41.0
60-61	35.45763621037417	36.0	34.0	39.5	29.0	41.0
62-63	35.20996891208019	35.5	34.0	39.0	29.0	41.0
64-65	34.97140679967252	35.0	33.0	39.0	29.0	40.0
66-67	34.73595456719771	35.0	33.0	38.5	29.0	40.0
68-69	34.39917632110652	35.0	33.0	37.5	29.0	40.0
70-71	34.15753705413344	35.0	33.0	37.0	29.0	39.0
72-73	34.02620986332616	35.0	33.0	36.0	29.0	39.0
74-75	34.04975107646102	35.0	33.0	36.0	29.5	38.5
76	31.45246081092765	32.0	29.0	34.0	26.0	36.0
>>END_MODULE
>>Per sequence quality scores	pass
#Quality	Count
12	1.0
13	1.0
14	2.0
15	6.0
16	6.0
17	32.0
18	109.0
19	1530.0
20	19083.0
21	63214.0
22	126508.0
23	199578.0
24	284012.0
25	374343.0
26	468004.0
27	567959.0
28	680438.0
29	814382.0
30	969524.0
31	1164491.0
32	1422330.0
33	1789532.0
34	2368850.0
35	3281618.0
36	5063379.0
37	6745313.0
38	8673465.0
39	8700893.0
40	345824.0
>>END_MODULE
>>Per base sequence content	fail
#Base	G	A	T	C
1	33.704931373326836	12.149666217089232	16.21855130283007	37.92685110675386
2	27.40772120798048	18.99234756289581	29.20657913186922	24.393352097254493
3	30.96715953366657	21.40009500699248	22.054552617085896	25.578192842255053
4	30.372434364601926	28.82117883815991	17.108246021595214	23.698140775642948
5	30.693584050762208	29.741935502882033	18.005419553682774	21.559060892672985
6	26.03016042358954	30.32837436567984	18.163017420416605	25.478447790314025
7	23.556471879528072	15.033203901023503	35.01573351952331	26.394590699925118
8	24.161208635746632	20.37214224221532	23.707923543796202	31.758725578241844
9	23.814511201788576	20.006880360819377	26.007684572965477	30.17092386442657
10-11	28.750735706121606	27.325863128982697	17.991177169910088	25.932223994985605
12-13	26.207947111511892	20.67383003567837	24.765094025734015	28.353128827075718
14-15	27.123100881420104	23.188934363236424	24.05390310973918	25.634061645604294
16-17	27.742755643187383	23.14477948508748	22.693508068171518	26.418956803553623
18-19	27.115387232593818	23.898980250480072	22.339234355142974	26.64639816178313
20-21	27.445839870691778	22.929674568814352	23.249338969090953	26.375146591402913
22-23	27.19637944974925	22.907274437401327	23.53950866879263	26.35683744405679
24-25	27.34895040313129	22.96418849416285	22.815019278855782	26.871841823850072
26-27	27.094123379545685	23.139041069049924	23.359278104993447	26.40755744641094
28-29	27.367780462048323	22.64951278885678	23.31714930696363	26.66555744213127
30-31	27.328248628952668	23.09742417827501	22.93414523059704	26.640181962175287
32-33	27.72965522221264	23.350943377506123	23.39173511338201	25.527666286899226
34-35	27.187467804264298	23.748224038890076	22.73016177348286	26.334146383362768
36-37	27.320306873756472	22.93201201765112	23.12610258465333	26.62157852393907
38-39	26.430346555472457	23.146546999074758	23.20497049423075	27.218135951222038
40-41	27.52064364959806	23.372903859060674	22.715763834187776	26.39068865715349
42-43	27.176885101688512	23.218822749959468	23.06217056364003	26.542121584711985
44-45	26.8198174197601	23.76808194399695	23.181357731816345	26.230742904426606
46-47	27.343519865443376	23.58867050638401	22.605491161942652	26.462318466229963
48-49	27.27580980513467	23.58031185354627	22.995853857138567	26.148024484180493
50-51	26.53814163663458	23.559580469665235	22.85252784877766	27.049750044922522
52-53	27.418871975471042	23.18170153213668	23.271808771467555	26.127617720924718
54-55	27.50644677688236	23.030013996353645	22.719873651083333	26.74366557568066
56-57	27.040664704090734	23.072731037277418	23.07017123860308	26.816433020028768
58-59	26.93338856055415	23.27872179008677	22.549125892848327	27.238763756510753
60-61	27.96926559450144	23.032942704545224	23.010755914823537	25.9870357861298
62-63	26.643423470185745	23.486450907037568	23.617273016202777	26.252852606573914
64-65	27.017300243187	23.11773939015096	23.607938798818232	26.257021567843807
66-67	26.506792929222623	23.19453370406573	23.255312489609317	27.04336087710233
68-69	27.256609526622377	22.916163632659167	22.952325168968702	26.87490167174975
70-71	27.052122828232168	23.63478398918397	23.07196889880341	26.241124283780458
72-73	27.018700068687114	23.21238765088959	22.813383547875	26.955528732548302
74-75	27.56255747468285	19.985079163078705	24.894408098185377	27.557955264053064
76	29.106151658324205	0.0	33.312827258926845	37.58102108274895
>>END_MODULE
>>Per sequence GC content	warn
#GC Content	Count
0	22497.0
1	17204.0
2	7353.5
3	2417.5
4	2093.5
5	2357.5
6	2803.5
7	3287.5
8	3726.0
9	4204.5
10	4879.0
11	5779.0
12	6539.0
13	7255.0
14	8459.0
15	10423.0
16	13011.0
17	15567.5
18	20720.5
19	29632.5
20	40305.0
21	50383.5
22	66628.5
23	93809.5
24	121476.5
25	143370.5
26	178194.0
27	230111.0
28	277303.5
29	310747.0
30	354472.5
31	413763.5
32	465625.0
33	505404.0
34	556918.5
35	611938.5
36	659736.5
37	705316.0
38	765824.5
39	820453.0
40	857371.0
41	956059.0
42	1031575.5
43	1048864.5
44	1149150.0
45	1213528.5
46	1203496.5
47	1240218.5
48	1311477.0
49	1365230.5
50	1431193.5
51	1638011.0
52	1910679.5
53	2104310.0
54	2137962.5
55	2160078.0
56	2310338.5
57	2371311.5
58	2338364.0
59	2189711.5
60	2030257.5
61	1832584.5
62	1649446.5
63	1867128.0
64	1967979.0
65	1771667.0
66	1683143.0
67	1660123.5
68	1440078.0
69	1225189.0
70	1061402.5
71	870858.5
72	758172.5
73	530998.0
74	347957.0
75	301236.0
76	261074.5
77	207730.0
78	157216.0
79	119288.5
80	95229.5
81	76182.0
82	57256.5
83	42821.0
84	32037.5
85	24445.5
86	19193.5
87	15735.5
88	13343.5
89	10778.5
90	9757.5
91	9951.0
92	10281.0
93	8895.5
94	6153.5
95	3681.0
96	1886.0
97	1477.0
98	1102.0
99	712.5
100	674.0
>>END_MODULE
>>Per base N content	pass
#Base	N-Count
1	0.02023142419503827
2	0.002488417583303688
3	0.00785052687483058
4	0.004034046719745505
5	0.017020051047915024
6	0.009874349189848971
7	0.00396605716828912
8	0.0017246682886102975
9	0.003945660302852204
10-11	0.00419268900647707
12-13	0.0011240939174122307
14-15	9.178589446611964E-4
16-17	9.677179490625452E-4
18-19	0.0018073889095488991
20-21	0.0016619093849235956
22-23	0.0020905426995448287
24-25	0.0010245189817925104
26-27	6.842871208541838E-4
28-29	0.0011394603591169897
30-31	0.002036421175101377
32-33	0.0059687739194481
34-35	0.001059267343464811
36-37	0.0029272310784492967
38-39	7.825082459121525E-4
40-41	9.007465935644256E-4
42-43	0.008874687009533984
44-45	0.0316793367275502
46-47	0.03369738604294862
48-49	0.040195348146572184
50-51	0.03201812152344385
52-53	0.024125734654117232
54-55	0.010067305824003519
56-57	0.005920823984041351
58-59	6.435570869471151E-4
60-61	6.370006512458643E-4
62-63	5.31356464575342E-4
64-65	5.649194058460149E-4
66-67	8.045719408062196E-4
68-69	4.1941663451654644E-4
70-71	4.065201783920616E-4
72-73	1.6151772123473352E-4
74-75	0.0
76	0.0
>>END_MODULE
>>Sequence Length Distribution	warn
#Length	Count
20-21	93331.0
22-23	87287.0
24-25	80326.0
26-27	91358.0
28-29	92010.0
30-31	106601.0
32-33	119088.0
34-35	107103.0
36-37	123008.0
38-39	120102.0
40-41	121729.0
42-43	135579.0
44-45	123150.0
46-47	132045.0
48-49	148338.0
50-51	144752.0
52-53	152564.0
54-55	180406.0
56-57	192853.0
58-59	201994.0
60-61	205207.0
62-63	232669.0
64-65	283584.0
66-67	341110.0
68-69	405372.0
70-71	568060.0
72-73	1364943.0
74-75	1.1949985E7
76-77	2.6219873E7
>>END_MODULE
>>Sequence Duplication Levels	pass
#Total Deduplicated Percentage	71.49006296641438
#Duplication Level	Percentage of deduplicated	Percentage of total
1	81.47704774766054	58.24799273797804
2	11.867107605629453	16.967605399113296
3	3.541901796319955	7.5963234731930935
4	1.280129083069594	3.660660350151343
5	0.6163925906185636	2.2032972557676196
6	0.3287748202571385	1.410247956117264
7	0.21681836560146256	1.085025102638653
8	0.1424821199389871	0.8148844580821115
9	0.10012415299067878	0.6442093801586279
>10	0.4149240957361548	4.851173393813813
>50	0.010499446153812445	0.4993833144873484
>100	0.0029315450150182564	0.3817945788635524
>500	3.749918689941105E-4	0.19061724795059953
>1k	3.492221864705985E-4	0.5465258700326211
>5k	1.0681271494562669E-4	0.5471075468329966
>10k+	3.56042383151857E-5	0.35315193481912494
>>END_MODULE
>>Overrepresented sequences	pass
>>END_MODULE
>>Adapter Content	pass
#Position	Illumina Universal Adapter	Illumina Small RNA 3' Adapter	Illumina Small RNA 5' Adapter	Nextera Transposase Sequence	SOLID Small RNA Adapter
1	2.266318381879497E-6	0.0	0.0	6.798955145638492E-6	2.266318381879497E-6
2	2.266318381879497E-6	2.7195820582553966E-5	0.0	3.8527412491951456E-5	2.266318381879497E-6
3	2.266318381879497E-6	2.7195820582553966E-5	0.0	3.8527412491951456E-5	2.266318381879497E-6
4	2.266318381879497E-6	2.7195820582553966E-5	0.0	3.8527412491951456E-5	2.266318381879497E-6
5	2.266318381879497E-6	2.7195820582553966E-5	0.0	3.8527412491951456E-5	2.266318381879497E-6
6	2.266318381879497E-6	3.3994775728192456E-5	0.0	3.8527412491951456E-5	2.266318381879497E-6
7	2.266318381879497E-6	4.306004925571045E-5	0.0	3.8527412491951456E-5	2.266318381879497E-6
8	2.266318381879497E-6	4.5326367637589946E-5	0.0	4.759268601946944E-5	2.266318381879497E-6
9	4.532636763758994E-6	4.5326367637589946E-5	0.0	5.8924277928866926E-5	2.266318381879497E-6
10	4.532636763758994E-6	5.439164116510793E-5	0.0	6.119059631074643E-5	2.266318381879497E-6
11	4.532636763758994E-6	5.439164116510793E-5	0.0	6.572323307450542E-5	4.532636763758994E-6
12	4.532636763758994E-6	5.439164116510793E-5	0.0	6.572323307450542E-5	4.532636763758994E-6
13	4.532636763758994E-6	5.665795954698743E-5	0.0	7.478850660202341E-5	4.532636763758994E-6
14	4.532636763758994E-6	6.572323307450542E-5	0.0	7.478850660202341E-5	4.532636763758994E-6
15	4.532636763758994E-6	7.93211433657824E-5	0.0	8.15874617476619E-5	4.532636763758994E-6
16	4.532636763758994E-6	7.93211433657824E-5	0.0	8.61200985114209E-5	4.532636763758994E-6
17	6.798955145638492E-6	8.61200985114209E-5	0.0	8.838641689330039E-5	4.532636763758994E-6
18	1.1331591909397487E-5	8.61200985114209E-5	0.0	1.1104960071209537E-4	6.798955145638492E-6
19	1.3597910291276983E-5	8.61200985114209E-5	0.0	1.1331591909397486E-4	6.798955145638492E-6
20	2.2663183818794973E-5	8.61200985114209E-5	0.0	1.2011487423961336E-4	6.798955145638492E-6
21	2.492950220067447E-5	9.065273527517989E-5	0.0	1.2464751100337235E-4	6.798955145638492E-6
22	2.7195820582553966E-5	9.065273527517989E-5	0.0	1.2691382938525184E-4	6.798955145638492E-6
23	2.9462138964433463E-5	9.291905365705938E-5	0.0	1.3144646614901085E-4	6.798955145638492E-6
24	3.172845734631296E-5	9.291905365705938E-5	0.0	1.3824542129464934E-4	6.798955145638492E-6
25	3.8527412491951456E-5	9.518537203893889E-5	0.0	1.4051173967652883E-4	6.798955145638492E-6
26	4.079373087383095E-5	9.518537203893889E-5	0.0	1.4957701320404682E-4	6.798955145638492E-6
27	4.079373087383095E-5	9.745169042081839E-5	0.0	1.4957701320404682E-4	6.798955145638492E-6
28	4.079373087383095E-5	9.745169042081839E-5	0.0	1.586422867315648E-4	6.798955145638492E-6
29	4.306004925571045E-5	1.0651696394833638E-4	0.0	1.631749234953238E-4	6.798955145638492E-6
30	4.306004925571045E-5	1.0878328233021587E-4	0.0	1.631749234953238E-4	6.798955145638492E-6
31	4.306004925571045E-5	1.0878328233021587E-4	0.0	1.654412418772033E-4	6.798955145638492E-6
32	4.306004925571045E-5	1.0878328233021587E-4	0.0	1.677075602590828E-4	9.065273527517988E-6
33	4.306004925571045E-5	1.0878328233021587E-4	0.0	1.677075602590828E-4	9.065273527517988E-6
34	4.306004925571045E-5	1.0878328233021587E-4	0.0	1.722401970228418E-4	9.065273527517988E-6
35	4.306004925571045E-5	1.1104960071209537E-4	0.0	1.7677283378660078E-4	9.065273527517988E-6
36	4.306004925571045E-5	1.1558223747585436E-4	0.0	1.8357178893223927E-4	9.065273527517988E-6
37	4.306004925571045E-5	1.2011487423961336E-4	0.0	1.8357178893223927E-4	9.065273527517988E-6
38	4.306004925571045E-5	1.2238119262149286E-4	0.0	1.8810442569599828E-4	9.065273527517988E-6
39	4.306004925571045E-5	1.2691382938525184E-4	0.0	1.9490338084163678E-4	9.065273527517988E-6
40	4.306004925571045E-5	1.2691382938525184E-4	0.0	1.9943601760539576E-4	9.065273527517988E-6
41	4.306004925571045E-5	1.2918014776713136E-4	0.0	2.0623497275103425E-4	9.065273527517988E-6
42	4.306004925571045E-5	1.3597910291276983E-4	0.0	2.1756656466043173E-4	9.065273527517988E-6
43	4.5326367637589946E-5	1.3597910291276983E-4	0.0	2.1756656466043173E-4	9.065273527517988E-6
44	4.759268601946944E-5	1.4051173967652883E-4	0.0	2.1756656466043173E-4	9.065273527517988E-6
45	4.759268601946944E-5	1.450443764402878E-4	0.0	2.1756656466043173E-4	9.065273527517988E-6
46	4.759268601946944E-5	1.4957701320404682E-4	0.0	2.1983288304231125E-4	9.065273527517988E-6
47	4.759268601946944E-5	1.4957701320404682E-4	0.0	2.2209920142419074E-4	9.065273527517988E-6
48	4.759268601946944E-5	1.5410964996780583E-4	0.0	2.3116447495170872E-4	9.065273527517988E-6
49	4.985900440134894E-5	1.5410964996780583E-4	0.0	2.3116447495170872E-4	9.065273527517988E-6
50	4.985900440134894E-5	1.5410964996780583E-4	0.0	2.3343079333358821E-4	9.065273527517988E-6
51	4.985900440134894E-5	1.699738786409623E-4	0.0	2.3343079333358821E-4	9.065273527517988E-6
52	4.985900440134894E-5	1.8130547055035978E-4	0.0	2.3343079333358821E-4	9.065273527517988E-6
53	5.2125322783228436E-5	1.8130547055035978E-4	0.0	2.3343079333358821E-4	9.065273527517988E-6
54	5.2125322783228436E-5	1.8357178893223927E-4	0.0	2.3796343009734722E-4	9.065273527517988E-6
55	5.2125322783228436E-5	1.8810442569599828E-4	0.0	2.3796343009734722E-4	9.065273527517988E-6
56	5.2125322783228436E-5	1.8810442569599828E-4	0.0	2.402297484792267E-4	9.065273527517988E-6
57	5.2125322783228436E-5	1.8810442569599828E-4	0.0	2.515613403886242E-4	9.065273527517988E-6
58	5.2125322783228436E-5	1.9263706245975726E-4	0.0	2.515613403886242E-4	9.065273527517988E-6
59	5.2125322783228436E-5	1.9263706245975726E-4	0.0	2.696918874436602E-4	9.065273527517988E-6
60	5.2125322783228436E-5	1.9263706245975726E-4	0.0	2.7422452420741917E-4	9.065273527517988E-6
61	5.2125322783228436E-5	1.9263706245975726E-4	0.0	2.832897977349372E-4	9.065273527517988E-6
62	5.2125322783228436E-5	1.9490338084163678E-4	0.0	2.8555611611681664E-4	9.065273527517988E-6
63	5.2125322783228436E-5	1.9490338084163678E-4	0.0	2.900887528805756E-4	1.1331591909397487E-5
64	5.2125322783228436E-5	1.9490338084163678E-4	0.0	2.9235507126245514E-4	1.1331591909397487E-5
65	5.439164116510793E-5	1.9716969922351627E-4	0.0	2.9462138964433466E-4	1.3597910291276983E-5
>>END_MODULE
