##FastQC	0.11.7
>>Basic Statistics	pass
#Measure	Value
Filename	SRR613723_2_val_2.fq.gz
File type	Conventional base calls
Encoding	Sanger / Illumina 1.9
Total Sequences	25515364
Sequences flagged as poor quality	0
Sequence length	20-76
%GC	54
>>END_MODULE
>>Per base sequence quality	pass
#Base	Mean	Median	Lower Quartile	Upper Quartile	10th Percentile	90th Percentile
1	31.39382981171658	33.0	31.0	34.0	28.0	34.0
2	31.477993886350202	33.0	31.0	34.0	28.0	34.0
3	31.657437025001876	34.0	31.0	34.0	28.0	34.0
4	35.12063316047539	37.0	35.0	37.0	32.0	37.0
5	35.1120677721862	37.0	35.0	37.0	32.0	37.0
6	34.995143396739316	37.0	35.0	37.0	32.0	37.0
7	34.92787427998284	37.0	35.0	37.0	32.0	37.0
8	34.872059164039364	37.0	35.0	37.0	32.0	37.0
9	36.43208648718474	39.0	37.0	39.0	32.0	39.0
10-11	36.560681340858004	39.0	37.0	39.0	32.0	39.0
12-13	36.49903577703222	39.0	37.0	39.0	32.0	39.0
14-15	37.802450554889205	40.0	38.0	41.0	32.0	41.0
16-17	37.742822344215824	40.0	38.0	41.0	32.0	41.0
18-19	37.73973177494156	40.0	37.5	41.0	32.0	41.0
20-21	37.66605153015192	40.0	37.5	41.0	31.5	41.0
22-23	37.20318384728151	40.0	37.0	41.0	30.0	41.0
24-25	37.26931748978887	40.0	37.0	41.0	30.0	41.0
26-27	37.11638072690819	40.0	36.0	41.0	30.0	41.0
28-29	37.16742597463209	40.0	36.5	41.0	30.0	41.0
30-31	37.15326296683012	40.0	36.5	41.0	30.0	41.0
32-33	37.106404892626266	40.0	36.0	41.0	30.0	41.0
34-35	36.978434767783426	39.5	36.0	41.0	30.0	41.0
36-37	37.05840473467207	39.0	36.0	41.0	30.0	41.0
38-39	37.108433454011745	39.0	36.0	41.0	30.0	41.0
40-41	36.93375965360909	39.0	35.0	41.0	30.0	41.0
42-43	36.838394312946605	39.0	35.0	41.0	30.0	41.0
44-45	36.680930234504395	39.0	35.0	41.0	30.0	41.0
46-47	36.6535956843634	39.0	35.0	41.0	30.0	41.0
48-49	36.347242323266144	38.0	35.0	40.5	29.5	41.0
50-51	35.476273191013405	37.5	34.0	39.5	28.0	40.5
52-53	35.74384424041857	37.5	34.0	39.5	29.0	40.5
54-55	36.09290264197887	38.0	35.0	40.0	30.0	41.0
56-57	35.911581268500015	37.0	34.0	40.0	29.5	41.0
58-59	35.634826542500655	37.0	34.0	40.0	29.0	41.0
60-61	35.20605280759956	36.0	34.0	39.5	28.0	41.0
62-63	34.845116888166395	35.0	33.0	39.0	27.5	41.0
64-65	34.60464878828885	35.0	33.0	39.0	28.0	41.0
66-67	34.42755021951051	35.0	33.0	38.5	28.0	40.0
68-69	34.29046701143989	35.0	33.0	37.0	28.5	40.0
70-71	34.27863515355409	35.0	33.0	37.0	29.0	39.0
72-73	34.269089783300075	35.0	33.0	36.5	29.0	39.0
74-75	34.27012697111634	35.0	33.0	36.0	30.0	39.0
76	33.782121412074325	35.0	33.0	35.0	29.0	37.0
>>END_MODULE
>>Per sequence quality scores	pass
#Quality	Count
10	24.0
11	73.0
12	178.0
13	391.0
14	894.0
15	1378.0
16	1844.0
17	2665.0
18	6323.0
19	23012.0
20	87240.0
21	137181.0
22	179662.0
23	221261.0
24	262887.0
25	306216.0
26	354793.0
27	405714.0
28	459870.0
29	526177.0
30	606349.0
31	706251.0
32	841159.0
33	1031025.0
34	1336550.0
35	1853156.0
36	2797210.0
37	3736458.0
38	4724053.0
39	4559379.0
40	345991.0
>>END_MODULE
>>Per base sequence content	fail
#Base	G	A	T	C
1	36.2337992433891	14.0150632256104	13.947713362179975	35.80342416882052
2	24.74078820398272	24.820358984434687	26.47455999346307	23.964292818119524
3	31.45656508090538	24.473821491204024	20.20734030598635	23.862273121904245
4	31.992164240813082	27.789073429045068	15.987370013024435	24.231392317117415
5	28.634857012467712	31.021814331939346	17.161260561041022	23.182068094551923
6	25.38603390807574	32.18153542900992	17.709406363055884	24.72302429985846
7	25.092352951716666	16.251429791152567	33.35200447574181	25.30421278138896
8	22.158798356782842	24.42987807112927	22.57932424758237	30.831999324505517
9	24.594721723969243	22.941125051741658	24.084278533171105	28.379874691117994
10-11	28.7285511174593	28.576856794464273	16.985925028375686	25.708667059700733
12-13	28.086991851564076	20.001806486953942	23.37986849997852	28.531333161503465
14-15	27.028056356934226	22.8570658121345	22.887843221269268	27.227034609662006
16-17	25.91098583198136	24.65817907443367	24.08255885592586	25.348276237659118
18-19	26.37731798822494	24.642718430581812	21.10505694409412	27.87490663709913
20-21	28.41635148533931	24.494012070159336	21.822294570324893	25.267341874176463
22-23	27.648354922655116	24.36694999337205	22.65638662248666	25.32830846148617
24-25	28.285679162797422	22.242750964821447	23.85662147953923	25.614948392841903
26-27	26.624397823214984	22.511030497604512	23.378739940852196	27.485831738328304
28-29	27.882799745152116	23.98834689109578	22.22681578565837	25.902037578093733
30-31	27.728413164232496	23.057785646939003	21.836282472149914	27.377518716678583
32-33	28.078023917006227	23.875785389544617	22.759364055656807	25.28682663779235
34-35	27.85308785478522	23.657212976340315	22.76157502419903	25.72812414467544
36-37	26.392330157954735	23.3157073733825	22.517574102062007	27.774388366600753
38-39	27.194040049990715	22.593521175965503	23.239121640994654	26.973317133049125
40-41	28.122732082835313	24.09736484121691	21.714939527711927	26.064963548235852
42-43	27.527271589934376	22.549188582622325	23.580060033213147	26.343479794230152
44-45	26.12349928333725	23.54579539010446	23.258022661619997	27.07268266493829
46-47	27.849920520651782	24.14592087035128	21.891586495257222	26.112572113739716
48-49	26.987328468017708	23.58125497084444	22.15074729202525	27.2806692691126
50-51	26.736852923215736	23.26720803476383	23.1039393532056	26.89199968881483
52-53	27.599538243266203	23.006196339522027	23.30057464386011	26.093690773351657
54-55	27.340870373634928	22.683701086506883	22.44399784495843	27.531430694899754
56-57	26.618689381846156	22.633581289791152	23.212280249996198	27.53544907836649
58-59	26.833969573352462	23.108126554605786	22.983576316948458	27.07432755509329
60-61	27.654687070542344	22.986055985169937	22.698388245584827	26.660868698702895
62-63	26.40708580177069	23.628910647220255	23.35455796959538	26.609445581413677
64-65	26.652927239662734	23.14779674878018	23.685129747625968	26.51414626393112
66-67	26.628535330596915	23.253873813482386	23.021393600403115	27.09619725551759
68-69	27.359250682310858	22.78846076230469	22.96019098425864	26.892097571125806
70-71	27.031897321616427	23.631692101674638	22.958947052838752	26.377463523870187
72-73	26.950373687542275	23.278522828106485	22.682310172101527	27.088793312249713
74-75	27.52863629583782	19.940983801592093	24.6936609052324	27.83671899733769
76	29.491599944148135	0.0	32.579595704187206	37.92880435166467
>>END_MODULE
>>Per sequence GC content	warn
#GC Content	Count
0	20911.0
1	16849.0
2	8763.0
3	3899.0
4	3251.5
5	3610.0
6	3921.0
7	4295.0
8	4704.0
9	4959.5
10	5166.5
11	5631.5
12	6081.5
13	6464.0
14	7122.5
15	8214.5
16	9639.5
17	11102.0
18	13537.5
19	17688.0
20	22958.5
21	28185.0
22	36050.5
23	48659.5
24	61525.5
25	71286.0
26	86999.5
27	109906.0
28	131278.0
29	147589.5
30	169269.0
31	198999.5
32	226667.0
33	250080.5
34	280180.5
35	314078.5
36	341418.0
37	364507.5
38	396174.5
39	436248.0
40	467746.0
41	529823.0
42	584618.0
43	609580.0
44	680033.5
45	740568.5
46	766153.5
47	806981.5
48	894356.0
49	954893.5
50	1047100.0
51	1259734.0
52	1493832.5
53	1730016.0
54	1761144.5
55	1585344.0
56	1481685.5
57	1420101.0
58	1338597.0
59	1227687.0
60	1143301.0
61	1034390.5
62	931877.5
63	1015496.5
64	1060915.0
65	965426.5
66	902317.5
67	878034.0
68	765451.5
69	666438.0
70	583447.5
71	478731.5
72	411786.5
73	290750.0
74	199741.5
75	179414.5
76	156673.5
77	122765.5
78	92996.5
79	74971.5
80	66611.5
81	56171.0
82	41318.5
83	30859.0
84	23105.0
85	17025.0
86	13614.5
87	11840.0
88	10801.0
89	9543.0
90	8596.0
91	8863.0
92	10039.5
93	9395.5
94	7120.0
95	4146.0
96	1829.0
97	1445.0
98	1242.0
99	1034.0
100	1012.0
>>END_MODULE
>>Per base N content	pass
#Base	N-Count
1	0.020732606440574394
2	0.04321709852934099
3	0.06395362417718203
4	0.06414566533324784
5	0.05383031180742708
6	0.03269794622565447
7	0.04219026622547889
8	0.020234867117709943
9	0.01569250589566349
10-11	0.007385746094000462
12-13	0.006882127960236037
14-15	0.005959154648940145
16-17	0.005851376449107291
18-19	0.005285050999076478
20-21	0.016856436204287836
22-23	0.04110874442735417
24-25	0.05703439144036426
26-27	0.07246555359197382
28-29	0.06795868514006405
30-31	0.04691477022285172
32-33	0.03157064090508855
34-35	0.013813600355826945
36-37	0.0034741023956531376
38-39	0.002228084972055605
40-41	0.001999606723375293
42-43	0.0022046757501658124
44-45	0.001898159686208756
46-47	0.004681012164264612
48-49	0.008736063586936878
50-51	0.006010786160334942
52-53	0.007676813782598196
54-55	0.007675258019471043
56-57	0.007098634048833405
58-59	0.003546643260119494
60-61	4.230165576748516E-4
62-63	4.475267532699672E-4
64-65	4.438321768524164E-4
66-67	5.429671490188027E-4
68-69	2.242225866586664E-4
70-71	0.0010338714147652538
72-73	9.249464058969626E-4
74-75	0.0
76	0.0
>>END_MODULE
>>Sequence Length Distribution	warn
#Length	Count
20-21	141281.0
22-23	126544.0
24-25	238239.0
26-27	113024.0
28-29	87816.0
30-31	112744.0
32-33	111811.0
34-35	93597.0
36-37	117067.0
38-39	110930.0
40-41	117347.0
42-43	146676.0
44-45	104641.0
46-47	88687.0
48-49	109487.0
50-51	112621.0
52-53	114700.0
54-55	153228.0
56-57	158483.0
58-59	192440.0
60-61	137917.0
62-63	139421.0
64-65	175821.0
66-67	168044.0
68-69	182975.0
70-71	263858.0
72-73	724413.0
74-75	6446888.0
76-77	1.4724664E7
>>END_MODULE
>>Sequence Duplication Levels	warn
#Total Deduplicated Percentage	64.40207018978928
#Duplication Level	Percentage of deduplicated	Percentage of total
1	82.19102179660955	52.93271954715749
2	10.963687466390656	14.12168339498808
3	3.4242640322699254	6.615890776638558
4	1.341274104088513	3.4552331598102053
5	0.6484654330026285	2.088125816594369
6	0.3519502158830712	1.3599793503967827
7	0.22351425936909525	1.0076346714215068
8	0.15490266968016966	0.7980842084262425
9	0.10802579755935944	0.6261376497053251
>10	0.5318823246707054	6.0444761071414606
>50	0.039311953251474435	1.7294774075582362
>100	0.020265566872335113	2.359718803120239
>500	4.1930173336184045E-4	0.18054020213166783
>1k	4.634054584234789E-4	0.7521182568493463
>5k	2.2066926419735672E-4	0.8978151413710157
>10k+	3.310038962960351E-4	5.030365506689495
>>END_MODULE
>>Overrepresented sequences	warn
#Sequence	Count	Percentage	Possible Source
CAAGCAGAAGACGGCATACGAGATG	75986	0.2978048833636079	Illumina PCR Primer Index 3 (100% over 25bp)
AAGCAGAAGACGGCATACGAGATG	44274	0.1735189825236277	Illumina PCR Primer Index 3 (100% over 24bp)
CAAGCAGAAGACGGCATACG	37245	0.14597087464635033	No Hit
CAAGCAGAAGACGGCATACGAGATGTCGAGCAGTGAC	28357	0.11113696046037203	Illumina PCR Primer Index 11 (96% over 28bp)
>>END_MODULE
>>Adapter Content	pass
#Position	Illumina Universal Adapter	Illumina Small RNA 3' Adapter	Illumina Small RNA 5' Adapter	Nextera Transposase Sequence	SOLID Small RNA Adapter
1	0.0	0.0	0.0	0.0	0.0
2	0.0	0.0	0.0	3.919207266649223E-6	0.0
3	0.0	7.838414533298446E-6	0.0	3.919207266649223E-6	3.919207266649223E-6
4	0.0	7.838414533298446E-6	0.0	3.919207266649223E-6	3.919207266649223E-6
5	0.0	7.838414533298446E-6	0.0	7.838414533298446E-6	3.919207266649223E-6
6	0.0	7.838414533298446E-6	0.0	7.838414533298446E-6	3.919207266649223E-6
7	0.0	3.1353658133193786E-5	0.0	7.838414533298446E-6	3.919207266649223E-6
8	0.0	3.1353658133193786E-5	0.0	7.838414533298446E-6	3.919207266649223E-6
9	7.838414533298446E-6	3.1353658133193786E-5	0.0	1.5676829066596893E-5	3.919207266649223E-6
10	1.5676829066596893E-5	3.9192072666492236E-5	0.0	2.7434450866544564E-5	3.919207266649223E-6
11	6.66265235330368E-5	3.9192072666492236E-5	0.0	2.7434450866544564E-5	3.919207266649223E-6
12	6.66265235330368E-5	3.9192072666492236E-5	0.0	2.7434450866544564E-5	3.919207266649223E-6
13	6.66265235330368E-5	3.9192072666492236E-5	0.0	2.7434450866544564E-5	3.919207266649223E-6
14	6.66265235330368E-5	4.7030487199790685E-5	0.0	2.7434450866544564E-5	3.919207266649223E-6
15	7.054573079968602E-5	6.270731626638757E-5	0.0	2.7434450866544564E-5	3.919207266649223E-6
16	7.054573079968602E-5	6.270731626638757E-5	0.0	2.7434450866544564E-5	3.919207266649223E-6
17	7.054573079968602E-5	6.270731626638757E-5	0.0	2.7434450866544564E-5	3.919207266649223E-6
18	7.054573079968602E-5	6.270731626638757E-5	0.0	2.7434450866544564E-5	3.919207266649223E-6
19	9.014176713293215E-5	6.270731626638757E-5	0.0	2.7434450866544564E-5	3.919207266649223E-6
20	9.79801816662306E-5	6.270731626638757E-5	0.0	2.7434450866544564E-5	3.919207266649223E-6
21	1.1365701073282748E-4	6.270731626638757E-5	0.0	2.7434450866544564E-5	3.919207266649223E-6
22	1.1365701073282748E-4	6.270731626638757E-5	0.0	3.1353658133193786E-5	3.919207266649223E-6
23	1.175762179994767E-4	6.66265235330368E-5	0.0	3.1353658133193786E-5	3.919207266649223E-6
24	1.2149542526612593E-4	6.66265235330368E-5	0.0	3.527286539984301E-5	3.919207266649223E-6
25	1.2149542526612593E-4	6.66265235330368E-5	0.0	3.9192072666492236E-5	3.919207266649223E-6
26	1.4109146159937204E-4	6.66265235330368E-5	0.0	3.9192072666492236E-5	3.919207266649223E-6
27	1.4109146159937204E-4	6.66265235330368E-5	0.0	4.311127993314146E-5	3.919207266649223E-6
28	1.4109146159937204E-4	6.66265235330368E-5	0.0	4.311127993314146E-5	3.919207266649223E-6
29	1.4109146159937204E-4	6.66265235330368E-5	0.0	4.311127993314146E-5	3.919207266649223E-6
30	1.4501066886602127E-4	6.66265235330368E-5	0.0	4.7030487199790685E-5	3.919207266649223E-6
31	1.4501066886602127E-4	6.66265235330368E-5	0.0	5.0949694466439903E-5	3.919207266649223E-6
32	1.4501066886602127E-4	6.66265235330368E-5	0.0	5.0949694466439903E-5	3.919207266649223E-6
33	1.4501066886602127E-4	6.66265235330368E-5	0.0	5.0949694466439903E-5	3.919207266649223E-6
34	1.489298761326705E-4	6.66265235330368E-5	0.0	5.0949694466439903E-5	3.919207266649223E-6
35	1.489298761326705E-4	7.054573079968602E-5	0.0	5.0949694466439903E-5	3.919207266649223E-6
36	1.5676829066596894E-4	7.054573079968602E-5	0.0	5.486890173308913E-5	3.919207266649223E-6
37	1.5676829066596894E-4	7.446493806633525E-5	0.0	5.486890173308913E-5	3.919207266649223E-6
38	1.6068749793261817E-4	7.446493806633525E-5	0.0	6.66265235330368E-5	3.919207266649223E-6
39	1.6068749793261817E-4	7.446493806633525E-5	0.0	6.66265235330368E-5	3.919207266649223E-6
40	1.7244511973256584E-4	7.446493806633525E-5	0.0	6.66265235330368E-5	3.919207266649223E-6
41	1.7244511973256584E-4	7.446493806633525E-5	0.0	6.66265235330368E-5	3.919207266649223E-6
42	1.7244511973256584E-4	7.446493806633525E-5	0.0	6.66265235330368E-5	3.919207266649223E-6
43	1.7636432699921507E-4	7.446493806633525E-5	0.0	6.66265235330368E-5	3.919207266649223E-6
44	1.802835342658643E-4	7.446493806633525E-5	0.0	6.66265235330368E-5	3.919207266649223E-6
45	1.8420274153251352E-4	7.838414533298447E-5	0.0	7.054573079968602E-5	3.919207266649223E-6
46	1.8420274153251352E-4	7.838414533298447E-5	0.0	7.446493806633525E-5	3.919207266649223E-6
47	1.9987957059911042E-4	7.838414533298447E-5	0.0	7.838414533298447E-5	3.919207266649223E-6
48	1.9987957059911042E-4	8.23033525996337E-5	0.0	7.838414533298447E-5	7.838414533298446E-6
49	1.9987957059911042E-4	8.23033525996337E-5	0.0	7.838414533298447E-5	7.838414533298446E-6
50	1.9987957059911042E-4	8.23033525996337E-5	0.0	7.838414533298447E-5	7.838414533298446E-6
51	1.9987957059911042E-4	8.23033525996337E-5	0.0	7.838414533298447E-5	7.838414533298446E-6
52	2.0771798513240884E-4	8.23033525996337E-5	0.0	7.838414533298447E-5	7.838414533298446E-6
53	2.2731402146565496E-4	8.23033525996337E-5	0.0	7.838414533298447E-5	7.838414533298446E-6
54	2.2731402146565496E-4	8.23033525996337E-5	0.0	7.838414533298447E-5	7.838414533298446E-6
55	2.2731402146565496E-4	8.23033525996337E-5	0.0	7.838414533298447E-5	7.838414533298446E-6
56	2.2731402146565496E-4	8.23033525996337E-5	0.0	8.23033525996337E-5	7.838414533298446E-6
57	2.2731402146565496E-4	8.23033525996337E-5	0.0	8.23033525996337E-5	7.838414533298446E-6
58	2.2731402146565496E-4	8.23033525996337E-5	0.0	8.23033525996337E-5	7.838414533298446E-6
59	2.2731402146565496E-4	8.23033525996337E-5	0.0	8.23033525996337E-5	1.1757621799947671E-5
60	2.2731402146565496E-4	8.23033525996337E-5	0.0	8.23033525996337E-5	1.1757621799947671E-5
61	2.2731402146565496E-4	8.622255986628292E-5	0.0	8.23033525996337E-5	1.1757621799947671E-5
62	2.2731402146565496E-4	1.0189938893287981E-4	0.0	8.23033525996337E-5	1.1757621799947671E-5
63	2.2731402146565496E-4	1.0189938893287981E-4	0.0	8.23033525996337E-5	1.5676829066596893E-5
64	2.2731402146565496E-4	1.0189938893287981E-4	0.0	8.23033525996337E-5	2.7434450866544564E-5
65	2.312332287323042E-4	1.0581859619952903E-4	0.0	8.622255986628292E-5	3.1353658133193786E-5
>>END_MODULE
