##FastQC	0.11.7
>>Basic Statistics	pass
#Measure	Value
Filename	SRR595926_2.fastq.gz
File type	Conventional base calls
Encoding	Sanger / Illumina 1.9
Total Sequences	61783980
Sequences flagged as poor quality	0
Sequence length	76
%GC	49
>>END_MODULE
>>Per base sequence quality	pass
#Base	Mean	Median	Lower Quartile	Upper Quartile	10th Percentile	90th Percentile
1	27.236255450037373	31.0	26.0	33.0	10.0	34.0
2	28.08589820532766	31.0	27.0	34.0	16.0	34.0
3	28.817373338525616	31.0	28.0	34.0	16.0	34.0
4	32.545570939262895	35.0	33.0	37.0	19.0	37.0
5	32.617047752508014	35.0	33.0	37.0	19.0	37.0
6	32.44195607016576	36.0	33.0	37.0	18.0	37.0
7	31.096717077792658	35.0	32.0	37.0	10.0	37.0
8	31.236409243949645	35.0	32.0	37.0	11.0	37.0
9	32.46838928149336	37.0	32.0	39.0	11.0	39.0
10-11	32.86513436007198	37.5	32.5	39.0	15.0	39.0
12-13	33.004130196856856	37.5	33.0	39.0	16.5	39.0
14-15	34.09273031617581	39.0	33.0	41.0	17.0	41.0
16-17	34.04700415868321	39.0	33.0	41.0	16.5	41.0
18-19	34.02768374585127	39.0	33.5	41.0	16.0	41.0
20-21	33.513505434580296	39.0	32.5	41.0	10.0	41.0
22-23	33.259073573764596	38.0	32.0	40.0	10.0	41.0
24-25	33.07227057887822	38.0	32.0	41.0	10.0	41.0
26-27	32.855403585201216	38.0	31.0	40.0	9.5	41.0
28-29	32.93055808317949	38.0	31.5	40.0	9.0	41.0
30-31	33.060966467359336	38.0	32.0	40.0	9.0	41.0
32-33	32.82639833982854	38.0	31.5	40.0	8.5	41.0
34-35	32.52777176219467	38.0	31.0	40.0	7.5	41.0
36-37	32.72652832498004	38.0	31.0	40.0	8.0	41.0
38-39	32.66245407790174	38.0	31.0	40.0	8.0	41.0
40-41	32.36067774364811	38.0	31.0	40.0	6.5	41.0
42-43	32.17816853980595	38.0	30.5	40.0	2.0	41.0
44-45	32.00968460594478	38.0	30.5	40.0	2.0	41.0
46-47	32.05374331663321	38.0	31.0	40.0	2.0	41.0
48-49	31.74227421898039	37.5	30.0	40.0	2.0	41.0
50-51	30.953504168880023	36.0	29.0	39.5	2.0	40.5
52-53	31.212221177722768	36.5	30.0	39.5	2.0	40.5
54-55	31.52867172849661	37.0	31.0	40.0	2.0	41.0
56-57	31.12633791963548	36.0	30.0	40.0	2.0	41.0
58-59	30.52888498766185	35.5	28.5	39.5	2.0	41.0
60-61	29.874496439044556	35.0	27.5	39.0	2.0	41.0
62-63	29.420837302808916	35.0	26.0	39.0	2.0	41.0
64-65	29.237730565431363	35.0	26.0	38.5	2.0	40.0
66-67	29.290134497648097	35.0	28.0	38.0	2.0	40.0
68-69	29.273511952451102	35.0	28.5	37.0	2.0	40.0
70-71	29.07018528103887	35.0	29.0	37.0	2.0	39.0
72-73	28.649388045250568	35.0	29.0	36.5	2.0	39.0
74-75	28.131223401276515	34.0	28.0	36.0	2.0	39.0
76	27.312336175170326	34.0	26.0	35.0	2.0	38.0
>>END_MODULE
>>Per sequence quality scores	pass
#Quality	Count
2	2175409.0
3	542592.0
4	1066157.0
5	241078.0
6	242040.0
7	257326.0
8	268347.0
9	260592.0
10	258851.0
11	270050.0
12	284662.0
13	297263.0
14	298971.0
15	299288.0
16	302553.0
17	306765.0
18	324046.0
19	361681.0
20	415976.0
21	477683.0
22	548197.0
23	627680.0
24	716532.0
25	815647.0
26	929024.0
27	1054479.0
28	1197124.0
29	1371554.0
30	1579545.0
31	1834032.0
32	2164982.0
33	2597913.0
34	3198454.0
35	4035962.0
36	5373353.0
37	7290994.0
38	9041919.0
39	7838354.0
40	616905.0
>>END_MODULE
>>Per base sequence content	fail
#Base	G	A	T	C
1	30.36411926013438	13.074789005236484	20.452243537543644	36.10884819708549
2	23.1835213171487	22.5433160681116	30.74619159186475	23.526971022874942
3	27.90815079846579	24.268756385732306	24.631419753249336	23.191673062552564
4	28.04307443831835	29.32534077629884	18.899647809637298	23.73193697574551
5	28.549207974201536	30.268062584367268	20.36343292683312	20.81929651459808
6	24.056150749183647	32.35615754612293	20.038965340693586	23.548726363999833
7	20.181000207733323	16.039052133338988	38.844080348659	24.93586731026869
8	21.586068895451433	22.96058784806203	24.52333066278626	30.930012593700273
9	22.89197779321512	21.4618429987802	27.706336752994453	27.939842455010222
10-11	26.578337304299183	29.5528729849293	19.34466573504345	24.524123975728063
12-13	24.544016265825356	22.23569318953161	26.895511723051264	26.32477882159177
14-15	24.15097359308768	24.22753212160187	26.48184693766695	25.139647347643496
16-17	25.19401116172989	24.6503195353911	25.52732578168072	24.62834352119829
18-19	25.30543551122304	24.862161978269256	25.39863503964374	24.433767470863966
20-21	25.15094888384551	25.38567612400506	25.096950518197676	24.36642447395176
22-23	26.477790263880035	25.00998327404456	24.604999852233057	23.90722660984235
24-25	24.683830709911494	26.268190064489556	24.678386449534774	24.36959277606418
26-27	24.562107432421502	26.512557103038453	24.58925697156176	24.336078492978285
28-29	25.043382371219824	25.778169930415384	24.832722289337106	24.345725409027686
30-31	25.29705321741456	25.252465919694373	25.436474535361103	24.01400632752996
32-33	24.595899159952232	25.672166897409976	25.573138567001504	24.158795375636288
34-35	25.18839961947638	25.91786763258724	24.84599319888131	24.047739549055073
36-37	24.011659951261365	25.632566052605227	25.66633661616703	24.68943737996638
38-39	24.01855137224412	25.140852068638143	25.999161956811985	24.841434602305753
40-41	25.820601879378135	24.991827020394314	24.898945739461713	24.288625360765835
42-43	25.303259740345833	25.098275870902803	25.621225621225623	23.977238767525744
44-45	25.618176377995205	25.097089137016166	25.283431607021377	24.001302877967255
46-47	25.0933183869043	25.128613662991185	25.141429397569414	24.636638552535103
48-49	24.163530649493346	25.01317181038884	25.01622977973418	25.80706776038364
50-51	24.975195434399375	25.06862070362179	25.424404539064717	24.531779322914115
52-53	24.05203008547842	25.77432964187734	25.876445885558592	24.297194387085643
54-55	23.887686752396494	25.654153142125235	25.449069816704068	25.009090288774203
56-57	23.788407215686753	25.277734815075632	26.80540792452345	24.12845004471417
58-59	23.592121329229762	26.41922375775183	25.4285684313371	24.560086481681314
60-61	23.568844223879644	27.10566212007357	24.80992472624711	24.515568929799674
62-63	23.36966241137526	27.488607524109714	24.826853114717302	24.314876949797725
64-65	23.496246434857383	27.305355285713013	24.92087969914819	24.277518580281416
66-67	23.654433338333604	27.02324193049189	25.058758298810368	24.26356643236414
68-69	23.956837114972018	26.827883046301558	25.13513048639593	24.08014935233049
70-71	24.078374594839318	26.384834214960478	25.247037035334095	24.28975415486611
72-73	24.000040635452677	26.417273726196942	25.330974750206302	24.251710888144075
74-75	24.16862981529716	26.37775245300214	25.30859038567063	24.145027346030073
76	24.128367443172184	26.1164772851524	25.4236952081539	24.331460063521522
>>END_MODULE
>>Per sequence GC content	pass
#GC Content	Count
0	1495.0
1	1209.0
2	939.5
3	990.5
4	1025.0
5	1093.5
6	1275.5
7	1469.0
8	1549.0
9	1700.5
10	1978.5
11	2484.5
12	2864.0
13	3220.0
14	4374.5
15	6747.5
16	10826.0
17	13330.0
18	17464.5
19	28920.0
20	48001.5
21	59762.0
22	77578.5
23	121296.5
24	180090.0
25	212982.0
26	257071.5
27	352295.5
28	468665.5
29	533901.0
30	612297.5
31	761137.5
32	942299.5
33	1053018.0
34	1137692.0
35	1322802.0
36	1528427.0
37	1633616.0
38	1782056.0
39	2037479.0
40	2247248.5
41	2502055.5
42	2654076.0
43	2713757.0
44	2781826.5
45	2824500.5
46	2858786.0
47	2893691.5
48	2902389.5
49	2837071.0
50	2797960.0
51	2776148.0
52	2657935.5
53	2480960.5
54	2400386.0
55	2363745.0
56	2270291.5
57	2130813.0
58	2048147.0
59	1953014.0
60	1795186.5
61	1657709.5
62	1582927.0
63	1493135.0
64	1307652.0
65	1125452.0
66	952794.0
67	866645.0
68	789085.0
69	637068.5
70	499017.5
71	435423.0
72	384286.5
73	292034.5
74	220279.5
75	189640.0
76	165200.5
77	122294.0
78	90078.5
79	76330.0
80	65791.0
81	46505.0
82	31295.5
83	24833.0
84	20412.5
85	12986.0
86	8159.0
87	6338.0
88	5315.5
89	3573.0
90	2445.0
91	1735.0
92	1433.0
93	1258.0
94	950.5
95	711.0
96	604.0
97	558.0
98	469.5
99	339.0
100	251.0
>>END_MODULE
>>Per base N content	pass
#Base	N-Count
1	1.872080756208972
2	0.022572194280782817
3	0.03921243014775027
4	0.046978197260843346
5	0.05242944853989658
6	0.03380487951731177
7	2.786154274943116
8	0.0345623574266339
9	0.030579124232527594
10-11	0.02326331194591219
12-13	0.03417309794545447
14-15	0.03151302327884995
16-17	0.030610685812082677
18-19	0.031047692298230057
20-21	0.7039057697480804
22-23	0.023330481461375587
24-25	0.3472607300468503
26-27	0.03020038527786653
28-29	0.025110878256790835
30-31	0.03197026154676341
32-33	0.3851419089543924
34-35	0.39414100548394587
36-37	0.027789566162620148
38-39	0.02055629954561037
40-41	0.026578087070467136
42-43	0.01831299958338715
44-45	0.02110174838202395
46-47	0.019839285199820405
48-49	0.017740035523771697
50-51	0.01793021427237287
52-53	0.022950123964173237
54-55	0.01944678863355841
56-57	0.01427635448541839
58-59	0.02063318031632148
60-61	0.02294364979400809
62-63	0.029480133846993994
64-65	0.019271986039099454
66-67	0.022630461812269135
68-69	0.01930516616119583
70-71	0.027722396647156755
72-73	0.024694912823680183
74-75	0.031166655175014622
76	0.08184969631286297
>>END_MODULE
>>Sequence Length Distribution	pass
#Length	Count
76	6.178398E7
>>END_MODULE
>>Sequence Duplication Levels	pass
#Total Deduplicated Percentage	79.62905350725285
#Duplication Level	Percentage of deduplicated	Percentage of total
1	92.93112550292322	74.00017565161502
2	4.422247724214211	7.04278801307561
3	1.2489028444305534	2.9834685427356242
4	0.5204973901113741	1.6578685811025624
5	0.2635757319771207	1.049414303240974
6	0.1531899242233401	0.7319021203651414
7	0.10569482414977115	0.5891465165363265
8	0.06849349709288195	0.4363257875926371
9	0.04729954886162908	0.33897764764544236
>10	0.21141620005580053	2.7719194830547904
>50	0.009600531215004053	0.5478030681527785
>100	0.012588500536732918	2.277843574222696
>500	0.0030472197597690843	1.6834065239646658
>1k	0.0022291105348697863	3.0359475992696394
>5k	6.858743542513876E-5	0.39271293721462847
>10k+	2.2862478475046255E-5	0.46029965021137464
>>END_MODULE
>>Overrepresented sequences	pass
>>END_MODULE
>>Adapter Content	pass
#Position	Illumina Universal Adapter	Illumina Small RNA 3' Adapter	Illumina Small RNA 5' Adapter	Nextera Transposase Sequence	SOLID Small RNA Adapter
1	0.11931410051602373	8.092712706432961E-6	0.0	3.237085082573185E-6	4.855627623859777E-6
2	0.12032892668941042	2.4278138119298886E-5	0.0	2.10410530367257E-5	8.092712706432961E-6
3	0.12043736903967663	2.751522320187207E-5	0.0	2.2659595578012294E-5	1.6185425412865923E-5
4	0.12071090272915407	2.751522320187207E-5	1.6185425412865924E-6	2.589668066058548E-5	2.10410530367257E-5
5	0.120863045728035	3.075230828444525E-5	1.6185425412865924E-6	3.075230828444525E-5	3.2370850825731846E-5
6	0.12110259002414542	3.075230828444525E-5	3.237085082573185E-6	3.560793590830503E-5	3.7226478449591624E-5
7	0.12138907205395315	3.8845020990878217E-5	3.237085082573185E-6	3.8845020990878217E-5	3.7226478449591624E-5
8	0.12193290234782544	4.693773369731118E-5	3.237085082573185E-6	4.046356353216481E-5	3.8845020990878217E-5
9	0.122433031993083	5.179336132117096E-5	3.237085082573185E-6	4.531919115602459E-5	4.3700648614737994E-5
10	0.12365665015429567	5.341190386245755E-5	4.855627623859777E-6	4.531919115602459E-5	4.3700648614737994E-5
11	0.12582387861707842	6.15046165688905E-5	4.855627623859777E-6	4.693773369731118E-5	5.988607402760392E-5
12	0.12723201062799774	6.636024419275028E-5	4.855627623859777E-6	4.855627623859777E-5	6.474170165146369E-5
13	0.12824198117376057	7.283441435789666E-5	4.855627623859777E-6	5.179336132117096E-5	6.474170165146369E-5
14	0.12936848678249604	7.607149944046984E-5	4.855627623859777E-6	5.6648988945030736E-5	6.636024419275028E-5
15	0.1305322188696811	7.930858452304303E-5	4.855627623859777E-6	5.826753148631733E-5	6.797878673403688E-5
16	0.13191607274248116	8.41642121469028E-5	4.855627623859777E-6	5.826753148631733E-5	7.283441435789666E-5
17	0.13325298888158388	9.063838231204917E-5	6.47417016514637E-6	6.31231591101771E-5	7.930858452304303E-5
18	0.13425648525718156	9.063838231204917E-5	6.47417016514637E-6	6.31231591101771E-5	8.41642121469028E-5
19	0.1354121246316602	9.225692485333577E-5	6.47417016514637E-6	6.474170165146369E-5	9.063838231204917E-5
20	0.1365208262724415	9.387546739462236E-5	8.092712706432961E-6	6.636024419275028E-5	9.225692485333577E-5
21	0.1375583120414062	1.0034963755976873E-4	9.711255247719554E-6	7.283441435789666E-5	9.873109501848214E-5
22	0.13872528121367383	1.0196818010105532E-4	9.711255247719554E-6	7.283441435789666E-5	9.873109501848214E-5
23	0.13978057095059268	1.1491652043134806E-4	9.711255247719554E-6	7.445295689918325E-5	1.0358672264234192E-4
24	0.14115147648306245	1.1977214805520784E-4	1.1329797789006147E-5	7.930858452304303E-5	1.0844235026620169E-4
25	0.14311638712818436	1.262463182203542E-4	1.1329797789006147E-5	8.092712706432962E-5	1.1006089280748829E-4
26	0.144814238253994	1.278648607616408E-4	1.1329797789006147E-5	8.092712706432962E-5	1.262463182203542E-4
27	0.14590513592682117	1.31101945844214E-4	1.294834033029274E-5	8.092712706432962E-5	1.3757611600936036E-4
28	0.14687464290905183	1.3272048838550057E-4	1.294834033029274E-5	8.57827546881894E-5	1.699469668350922E-4
29	0.14781177904045675	1.3919465855064694E-4	1.294834033029274E-5	8.57827546881894E-5	1.8451384970667153E-4
30	0.14898684092543082	1.5214299888093968E-4	1.294834033029274E-5	8.901983977076258E-5	1.8613239224795814E-4
31	0.14982200887673472	1.6509133921123242E-4	1.294834033029274E-5	8.901983977076258E-5	1.9746219003696427E-4
32	0.15078504168880025	1.6670988175251903E-4	1.294834033029274E-5	9.063838231204917E-5	2.120290729085436E-4
33	0.1521154836577378	1.683284242938056E-4	1.294834033029274E-5	9.549400993590895E-5	2.1850324307368997E-4
34	0.15328407137254674	1.699469668350922E-4	1.294834033029274E-5	9.549400993590895E-5	2.2012178561497657E-4
35	0.15430537171609857	1.8451384970667153E-4	1.294834033029274E-5	9.549400993590895E-5	2.2821449832140952E-4
36	0.15513082841215473	1.909880198718179E-4	1.294834033029274E-5	1.0034963755976873E-4	2.314515834039827E-4
37	0.15628808632917465	1.942251049543911E-4	1.294834033029274E-5	1.0196818010105532E-4	2.330701259452693E-4
38	0.1576913627124701	1.958436474956777E-4	1.294834033029274E-5	1.0358672264234192E-4	2.330701259452693E-4
39	0.15880653852341658	1.9908073257825085E-4	1.294834033029274E-5	1.068238077249151E-4	2.3792575356912908E-4
40	0.15963846938963788	2.0231781766082404E-4	1.294834033029274E-5	1.1006089280748829E-4	2.4116283865170226E-4
41	0.1604704002558592	2.0717344528468383E-4	1.294834033029274E-5	1.1491652043134806E-4	2.508740938994218E-4
42	0.16157424626901667	2.1041053036725702E-4	1.294834033029274E-5	1.23009233137781E-4	2.557297215232816E-4
43	0.16316851067218396	2.1850324307368997E-4	1.294834033029274E-5	1.2462777567906762E-4	2.62203891688428E-4
44	0.16487769159578258	2.2012178561497657E-4	1.294834033029274E-5	1.262463182203542E-4	2.62203891688428E-4
45	0.16617252562881188	2.2659595578012294E-4	1.4566882871579332E-5	1.3272048838550057E-4	2.6705951931228777E-4
46	0.1673038868651712	2.2659595578012294E-4	1.4566882871579332E-5	1.3272048838550057E-4	2.7029660439486093E-4
47	0.16855987587720958	2.314515834039827E-4	1.4566882871579332E-5	1.3433903092678718E-4	2.7029660439486093E-4
48	0.16978511258096354	2.4116283865170226E-4	1.4566882871579332E-5	1.4243174363322012E-4	2.767707745600073E-4
49	0.1711786777090113	2.4278138119298887E-4	1.4566882871579332E-5	1.489059137983665E-4	2.783893171012939E-4
50	0.172735715633729	2.46018466275562E-4	1.4566882871579332E-5	1.5214299888093968E-4	2.783893171012939E-4
51	0.17430084627115314	2.4763700881684866E-4	1.4566882871579332E-5	1.5214299888093968E-4	2.783893171012939E-4
52	0.17630460193726594	2.573482640645682E-4	1.4566882871579332E-5	1.5699862650479947E-4	2.8324494472515367E-4
53	0.17818372982769967	2.751522320187207E-4	1.4566882871579332E-5	1.6185425412865924E-4	2.864820298077269E-4
54	0.18009199148387656	2.800078596425805E-4	1.4566882871579332E-5	1.6347279666994584E-4	2.913376574315866E-4
55	0.18227864245715475	2.864820298077269E-4	1.4566882871579332E-5	1.6670988175251903E-4	2.9943037013801957E-4
56	0.1844701490580568	2.8810057234901346E-4	1.4566882871579332E-5	1.731840519176654E-4	3.0590454030316594E-4
57	0.1867166861053626	2.913376574315866E-4	1.4566882871579332E-5	1.7642113700023858E-4	3.0914162538573915E-4
58	0.18935005482003586	2.961932850554464E-4	1.4566882871579332E-5	1.7642113700023858E-4	3.204714231747453E-4
59	0.19192515600322285	2.9943037013801957E-4	1.4566882871579332E-5	1.8775093478924472E-4	3.2856413588117826E-4
60	0.19443227839967578	2.9943037013801957E-4	1.4566882871579332E-5	1.909880198718179E-4	3.2856413588117826E-4
61	0.19700576104032144	3.010489126793062E-4	1.4566882871579332E-5	1.926065624131045E-4	3.398939336701844E-4
62	0.19979450983895825	3.0914162538573915E-4	1.4566882871579332E-5	1.9908073257825085E-4	3.5446081654176375E-4
63	0.20287459629502663	3.1399725300959894E-4	1.4566882871579332E-5	2.0231781766082404E-4	3.7388332703720286E-4
64	0.2061764230792513	3.156157955508855E-4	1.4566882871579332E-5	2.0555490274339722E-4	3.916872949913554E-4
65	0.209625537234733	3.220899657160319E-4	1.6185425412865923E-5	2.087919878259704E-4	3.9978000769778834E-4
>>END_MODULE
