##FastQC	0.11.7
>>Basic Statistics	pass
#Measure	Value
Filename	SRR1079830_2.fastq.gz
File type	Conventional base calls
Encoding	Sanger / Illumina 1.9
Total Sequences	27198464
Sequences flagged as poor quality	0
Sequence length	76
%GC	49
>>END_MODULE
>>Per base sequence quality	pass
#Base	Mean	Median	Lower Quartile	Upper Quartile	10th Percentile	90th Percentile
1	31.210174662804487	33.0	31.0	34.0	28.0	34.0
2	31.33586102509318	34.0	31.0	34.0	28.0	34.0
3	31.40430378715504	34.0	31.0	34.0	28.0	34.0
4	34.77666437339991	37.0	35.0	37.0	32.0	37.0
5	34.76511684630426	37.0	35.0	37.0	32.0	37.0
6	34.74638714892135	37.0	35.0	37.0	32.0	37.0
7	34.731978136706545	37.0	35.0	37.0	32.0	37.0
8	34.735811184043335	37.0	35.0	37.0	32.0	37.0
9	36.31150733364943	39.0	37.0	39.0	32.0	39.0
10-11	36.31948769239322	39.0	37.0	39.0	32.0	39.0
12-13	36.258284622249256	39.0	37.0	39.0	32.0	39.0
14-15	37.56439372826348	40.0	38.0	41.0	32.0	41.0
16-17	37.52323145895298	40.0	38.0	41.0	32.0	41.0
18-19	37.499901115739476	40.0	38.0	41.0	32.0	41.0
20-21	37.47599636508885	40.0	38.0	41.0	31.5	41.0
22-23	37.420414513113684	40.0	38.0	41.0	31.0	41.0
24-25	37.36818356727792	40.0	38.0	41.0	31.0	41.0
26-27	37.274033875589446	40.0	38.0	41.0	31.0	41.0
28-29	37.18081949407143	40.0	37.5	41.0	30.5	41.0
30-31	37.076499540562295	40.0	37.0	41.0	30.0	41.0
32-33	36.98637621595102	40.0	37.0	41.0	30.0	41.0
34-35	36.88262936465824	40.0	37.0	41.0	30.0	41.0
36-37	36.77033475125654	40.0	37.0	41.0	30.0	41.0
38-39	36.65636081508132	40.0	37.0	41.0	30.0	41.0
40-41	36.53832793645994	40.0	36.0	41.0	30.0	41.0
42-43	36.4053869733232	40.0	36.0	41.0	29.5	41.0
44-45	36.242218935598714	40.0	35.5	41.0	29.0	41.0
46-47	36.06371449873052	40.0	35.0	41.0	28.0	41.0
48-49	35.900928670089606	39.5	35.0	41.0	28.0	41.0
50-51	35.71336771076484	39.0	35.0	41.0	28.0	41.0
52-53	35.534620153549845	39.0	35.0	41.0	27.0	41.0
54-55	35.32178247271611	39.0	35.0	41.0	27.0	41.0
56-57	35.078446102691686	38.5	34.5	41.0	26.0	41.0
58-59	34.818252420430795	38.0	34.0	41.0	26.0	41.0
60-61	34.56709660148455	37.5	34.0	40.0	26.0	41.0
62-63	34.30291460576597	37.0	34.0	40.0	26.0	41.0
64-65	34.020968867947836	37.0	34.0	40.0	25.5	41.0
66-67	33.689602949637155	36.0	34.0	39.5	24.5	41.0
68-69	33.319428258889914	35.5	33.0	39.0	23.5	41.0
70-71	32.9538757225408	35.0	33.0	39.0	23.0	41.0
72-73	32.56291844274735	35.0	33.0	38.5	22.0	40.5
74-75	32.14786912231514	35.0	33.0	37.0	19.5	39.5
76	31.33399062535296	35.0	32.0	37.0	2.0	39.0
>>END_MODULE
>>Per sequence quality scores	pass
#Quality	Count
2	461638.0
3	61877.0
4	49614.0
5	39992.0
6	36097.0
7	35589.0
8	37316.0
9	40341.0
10	44671.0
11	49318.0
12	54383.0
13	59398.0
14	62265.0
15	65679.0
16	68925.0
17	72578.0
18	76199.0
19	80162.0
20	84383.0
21	92251.0
22	103956.0
23	119889.0
24	142218.0
25	170741.0
26	205111.0
27	243101.0
28	289403.0
29	343832.0
30	413288.0
31	496953.0
32	611760.0
33	765217.0
34	996988.0
35	1361409.0
36	2003259.0
37	3174490.0
38	4971112.0
39	7147563.0
40	2065498.0
>>END_MODULE
>>Per base sequence content	fail
#Base	G	A	T	C
1	25.5589783425632	12.863897123723781	16.25507750050851	45.32204703320451
2	22.743443751410965	20.77221550178478	34.9340628829019	21.550277863902362
3	27.404733550775596	23.0560318730778	24.266945860881712	25.272288715264896
4	26.9205980996461	30.247507596059858	18.877076987946243	23.954817316347803
5	27.78519477784952	31.466154896115782	20.650887769999212	20.09776255603549
6	21.96003108783122	33.10661565828703	21.41775303573702	23.515600218144726
7	19.751181291495325	16.05509242255107	39.86952716475544	24.324199121198163
8	21.062155186202254	20.76164256000272	27.09851348667831	31.07768876711671
9	21.460382349599485	20.57831193732078	29.633867394760994	28.32743831831874
10-11	25.77950975390932	29.483292901683853	20.295890872626416	24.441306471780415
12-13	23.306128156452036	23.4698677016485	27.44810672437039	25.77589741752907
14-15	23.788898669590168	24.872296172103663	26.40629662698017	24.932508531326
16-17	24.724735806455186	25.020587764251033	25.28818178998593	24.96649463930785
18-19	24.56602218962274	25.523478205841986	24.969299630547003	24.941199973988272
20-21	24.44961146079366	25.490099051063247	25.30083486978876	24.759454618354333
22-23	24.52989740047038	25.573371710394703	25.37362679509627	24.52310409403864
24-25	24.45751470210839	25.60368104147494	25.341122927132727	24.597681329283944
26-27	24.341896732133172	25.676922445544275	25.383309794568454	24.5978710277541
28-29	24.514142206240866	25.427054986359423	25.338326990184168	24.720475817215544
30-31	24.26519261037418	25.607879812890978	25.376501714806725	24.750425861928115
32-33	24.302567904920988	25.661587952365128	25.41464140055326	24.62120274216062
34-35	24.657971592393523	25.568540101037414	25.13099878133909	24.642489525229973
36-37	24.501909146765577	25.527625423324086	25.24066062002197	24.72980480988837
38-39	24.419475412915624	25.603481027461804	25.36933250978709	24.607711049835483
40-41	24.50241995814215	25.553569989439605	25.367394882743397	24.576615169674845
42-43	24.279058616773355	25.505962385532587	25.522805952887573	24.692173044806484
44-45	24.385196423170395	25.54663602142177	25.46372821752306	24.604439337884777
46-47	24.544135933998483	25.53211666807247	25.276405219493785	24.647342178435263
48-49	24.43190184536651	25.483594375088163	25.411626162961788	24.672877616583534
50-51	24.344723856084222	25.630718235930907	25.40665423091049	24.61790367707438
52-53	24.496246472363957	25.568115799548814	25.275394950639402	24.660242777447824
54-55	24.394959240339205	25.51919715598888	25.396593659284544	24.68924994438737
56-57	24.40790245957598	25.550243638952942	25.44604993192613	24.595803969544953
58-59	24.53832217234823	25.51486536662167	25.291846188293217	24.654966272736882
60-61	24.35883383411835	25.60318001890403	25.43290464987748	24.605081497100134
62-63	24.280922811455635	25.624638393340803	25.569106722341957	24.525332072861598
64-65	24.481334740015402	25.543401780760888	25.427735940055403	24.547527539168303
66-67	24.476528014150837	25.52127158836465	25.36541868559882	24.636781711885693
68-69	24.446393548582233	25.62909815662109	25.390848447067206	24.53365984772948
70-71	24.556939180653313	25.506879400175247	25.408233792720413	24.527947626451027
72-73	24.45277388652331	25.617158313818905	25.461573954384964	24.468493845272814
74-75	24.41872555070415	25.6866443033888	25.473196719275865	24.421433426631186
76	24.579412611761548	25.43417384062764	25.33776929224706	24.64864425536376
>>END_MODULE
>>Per sequence GC content	pass
#GC Content	Count
0	7049.0
1	6458.5
2	3493.5
3	987.0
4	855.0
5	813.5
6	737.0
7	669.0
8	636.0
9	675.0
10	737.5
11	945.0
12	1129.0
13	1355.5
14	2237.0
15	3904.0
16	6604.0
17	8292.0
18	11518.0
19	20231.0
20	33701.5
21	41685.0
22	53350.5
23	82079.0
24	120073.5
25	141005.0
26	169866.0
27	230978.5
28	297125.0
29	331020.0
30	369769.0
31	446018.5
32	518916.0
33	554313.0
34	593518.0
35	667843.0
36	737869.5
37	772776.0
38	803364.5
39	859732.5
40	910167.0
41	957703.5
42	980585.0
43	988896.5
44	1002430.0
45	1007153.0
46	1006654.0
47	1021862.5
48	1043261.0
49	1054751.5
50	1060052.0
51	1069768.0
52	1079810.5
53	1075619.5
54	1071102.0
55	1060882.0
56	1035340.0
57	1003770.0
58	987522.0
59	966958.5
60	914069.5
61	840622.0
62	799500.0
63	747764.5
64	643360.5
65	554434.0
66	474907.5
67	431639.0
68	387762.0
69	307528.0
70	238148.5
71	205126.0
72	180959.5
73	140162.0
74	109050.5
75	94570.0
76	84910.5
77	67820.5
78	52717.5
79	45045.0
80	39847.0
81	30970.0
82	23259.5
83	19228.0
84	15188.0
85	8366.0
86	4237.0
87	2890.0
88	2139.0
89	1069.0
90	577.0
91	330.0
92	256.0
93	206.5
94	124.0
95	90.5
96	90.0
97	76.5
98	67.0
99	133.5
100	196.0
>>END_MODULE
>>Per base N content	pass
#Base	N-Count
1	0.1314008026335605
2	0.116723503209593
3	0.11659481947215844
4	0.11551755275592034
5	0.1200214835661308
6	0.08766671529686382
7	0.07723230253002522
8	0.07563294750762395
9	0.07194523926057
10-11	0.06930170762584241
12-13	0.07217135497063364
14-15	0.07227797863879372
16-17	0.06796339675652271
18-19	0.06771154429897218
20-21	0.06595225377433078
22-23	0.06359366470106548
24-25	0.0633988007558074
26-27	0.06402751273013065
28-29	0.060714825660743196
30-31	0.06402015937370581
32-33	0.06725012118331389
34-35	0.06850019177553557
36-37	0.06472608159048981
38-39	0.064851088649712
40-41	0.06668942775592034
42-43	0.06966753710797786
44-45	0.07161617656055871
46-47	0.07129630555607847
48-49	0.07279087524942585
50-51	0.07296735580362185
52-53	0.07168787178570084
54-55	0.07127608382591016
56-57	0.06911971205432778
58-59	0.07219341503990813
60-61	0.07402991580701028
62-63	0.07456119580870449
64-65	0.07734444121550393
66-67	0.07925447554685441
68-69	0.07833530599375023
70-71	0.07301515262038327
72-73	0.0722081217527578
74-75	0.06797810346937239
76	0.11653599262075975
>>END_MODULE
>>Sequence Length Distribution	pass
#Length	Count
76	2.7198464E7
>>END_MODULE
>>Sequence Duplication Levels	pass
#Total Deduplicated Percentage	81.9159407258464
#Duplication Level	Percentage of deduplicated	Percentage of total
1	88.32557340954723	72.35272435992867
2	8.083922108612699	13.24404168562954
3	1.974462586316246	4.85219880558249
4	0.7096666283913655	2.3253203786567345
5	0.3363802370405351	1.377745177937932
6	0.18334036199039713	0.9011098935276357
7	0.10072719725788506	0.5775814184040287
8	0.06326700631617603	0.4146061071438101
9	0.041165996599857854	0.30349362036549155
>10	0.16784879710255377	2.3047165704749872
>50	0.009005268728644883	0.508680340450127
>100	0.004471401842725219	0.6378618040517123
>500	1.3286714812345298E-4	0.06874020210713758
>1k	2.4088991536033174E-5	0.020443098252802005
>5k	0.0	0.0
>10k+	1.2044114033713785E-5	0.11073653748698317
>>END_MODULE
>>Overrepresented sequences	pass
>>END_MODULE
>>Adapter Content	pass
#Position	Illumina Universal Adapter	Illumina Small RNA 3' Adapter	Illumina Small RNA 5' Adapter	Nextera Transposase Sequence	SOLID Small RNA Adapter
1	0.0	0.0	0.0	0.0	0.0
2	0.0	7.353356424833403E-6	0.0	2.2060069274500208E-5	0.0
3	3.6766782124167013E-6	1.1030034637250104E-5	0.0	2.2060069274500208E-5	0.0
4	1.4706712849666805E-5	1.1030034637250104E-5	0.0	2.2060069274500208E-5	0.0
5	1.4706712849666805E-5	1.1030034637250104E-5	0.0	2.2060069274500208E-5	0.0
6	1.4706712849666805E-5	1.1030034637250104E-5	0.0	2.2060069274500208E-5	0.0
7	1.4706712849666805E-5	1.1030034637250104E-5	0.0	2.2060069274500208E-5	0.0
8	1.4706712849666805E-5	1.1030034637250104E-5	0.0	2.573674748691691E-5	0.0
9	1.8383391062083506E-5	1.1030034637250104E-5	0.0	3.309010391175031E-5	0.0
10	1.8383391062083506E-5	1.4706712849666805E-5	0.0	3.309010391175031E-5	0.0
11	1.8383391062083506E-5	2.573674748691691E-5	0.0	3.309010391175031E-5	0.0
12	2.2060069274500208E-5	3.309010391175031E-5	0.0	3.309010391175031E-5	0.0
13	2.573674748691691E-5	3.309010391175031E-5	0.0	3.309010391175031E-5	0.0
14	3.309010391175031E-5	3.309010391175031E-5	0.0	3.309010391175031E-5	0.0
15	3.676678212416701E-5	3.309010391175031E-5	0.0	3.309010391175031E-5	0.0
16	9.927031173525094E-5	3.676678212416701E-5	0.0	3.309010391175031E-5	0.0
17	3.492844301795866E-4	4.044346033658371E-5	0.0	3.309010391175031E-5	0.0
18	8.382826324310078E-4	4.044346033658371E-5	0.0	3.309010391175031E-5	3.6766782124167013E-6
19	0.0014706712849666805	4.044346033658371E-5	0.0	4.044346033658371E-5	3.6766782124167013E-6
20	0.0020258496950416025	4.044346033658371E-5	0.0	4.044346033658371E-5	3.6766782124167013E-6
21	0.002658238347577275	4.044346033658371E-5	0.0	4.779681676141711E-5	3.6766782124167013E-6
22	0.003250183539776364	4.044346033658371E-5	0.0	4.779681676141711E-5	3.6766782124167013E-6
23	0.0038531587666127028	5.147349497383382E-5	0.0	5.147349497383382E-5	3.6766782124167013E-6
24	0.004441427280599375	5.147349497383382E-5	0.0	5.147349497383382E-5	3.6766782124167013E-6
25	0.004919395448213546	5.147349497383382E-5	0.0	5.147349497383382E-5	3.6766782124167013E-6
26	0.005415747006889801	5.5150173186250516E-5	0.0	5.147349497383382E-5	3.6766782124167013E-6
27	0.005937835313052972	5.882685139866722E-5	0.0	5.147349497383382E-5	3.6766782124167013E-6
28	0.006448893584578894	5.882685139866722E-5	0.0	5.147349497383382E-5	3.6766782124167013E-6
29	0.006956275177892398	6.250352961108392E-5	0.0	5.5150173186250516E-5	3.6766782124167013E-6
30	0.0074121832762320695	6.250352961108392E-5	0.0	5.5150173186250516E-5	7.353356424833403E-6
31	0.007783527775686156	6.985688603591733E-5	0.0	6.250352961108392E-5	7.353356424833403E-6
32	0.008232082517600993	8.088692067316742E-5	0.0	6.618020782350062E-5	7.353356424833403E-6
33	0.008647547155604082	8.456359888558413E-5	0.0	6.618020782350062E-5	7.353356424833403E-6
34	0.008952711447234668	8.456359888558413E-5	0.0	6.618020782350062E-5	7.353356424833403E-6
35	0.009309349233839087	1.0662366816008433E-4	0.0	6.618020782350062E-5	7.353356424833403E-6
36	0.009684370411505591	1.1765370279733444E-4	0.0	6.985688603591733E-5	1.1030034637250104E-5
37	0.009993211381348593	1.3971377207183466E-4	0.0	7.353356424833403E-5	1.4706712849666805E-5
38	0.01030940570761643	1.3971377207183466E-4	0.0	9.191695531041753E-5	1.4706712849666805E-5
39	0.01059986328639735	1.4706712849666805E-4	0.0	9.927031173525094E-5	1.4706712849666805E-5
40	0.010897674221603102	1.4706712849666805E-4	0.0	9.927031173525094E-5	1.4706712849666805E-5
41	0.011246958651782688	1.5442048492150145E-4	0.0	1.0662366816008433E-4	1.4706712849666805E-5
42	0.011522709517713942	1.5809716313391816E-4	0.0	1.0662366816008433E-4	1.4706712849666805E-5
43	0.011849933878619028	1.6177384134633484E-4	0.0	1.0662366816008433E-4	1.4706712849666805E-5
44	0.01210362467527578	1.6912719777116827E-4	0.0	1.1765370279733444E-4	1.4706712849666805E-5
45	0.012423495679756034	1.6912719777116827E-4	0.0	1.1765370279733444E-4	1.4706712849666805E-5
46	0.012673509798200368	1.7280387598358495E-4	0.0	1.2133038100975114E-4	1.4706712849666805E-5
47	0.012997057480893038	1.7648055419600166E-4	0.0	1.2500705922216784E-4	1.4706712849666805E-5
48	0.013342665232860209	1.7648055419600166E-4	0.0	1.2500705922216784E-4	1.4706712849666805E-5
49	0.013666212915552879	1.8015723240841835E-4	0.0	1.2868373743458455E-4	1.4706712849666805E-5
50	0.014022850702157297	1.8015723240841835E-4	0.0	1.2868373743458455E-4	1.8383391062083506E-5
51	0.014350075063062386	1.8751058883325177E-4	0.0	1.3236041564700123E-4	1.8383391062083506E-5
52	0.014688329458604722	2.0221730168291856E-4	0.0	1.3236041564700123E-4	1.8383391062083506E-5
53	0.015195711051918226	2.0221730168291856E-4	0.0	1.3971377207183466E-4	2.573674748691691E-5
54	0.0156957392888069	2.0221730168291856E-4	0.0	1.4339045028425134E-4	3.309010391175031E-5
55	0.01616267742178382	2.0221730168291856E-4	0.0	1.4706712849666805E-4	3.309010391175031E-5
56	0.016681089049734574	2.0221730168291856E-4	0.0	1.5442048492150145E-4	3.309010391175031E-5
57	0.017236267459809496	2.2427737095741878E-4	0.0	1.5442048492150145E-4	3.309010391175031E-5
58	0.01779879922630925	2.2427737095741878E-4	3.6766782124167013E-6	1.6177384134633484E-4	3.309010391175031E-5
59	0.01859296172019126	2.2427737095741878E-4	3.6766782124167013E-6	1.6545051955875155E-4	3.309010391175031E-5
60	0.019541544698994766	2.2795404916983546E-4	3.6766782124167013E-6	1.6545051955875155E-4	3.309010391175031E-5
61	0.020589397989533527	2.3898408380708557E-4	3.6766782124167013E-6	1.6912719777116827E-4	3.676678212416701E-5
62	0.021927708858853204	2.4266076201950228E-4	3.6766782124167013E-6	1.6912719777116827E-4	3.676678212416701E-5
63	0.023585890732653138	2.536907966567524E-4	3.6766782124167013E-6	1.7280387598358495E-4	3.676678212416701E-5
64	0.025052885339407402	2.610441530815858E-4	3.6766782124167013E-6	1.7648055419600166E-4	3.676678212416701E-5
65	0.0265713534411355	2.757508659312526E-4	7.353356424833403E-6	1.8383391062083506E-4	4.044346033658371E-5
>>END_MODULE
