##FastQC	0.11.7
>>Basic Statistics	pass
#Measure	Value
Filename	SRR1086236_2_val_2.fq.gz
File type	Conventional base calls
Encoding	Sanger / Illumina 1.9
Total Sequences	34795063
Sequences flagged as poor quality	0
Sequence length	20-76
%GC	50
>>END_MODULE
>>Per base sequence quality	pass
#Base	Mean	Median	Lower Quartile	Upper Quartile	10th Percentile	90th Percentile
1	31.722669046467885	33.0	31.0	34.0	30.0	34.0
2	31.841158499986047	34.0	31.0	34.0	28.0	34.0
3	31.925848848154118	34.0	31.0	34.0	30.0	34.0
4	35.37727349423106	37.0	35.0	37.0	32.0	37.0
5	35.341951672856574	37.0	35.0	37.0	32.0	37.0
6	35.371657496352285	37.0	35.0	37.0	32.0	37.0
7	35.3728002734181	37.0	35.0	37.0	32.0	37.0
8	35.39667452247464	37.0	35.0	37.0	32.0	37.0
9	37.01995535975894	39.0	37.0	39.0	33.0	39.0
10-11	37.04458674209039	39.0	37.0	39.0	33.0	39.0
12-13	37.00169000987295	39.0	37.0	39.0	32.5	39.0
14-15	38.342379779568155	40.0	38.0	41.0	33.0	41.0
16-17	38.31598546035109	40.0	38.0	41.0	33.0	41.0
18-19	38.31249959225537	40.0	38.0	41.0	33.0	41.0
20-21	38.31555810027603	40.0	38.0	41.0	33.0	41.0
22-23	38.285826756551955	40.0	38.0	41.0	33.0	41.0
24-25	38.26326328211486	40.0	38.0	41.0	33.0	41.0
26-27	38.199657365028	40.0	38.0	41.0	32.0	41.0
28-29	38.14505931372325	40.0	38.0	41.0	32.0	41.0
30-31	38.07752884578112	40.0	38.0	41.0	32.0	41.0
32-33	38.03605632368203	40.0	38.0	41.0	32.0	41.0
34-35	37.98170916140533	40.0	37.5	41.0	32.0	41.0
36-37	37.90929462846805	40.0	37.0	41.0	32.0	41.0
38-39	37.8373757424699	40.0	37.0	41.0	32.0	41.0
40-41	37.77283558863323	40.0	37.0	41.0	32.0	41.0
42-43	37.68227167323447	40.0	37.0	41.0	31.5	41.0
44-45	37.55241744410742	40.0	36.0	41.0	31.0	41.0
46-47	37.4210467555602	40.0	36.0	41.0	31.0	41.0
48-49	37.30933724011631	39.5	35.5	41.0	31.0	41.0
50-51	37.1742938909419	39.0	35.0	41.0	31.0	41.0
52-53	37.049495411116624	39.0	35.0	41.0	31.0	41.0
54-55	36.891812325147924	39.0	35.0	41.0	31.0	41.0
56-57	36.706503753278575	38.5	35.0	41.0	30.5	41.0
58-59	36.51198393579041	38.0	35.0	40.5	30.0	41.0
60-61	36.33057492403353	37.5	35.0	40.0	30.0	41.0
62-63	36.145749507519284	37.0	34.5	40.0	30.0	41.0
64-65	35.95718108565243	37.0	34.0	40.0	30.0	41.0
66-67	35.73046165860304	36.0	34.0	39.0	30.0	41.0
68-69	35.491759410455	36.0	34.0	39.0	30.0	41.0
70-71	35.29297970500028	35.0	34.0	39.0	30.0	41.0
72-73	35.12652493139976	35.0	34.0	37.5	30.0	40.0
74-75	35.01671156553121	35.0	34.0	37.0	30.0	39.5
76	34.49261359205818	35.0	33.0	36.0	30.0	39.0
>>END_MODULE
>>Per sequence quality scores	pass
#Quality	Count
15	8.0
16	9.0
17	19.0
18	66.0
19	2677.0
20	35697.0
21	85540.0
22	144179.0
23	202777.0
24	260587.0
25	320611.0
26	378757.0
27	433694.0
28	494195.0
29	563577.0
30	646822.0
31	756513.0
32	899574.0
33	1102899.0
34	1416258.0
35	1913794.0
36	2821094.0
37	4460047.0
38	6664282.0
39	8805754.0
40	2385633.0
>>END_MODULE
>>Per base sequence content	fail
#Base	G	A	T	C
1	26.83100396513333	12.648246727281009	16.73780239490924	43.782946912676415
2	24.118585668121494	20.095850855248084	33.02118517986505	22.764378296765372
3	28.16913500356277	22.481243910572946	23.890047693581568	25.45957339228272
4	27.827588769719913	29.255905750083844	18.66590360955627	24.25060187063997
5	28.52612209957591	30.81747915904554	20.32159786741542	20.334800873963125
6	22.566508964814783	32.83917774131404	20.767995582194278	23.826317711676896
7	20.24392382709844	16.108924709614115	39.134297674880884	24.51285378840657
8	21.56054505631353	20.695233007716922	26.438278381193026	31.305943554776523
9	21.932634990064944	20.445253614074716	29.077471129478532	28.544640266381805
10-11	26.21603858769585	28.91668583305006	20.03176410410504	24.83551147514905
12-13	23.930027013809486	23.01144626541959	26.92349089741075	26.135035823360177
14-15	24.24232695864192	24.51267157865896	26.015626716598522	25.229374746100596
16-17	25.062596985090074	24.643570812537607	24.96178077558642	25.332051426785902
18-19	24.909836246966833	25.105437731915448	24.69935596087539	25.28537006024233
20-21	24.83271292426985	25.020310412091796	24.99546070195429	25.15151596168407
22-23	24.913464551447156	25.12175140599059	24.998863212259394	24.96592083030286
24-25	24.813180201776476	25.183738130573097	25.00515556226604	24.997926105384387
26-27	24.750575282574978	25.222092339611724	25.008216879929513	25.019115497883774
28-29	24.89259744570658	24.964168811924857	24.983370462977923	25.15986327939064
30-31	24.625502306145343	25.192284875063603	25.0820221358529	25.100190682938152
32-33	24.665302259314537	25.235117546999707	25.06504893079119	25.034531262894568
34-35	25.02817020306641	25.12174671747754	24.80830385825534	25.041779221200716
36-37	24.81758077043329	25.100826955735855	24.94855472312258	25.133037550708277
38-39	24.758602256876724	25.182267383025035	25.041564745020278	25.017565615077963
40-41	24.881170493770277	25.102848860602883	25.00191493351561	25.014065712111233
42-43	24.606617627432914	25.120140906321737	25.231120868809214	25.042120597436135
44-45	24.68902189267643	25.131429736064163	25.204216110663545	24.975332260595856
46-47	24.86326986305173	25.12316912790461	24.993459662828542	25.020101346215117
48-49	24.685361867347716	25.09102293030497	25.168351858785908	25.055263343561407
50-51	24.655030273857232	25.19300162324718	25.164169870207083	24.98779823268851
52-53	24.75683056766237	25.20186660689829	24.993966915751066	25.04733590968828
54-55	24.64016836024086	25.15384854209038	25.137556563005642	25.068426534663118
56-57	24.653127907223038	25.141218600801224	25.230798851640206	24.97485464033553
58-59	24.750199338992644	25.12761499566265	25.072061139077828	25.050124526266877
60-61	24.583403577753188	25.19717644816659	25.242019647806924	24.977400326273298
62-63	24.4953862725223	25.283851180581816	25.3568576354611	24.86390491143478
64-65	24.634904094506815	25.1898316052103	25.240419306896495	24.934844993386392
66-67	24.573285433567683	25.185733893292095	25.22885421725033	25.0121264558899
68-69	24.590344289263754	25.279382600640403	25.242370151452075	24.887902958643764
70-71	24.620755115749198	25.16684122732471	25.271785876043424	24.940617780882665
72-73	24.46198204641287	25.116273370565246	25.403133454582505	25.018611128439378
74-75	24.76074498965792	21.750685160146435	26.95957267437295	26.528997175822695
76	25.832259043717137	0.0	36.70986525069707	37.45787570558579
>>END_MODULE
>>Per sequence GC content	pass
#GC Content	Count
0	1103.0
1	999.0
2	980.0
3	1085.0
4	1135.0
5	1292.0
6	1609.0
7	1982.0
8	2326.5
9	2643.5
10	3066.0
11	3652.0
12	4205.0
13	5006.5
14	6280.0
15	8169.5
16	10552.5
17	12957.0
18	17710.0
19	26343.0
20	36613.0
21	45738.0
22	61263.5
23	88826.0
24	118362.0
25	142277.0
26	181694.0
27	241444.0
28	299493.5
29	343620.0
30	403016.5
31	485692.0
32	563883.0
33	620229.0
34	688437.5
35	782714.0
36	860713.5
37	912540.5
38	972011.5
39	1059198.5
40	1135818.0
41	1208545.0
42	1262045.0
43	1298252.5
44	1339048.0
45	1356294.5
46	1359315.5
47	1386137.5
48	1417475.0
49	1430673.5
50	1439616.5
51	1444677.5
52	1443917.5
53	1436315.5
54	1426920.0
55	1415240.0
56	1411037.0
57	1391094.0
58	1365701.5
59	1332686.0
60	1288848.0
61	1227108.5
62	1163596.0
63	1091142.0
64	982195.0
65	876903.5
66	764807.0
67	686387.0
68	617250.5
69	519892.0
70	422559.5
71	357313.0
72	311764.0
73	254347.5
74	203240.5
75	170896.5
76	145853.0
77	115795.5
78	89766.0
79	72487.0
80	59563.0
81	45595.0
82	34782.5
83	26671.5
84	19955.5
85	13399.0
86	9165.5
87	7075.5
88	5458.0
89	3954.5
90	2988.0
91	2348.0
92	1975.5
93	1392.0
94	746.5
95	472.5
96	373.0
97	358.5
98	222.0
99	185.5
100	285.0
>>END_MODULE
>>Per base N content	pass
#Base	N-Count
1	0.06890345334336656
2	0.041873756630358736
3	0.041649586896853726
4	0.03999992757593225
5	0.043414205055470084
6	0.01420029042625961
7	0.007127447937082339
8	0.006268130625313137
9	0.0031469981818972423
10-11	0.00307658589380913
12-13	0.002894088738968514
14-15	0.004338259137510399
16-17	0.0030320393442023657
18-19	0.001704264768826543
20-21	0.0017995879920910123
22-23	7.770387467780952E-4
24-25	0.0012404314794078795
26-27	0.0010299845228236059
28-29	0.0020599601529166494
30-31	6.235543052576392E-4
32-33	0.0018533415879245247
34-35	9.449005004532692E-4
36-37	2.166464250082907E-4
38-39	6.948409978738303E-4
40-41	8.713455392253271E-4
42-43	5.338218558953019E-4
44-45	2.3889796456882305E-4
46-47	6.580688985798022E-4
48-49	6.110069920842793E-4
50-51	3.4976973639935875E-4
52-53	7.575049320302809E-4
54-55	9.99789139427048E-4
56-57	2.543534791948894E-4
58-59	2.4315941473050486E-4
60-61	2.85815285182975E-4
62-63	1.3663166989079872E-4
64-65	3.6922993269601433E-4
66-67	2.633711249706886E-4
68-69	3.955768784340828E-4
70-71	5.2063445862652706E-5
72-73	3.0981746964358084E-5
74-75	0.0
76	0.0
>>END_MODULE
>>Sequence Length Distribution	warn
#Length	Count
20-21	37940.0
22-23	40563.0
24-25	44312.0
26-27	47318.0
28-29	51461.0
30-31	54255.0
32-33	56459.0
34-35	59627.0
36-37	62315.0
38-39	66296.0
40-41	69371.0
42-43	71668.0
44-45	75116.0
46-47	78048.0
48-49	80158.0
50-51	83547.0
52-53	87100.0
54-55	91086.0
56-57	96199.0
58-59	102245.0
60-61	109425.0
62-63	120202.0
64-65	137869.0
66-67	162624.0
68-69	197210.0
70-71	288063.0
72-73	1117943.0
74-75	1.0249317E7
76-77	2.1057326E7
>>END_MODULE
>>Sequence Duplication Levels	pass
#Total Deduplicated Percentage	80.22071345302373
#Duplication Level	Percentage of deduplicated	Percentage of total
1	89.17518532550133	71.53696989117331
2	7.554370111280534	12.120339200302457
3	1.7996821596449073	4.331153605061791
4	0.6453053850169311	2.0706743352454553
5	0.30002871264119885	1.2034258692234605
6	0.14810201161104197	0.7128509421159475
7	0.08946902293630342	0.5024088196326644
8	0.05195533286905529	0.33343150963559604
9	0.03898791530267321	0.2814874543463856
>10	0.16125243835424674	2.4143540343207652
>50	0.01897550869427546	1.0643962006023304
>100	0.015216761616642583	2.497711426621996
>500	0.0012507747707227184	0.6846972570179934
>1k	2.1853976023020964E-4	0.24609945469984784
>5k	0.0	0.0
>10k+	0.0	0.0
>>END_MODULE
>>Overrepresented sequences	pass
>>END_MODULE
>>Adapter Content	pass
#Position	Illumina Universal Adapter	Illumina Small RNA 3' Adapter	Illumina Small RNA 5' Adapter	Nextera Transposase Sequence	SOLID Small RNA Adapter
1	0.0	5.7479418847438215E-6	0.0	5.7479418847438215E-6	0.0
2	0.0	3.161368036609102E-5	0.0	2.0117796596603375E-5	0.0
3	0.0	3.161368036609102E-5	0.0	2.2991767538975286E-5	2.8739709423719108E-6
4	0.0	3.161368036609102E-5	0.0	2.2991767538975286E-5	5.7479418847438215E-6
5	0.0	3.736162225083484E-5	0.0	2.8739709423719108E-5	8.621912827115732E-6
6	0.0	3.736162225083484E-5	0.0	3.161368036609102E-5	8.621912827115732E-6
7	0.0	5.4605447905066304E-5	0.0	3.161368036609102E-5	8.621912827115732E-6
8	0.0	5.7479418847438215E-5	2.8739709423719108E-6	3.448765130846293E-5	8.621912827115732E-6
9	0.0	6.322736073218204E-5	2.8739709423719108E-6	4.885750602032248E-5	8.621912827115732E-6
10	0.0	6.322736073218204E-5	2.8739709423719108E-6	4.885750602032248E-5	8.621912827115732E-6
11	0.0	6.610133167455395E-5	2.8739709423719108E-6	5.1731476962694394E-5	1.1495883769487643E-5
12	0.0	6.897530261692586E-5	2.8739709423719108E-6	5.1731476962694394E-5	1.1495883769487643E-5
13	0.0	7.184927355929777E-5	2.8739709423719108E-6	6.0353389789810126E-5	1.4369854711859554E-5
14	0.0	7.184927355929777E-5	2.8739709423719108E-6	6.0353389789810126E-5	1.4369854711859554E-5
15	0.0	7.184927355929777E-5	2.8739709423719108E-6	6.897530261692586E-5	1.4369854711859554E-5
16	0.0	7.472324450166968E-5	2.8739709423719108E-6	7.472324450166968E-5	1.4369854711859554E-5
17	0.0	7.472324450166968E-5	2.8739709423719108E-6	8.621912827115732E-5	1.4369854711859554E-5
18	0.0	7.472324450166968E-5	2.8739709423719108E-6	8.909309921352923E-5	1.7243825654231465E-5
19	0.0	7.472324450166968E-5	2.8739709423719108E-6	9.771501204064497E-5	2.2991767538975286E-5
20	0.0	7.472324450166968E-5	2.8739709423719108E-6	1.0058898298301688E-4	2.2991767538975286E-5
21	0.0	8.04711863864135E-5	2.8739709423719108E-6	1.0921089581013261E-4	2.2991767538975286E-5
22	0.0	8.04711863864135E-5	2.8739709423719108E-6	1.1208486675250452E-4	2.2991767538975286E-5
23	0.0	8.334515732878541E-5	2.8739709423719108E-6	1.1208486675250452E-4	2.2991767538975286E-5
24	0.0	8.621912827115732E-5	2.8739709423719108E-6	1.2645472146436407E-4	2.2991767538975286E-5
25	0.0	9.196707015590114E-5	2.8739709423719108E-6	1.2645472146436407E-4	2.2991767538975286E-5
26	0.0	9.196707015590114E-5	2.8739709423719108E-6	1.322026633491079E-4	2.2991767538975286E-5
27	0.0	9.484104109827305E-5	2.8739709423719108E-6	1.322026633491079E-4	2.2991767538975286E-5
28	0.0	1.0921089581013261E-4	2.8739709423719108E-6	1.4082457617622363E-4	2.8739709423719108E-5
29	0.0	1.0921089581013261E-4	2.8739709423719108E-6	1.4369854711859554E-4	2.8739709423719108E-5
30	0.0	1.1208486675250452E-4	2.8739709423719108E-6	1.4369854711859554E-4	2.8739709423719108E-5
31	0.0	1.1208486675250452E-4	2.8739709423719108E-6	1.4369854711859554E-4	2.8739709423719108E-5
32	0.0	1.1495883769487643E-4	2.8739709423719108E-6	1.4944648900333936E-4	2.8739709423719108E-5
33	0.0	1.1495883769487643E-4	2.8739709423719108E-6	1.4944648900333936E-4	2.8739709423719108E-5
34	0.0	1.2070677957962025E-4	2.8739709423719108E-6	1.4944648900333936E-4	2.8739709423719108E-5
35	0.0	1.322026633491079E-4	2.8739709423719108E-6	1.4944648900333936E-4	2.8739709423719108E-5
36	0.0	1.3795060523385172E-4	2.8739709423719108E-6	1.4944648900333936E-4	2.8739709423719108E-5
37	0.0	1.4944648900333936E-4	2.8739709423719108E-6	1.4944648900333936E-4	2.8739709423719108E-5
38	0.0	1.580684018304551E-4	2.8739709423719108E-6	1.5232045994571127E-4	3.448765130846293E-5
39	0.0	1.580684018304551E-4	2.8739709423719108E-6	1.5232045994571127E-4	3.448765130846293E-5
40	0.0	1.60942372772827E-4	2.8739709423719108E-6	1.5232045994571127E-4	3.448765130846293E-5
41	0.0	1.60942372772827E-4	2.8739709423719108E-6	1.580684018304551E-4	3.448765130846293E-5
42	0.0	1.60942372772827E-4	2.8739709423719108E-6	1.60942372772827E-4	3.448765130846293E-5
43	0.0	1.638163437151989E-4	2.8739709423719108E-6	1.60942372772827E-4	3.736162225083484E-5
44	0.0	1.6956428559994273E-4	2.8739709423719108E-6	1.6956428559994273E-4	4.023559319320675E-5
45	0.0	1.839341403118023E-4	2.8739709423719108E-6	1.7531222748468656E-4	4.023559319320675E-5
46	0.0	1.868081112541742E-4	2.8739709423719108E-6	1.7818619842705847E-4	4.023559319320675E-5
47	0.0	1.9255605313891802E-4	2.8739709423719108E-6	1.839341403118023E-4	4.023559319320675E-5
48	0.0	1.9543002408128993E-4	2.8739709423719108E-6	1.839341403118023E-4	4.023559319320675E-5
49	0.0	1.9543002408128993E-4	2.8739709423719108E-6	1.839341403118023E-4	4.023559319320675E-5
50	0.0	1.9830399502366184E-4	2.8739709423719108E-6	1.868081112541742E-4	4.023559319320675E-5
51	0.0	2.0117796596603375E-4	2.8739709423719108E-6	1.868081112541742E-4	4.023559319320675E-5
52	0.0	2.2129576256263713E-4	2.8739709423719108E-6	1.9255605313891802E-4	4.023559319320675E-5
53	0.0	2.2991767538975286E-4	2.8739709423719108E-6	1.9255605313891802E-4	4.023559319320675E-5
54	0.0	2.2991767538975286E-4	2.8739709423719108E-6	1.9830399502366184E-4	4.023559319320675E-5
55	0.0	2.3279164633212477E-4	2.8739709423719108E-6	2.0405193690840566E-4	4.023559319320675E-5
56	0.0	2.3279164633212477E-4	2.8739709423719108E-6	2.0692590785077757E-4	4.023559319320675E-5
57	0.0	2.3279164633212477E-4	2.8739709423719108E-6	2.0979987879314949E-4	4.023559319320675E-5
58	0.0	2.3566561727449668E-4	2.8739709423719108E-6	2.155478206778933E-4	4.023559319320675E-5
59	0.0	2.3566561727449668E-4	2.8739709423719108E-6	2.2416973350500904E-4	4.023559319320675E-5
60	0.0	2.3566561727449668E-4	2.8739709423719108E-6	2.3279164633212477E-4	4.023559319320675E-5
61	0.0	2.385395882168686E-4	2.8739709423719108E-6	2.3279164633212477E-4	4.310956413557866E-5
62	0.0	2.471615010439843E-4	2.8739709423719108E-6	2.3566561727449668E-4	4.598353507795057E-5
63	0.0	2.5290944292872815E-4	2.8739709423719108E-6	2.3566561727449668E-4	4.598353507795057E-5
64	0.0	2.5578341387110003E-4	2.8739709423719108E-6	2.385395882168686E-4	4.598353507795057E-5
65	0.0	2.644053266982158E-4	5.7479418847438215E-6	2.414135591592405E-4	5.1731476962694394E-5
>>END_MODULE
