##FastQC	0.11.7
>>Basic Statistics	pass
#Measure	Value
Filename	SRR600900_1_val_1.fq.gz
File type	Conventional base calls
Encoding	Sanger / Illumina 1.9
Total Sequences	44590580
Sequences flagged as poor quality	0
Sequence length	20-76
%GC	50
>>END_MODULE
>>Per base sequence quality	pass
#Base	Mean	Median	Lower Quartile	Upper Quartile	10th Percentile	90th Percentile
1	31.777536757763635	31.0	31.0	34.0	30.0	34.0
2	32.066295459713686	34.0	31.0	34.0	30.0	34.0
3	32.20420317475126	34.0	31.0	34.0	30.0	34.0
4	35.688807950019935	37.0	35.0	37.0	33.0	37.0
5	35.40564164000558	37.0	35.0	37.0	33.0	37.0
6	35.35147576012692	37.0	35.0	37.0	32.0	37.0
7	35.332483721898214	37.0	35.0	37.0	32.0	37.0
8	35.32945478619027	37.0	35.0	37.0	32.0	37.0
9	36.9137090614206	39.0	37.0	39.0	32.0	39.0
10-11	37.007944794618055	39.0	37.0	39.0	33.0	39.0
12-13	36.89143358305723	39.0	37.0	39.0	32.0	39.0
14-15	38.1302245788236	40.0	38.0	41.0	32.5	41.0
16-17	38.05752619723718	40.0	38.0	41.0	32.0	41.0
18-19	38.02974488109372	40.0	38.0	41.0	32.0	41.0
20-21	37.96369164692985	40.0	38.0	41.0	32.0	41.0
22-23	37.86113728129726	40.0	37.0	41.0	32.0	41.0
24-25	37.75158747351571	40.0	37.0	41.0	32.0	41.0
26-27	37.71421359807202	40.0	37.0	41.0	32.0	41.0
28-29	37.69146325680933	40.0	37.0	41.0	32.0	41.0
30-31	37.67778387994542	40.0	37.0	41.0	31.5	41.0
32-33	37.53898572733422	40.0	37.0	41.0	31.0	41.0
34-35	37.44999413473049	40.0	37.0	41.0	31.0	41.0
36-37	37.422471171313774	40.0	36.5	41.0	31.0	41.0
38-39	37.45282837472767	40.0	36.0	41.0	31.0	41.0
40-41	37.437250491880235	40.0	36.0	41.0	31.0	41.0
42-43	37.419523891242854	40.0	36.0	41.0	31.0	41.0
44-45	37.304048254661964	39.5	36.0	41.0	31.0	41.0
46-47	37.0929795212767	39.0	35.0	41.0	31.0	41.0
48-49	36.986310123474354	39.0	35.0	41.0	31.0	41.0
50-51	36.79176060509684	39.0	35.0	40.5	30.0	41.0
52-53	36.54803380248411	38.5	35.0	40.0	30.0	41.0
54-55	36.37318782743722	38.0	35.0	40.0	30.0	41.0
56-57	36.15091589949244	38.0	34.0	40.0	30.0	41.0
58-59	35.881588329503266	37.0	34.0	40.0	29.0	41.0
60-61	35.630190858241754	37.0	34.0	40.0	29.0	41.0
62-63	35.31187052005413	36.0	34.0	39.0	29.0	41.0
64-65	35.03572091941836	36.0	33.0	39.0	29.0	40.5
66-67	34.81723541863512	35.0	33.0	39.0	29.0	40.0
68-69	34.54909515801485	35.0	33.0	38.0	29.0	40.0
70-71	34.328968627504764	35.0	33.0	37.0	29.0	40.0
72-73	34.208805119590096	35.0	33.0	37.0	29.0	39.0
74-75	34.22692958369609	35.0	33.0	36.0	29.5	39.0
76	30.853279399867027	31.0	28.0	34.0	25.0	36.0
>>END_MODULE
>>Per sequence quality scores	pass
#Quality	Count
14	1.0
15	0.0
16	2.0
17	20.0
18	98.0
19	1290.0
20	22221.0
21	78377.0
22	155540.0
23	237075.0
24	318776.0
25	402973.0
26	492283.0
27	584625.0
28	686064.0
29	808374.0
30	955552.0
31	1147025.0
32	1404529.0
33	1761429.0
34	2310705.0
35	3145628.0
36	4573483.0
37	6887267.0
38	9320998.0
39	8795632.0
40	500613.0
>>END_MODULE
>>Per base sequence content	fail
#Base	G	A	T	C
1	29.853431335706347	12.216079186907855	20.025083967413497	37.9054055099723
2	23.902093297877524	20.707822359537666	32.57266327989928	22.817421062685526
3	28.74783480182712	23.326637878393303	24.14436939032128	23.781157929458292
4	28.846536860441184	30.057633303290242	18.449146324133107	22.646683512135464
5	28.886596002990977	30.19593967927004	20.0799790324839	20.83748528525508
6	22.823887392356866	32.31894506796892	20.221442621275344	24.635724918398868
7	19.8099724095173	14.960671342016665	39.823055977792485	25.406300270673555
8	22.571406634440528	20.21160804470175	25.03481599633504	32.18216932452268
9	22.428311389283085	20.137962785957093	28.143926942425644	29.28979888233418
10-11	26.913496981665137	28.29858950714283	19.584105487004393	25.20380802418764
12-13	24.137365455130976	22.064444006918542	27.28215234963203	26.516038188318447
14-15	24.593183578998186	23.890251047076525	26.194502852866048	25.32206252105924
16-17	25.294376703662003	24.14000148349893	25.077960784384086	25.487661028454976
18-19	25.249911287203336	24.484025450878878	24.907014434434867	25.359048827482916
20-21	25.255592627155732	24.508715926357702	24.968588270308608	25.267103176177958
22-23	25.36130890373735	24.808764768177568	24.88569230770095	24.94423402038413
24-25	25.352692233258534	24.873803692523246	24.769972860890622	25.0035312133276
26-27	25.23062652012042	24.91096704083736	24.70161118105924	25.156795257982985
28-29	25.373702148324917	24.711539062538254	24.825677645230986	25.089081143905844
30-31	25.02862354251796	24.88963461661538	25.06472500246778	25.01701683839888
32-33	25.092716973836776	24.848977525805775	25.045542400069543	25.012763100287906
34-35	25.386433572276445	24.88728028557596	24.803619350650074	24.922666791497512
36-37	25.235869740742885	24.853842593185398	24.921950138823163	24.988337527248557
38-39	25.182274282884165	24.781101850076528	24.960625230098152	25.07599863694115
40-41	25.317005957181358	24.7564446912949	24.951334574306774	24.975214777216966
42-43	25.026518145080367	24.89727513608996	25.141943747615002	24.93426297121467
44-45	25.175060510986967	24.79533542480055	25.028255350552865	25.001348713659617
46-47	25.294495152202078	24.767232577363846	24.942933515122835	24.995338755311238
48-49	25.123915824421104	24.7773742851019	25.118419135090114	24.980290755386882
50-51	25.126108069213654	24.737570958421095	25.109288380953572	25.02703259141168
52-53	25.098735123049572	24.860637582148417	24.931552407517152	25.109074887284855
54-55	25.07614552973371	24.819277245833902	25.11102613290771	24.993551091524672
56-57	25.040915541803223	24.75372347259489	25.181954391550864	25.02340659405103
58-59	25.120173372527788	24.81324966397681	25.057316703519213	25.009260259976195
60-61	25.035669161845036	24.88483585867679	25.092129250320472	24.987365729157702
62-63	24.886439773915754	24.995174727933037	25.17550346021981	24.942882037931398
64-65	25.051291286446016	24.93774718275785	25.113237762516505	24.89772376827963
66-67	24.971014990457604	25.065424302163592	25.05192542162688	24.91163528575192
68-69	24.94511044760362	25.083103680890396	25.070223278366488	24.901562593139495
70-71	24.84639516420258	24.966263727725067	25.198576715119835	24.98876439295252
72-73	24.81438019061547	24.83662200192779	25.274901176172616	25.074096631284128
74-75	25.246628443918446	21.294533850337547	26.834793556406776	26.624044149337227
76	25.784136730961833	0.0	37.1593273633075	37.05653590573067
>>END_MODULE
>>Per sequence GC content	pass
#GC Content	Count
0	3727.0
1	3118.5
2	2230.5
3	1978.0
4	2065.5
5	2327.0
6	2799.0
7	3351.0
8	3891.0
9	4477.0
10	5232.0
11	6152.0
12	7146.0
13	8221.0
14	9539.0
15	11355.5
16	13659.0
17	16101.0
18	20799.0
19	29310.5
20	39553.0
21	49226.0
22	65690.0
23	93621.0
24	123588.0
25	149109.0
26	190694.0
27	254465.5
28	319434.0
29	371074.5
30	442339.5
31	540634.5
32	634617.0
33	708040.5
34	793738.0
35	907073.0
36	996534.0
37	1059388.5
38	1142142.5
39	1267797.0
40	1384067.5
41	1489782.5
42	1576944.5
43	1657538.0
44	1741936.5
45	1815280.5
46	1864703.5
47	1894830.0
48	1940143.0
49	1979446.5
50	2005017.0
51	2038672.0
52	2037998.0
53	2008925.0
54	1995391.5
55	1969155.0
56	1952083.5
57	1916588.5
58	1876471.5
59	1826364.0
60	1745748.5
61	1646299.5
62	1560332.5
63	1461466.0
64	1315001.0
65	1165360.0
66	998555.0
67	876681.0
68	774453.5
69	641908.0
70	513633.0
71	426853.0
72	359432.0
73	277458.5
74	207391.5
75	163256.5
76	134995.5
77	103606.0
78	76847.5
79	59610.5
80	47609.0
81	35868.0
82	27192.5
83	20742.5
84	15204.0
85	10417.5
86	7425.5
87	5844.0
88	4412.5
89	3053.5
90	2266.0
91	1771.0
92	1481.0
93	1044.5
94	572.0
95	371.5
96	286.0
97	268.5
98	166.5
99	64.5
100	63.0
>>END_MODULE
>>Per base N content	pass
#Base	N-Count
1	0.011502429436890034
2	0.02246214334955948
3	0.0025296822781852133
4	0.08998088834009335
5	0.024996310880010978
6	0.02931785143857738
7	0.028093377569881353
8	0.018710229828811376
9	0.026018948396724154
10-11	0.023443292282809506
12-13	0.009000779985369108
14-15	0.0013377264884197513
16-17	1.1773787199000328E-4
18-19	1.278296895891464E-4
20-21	6.169165909812829E-5
22-23	7.750143984196714E-5
24-25	0.0013688255437468264
26-27	0.006264016878264503
28-29	0.0088998195183387
30-31	0.004498073472081217
32-33	3.3616779377389406E-4
34-35	2.268002250856154E-6
36-37	3.5221172260141034E-5
38-39	1.7760582902330853E-4
40-41	2.1106627556352015E-4
42-43	3.190469338509014E-4
44-45	3.7830329276561674E-4
46-47	8.620220695349988E-5
48-49	3.077398899003491E-4
50-51	2.728134433124472E-4
52-53	1.182878762302461E-4
54-55	2.944140462264963E-4
56-57	0.001006976313206922
58-59	5.185624837875897E-4
60-61	4.4908553455181595E-4
62-63	0.0022548433157604853
64-65	0.0010405955639518386
66-67	6.568083219703692E-4
68-69	6.786170400326735E-5
70-71	7.485490572975649E-5
72-73	0.0
74-75	0.0
76	0.0
>>END_MODULE
>>Sequence Length Distribution	warn
#Length	Count
20-21	59861.0
22-23	60297.0
24-25	65276.0
26-27	67925.0
28-29	66493.0
30-31	76614.0
32-33	81396.0
34-35	83690.0
36-37	88415.0
38-39	91981.0
40-41	98568.0
42-43	106754.0
44-45	111934.0
46-47	117909.0
48-49	128125.0
50-51	134238.0
52-53	145166.0
54-55	161375.0
56-57	178729.0
58-59	195041.0
60-61	214039.0
62-63	242754.0
64-65	289047.0
66-67	356010.0
68-69	471127.0
70-71	710567.0
72-73	1966687.0
74-75	1.3388732E7
76-77	2.483183E7
>>END_MODULE
>>Sequence Duplication Levels	warn
#Total Deduplicated Percentage	53.95556903949375
#Duplication Level	Percentage of deduplicated	Percentage of total
1	86.0916247485283	46.451226028414084
2	8.429952865699843	9.096858076898922
3	2.443856225014157	3.955789598140438
4	1.0433915780195062	2.251871452922312
5	0.533218306198503	1.4385048566607623
6	0.3177693919151353	1.0287257018469018
7	0.206226203589173	0.7788936515855824
8	0.13968291794063936	0.6029337058067287
9	0.10761909430445907	0.5225984525440828
>10	0.5003385170045048	5.009938040583044
>50	0.06247048711880184	2.4183013529931876
>100	0.09584830985984552	11.677332067275659
>500	0.019116660488308946	7.150327565262364
>1k	0.008848281637439934	7.508780293068529
>5k	3.641268163555185E-5	0.10791915599745383
>10k+	0.0	0.0
>>END_MODULE
>>Overrepresented sequences	pass
>>END_MODULE
>>Adapter Content	pass
#Position	Illumina Universal Adapter	Illumina Small RNA 3' Adapter	Illumina Small RNA 5' Adapter	Nextera Transposase Sequence	SOLID Small RNA Adapter
1	0.0	2.2426261331429196E-6	0.0	0.0	4.485252266285839E-6
2	2.2426261331429196E-6	1.5698382932000434E-5	0.0	1.7941009065143357E-5	6.7278783994287584E-6
3	2.2426261331429196E-6	1.7941009065143357E-5	0.0	2.0183635198286276E-5	8.970504532571678E-6
4	2.2426261331429196E-6	1.7941009065143357E-5	0.0	2.4668887464572115E-5	1.3455756798857517E-5
5	2.2426261331429196E-6	2.0183635198286276E-5	0.0	2.4668887464572115E-5	1.3455756798857517E-5
6	2.2426261331429196E-6	2.2426261331429195E-5	0.0	3.363939199714379E-5	1.5698382932000434E-5
7	2.2426261331429196E-6	3.363939199714379E-5	0.0	3.5882018130286714E-5	1.7941009065143357E-5
8	2.2426261331429196E-6	3.363939199714379E-5	0.0	3.5882018130286714E-5	2.2426261331429195E-5
9	2.2426261331429196E-6	3.5882018130286714E-5	0.0	4.036727039657255E-5	2.6911513597715034E-5
10	2.2426261331429196E-6	4.036727039657255E-5	0.0	4.036727039657255E-5	2.6911513597715034E-5
11	2.2426261331429196E-6	4.260989652971547E-5	0.0	4.260989652971547E-5	2.6911513597715034E-5
12	2.2426261331429196E-6	4.260989652971547E-5	0.0	4.7095148796001306E-5	2.6911513597715034E-5
13	2.2426261331429196E-6	4.7095148796001306E-5	0.0	5.606565332857298E-5	2.6911513597715034E-5
14	2.2426261331429196E-6	4.7095148796001306E-5	0.0	5.8308279461715906E-5	2.6911513597715034E-5
15	6.7278783994287584E-6	5.1580401062287145E-5	0.0	8.297716692628802E-5	2.6911513597715034E-5
16	6.7278783994287584E-6	5.1580401062287145E-5	0.0	8.297716692628802E-5	2.6911513597715034E-5
17	6.7278783994287584E-6	5.1580401062287145E-5	0.0	8.746241919257385E-5	2.9154139730857953E-5
18	6.7278783994287584E-6	5.1580401062287145E-5	0.0	8.970504532571678E-5	3.363939199714379E-5
19	6.7278783994287584E-6	5.382302719543007E-5	0.0	1.0091817599143137E-4	3.363939199714379E-5
20	6.7278783994287584E-6	5.382302719543007E-5	0.0	1.143739327902889E-4	3.812464426342963E-5
21	6.7278783994287584E-6	5.606565332857298E-5	0.0	1.143739327902889E-4	3.812464426342963E-5
22	6.7278783994287584E-6	5.8308279461715906E-5	4.485252266285839E-6	1.143739327902889E-4	3.812464426342963E-5
23	6.7278783994287584E-6	6.279353172800174E-5	4.485252266285839E-6	1.1885918505657473E-4	4.036727039657255E-5
24	6.7278783994287584E-6	6.503615786114467E-5	4.485252266285839E-6	1.2110181118971764E-4	4.036727039657255E-5
25	8.970504532571678E-6	6.727878399428758E-5	4.485252266285839E-6	1.278296895891464E-4	4.036727039657255E-5
26	8.970504532571678E-6	6.727878399428758E-5	4.485252266285839E-6	1.278296895891464E-4	4.036727039657255E-5
27	8.970504532571678E-6	6.727878399428758E-5	4.485252266285839E-6	1.278296895891464E-4	4.036727039657255E-5
28	8.970504532571678E-6	6.727878399428758E-5	4.485252266285839E-6	1.3231494185543224E-4	4.260989652971547E-5
29	8.970504532571678E-6	6.95214101274305E-5	4.485252266285839E-6	1.3231494185543224E-4	4.7095148796001306E-5
30	8.970504532571678E-6	7.849191466000218E-5	4.485252266285839E-6	1.368001941217181E-4	4.7095148796001306E-5
31	8.970504532571678E-6	8.297716692628802E-5	4.485252266285839E-6	1.39042820254861E-4	4.933777492914423E-5
32	8.970504532571678E-6	8.521979305943094E-5	4.485252266285839E-6	1.502559509205756E-4	4.933777492914423E-5
33	8.970504532571678E-6	8.521979305943094E-5	4.485252266285839E-6	1.502559509205756E-4	4.933777492914423E-5
34	8.970504532571678E-6	8.521979305943094E-5	4.485252266285839E-6	1.502559509205756E-4	4.933777492914423E-5
35	8.970504532571678E-6	9.419029759200261E-5	4.485252266285839E-6	1.502559509205756E-4	4.933777492914423E-5
36	8.970504532571678E-6	9.419029759200261E-5	4.485252266285839E-6	1.502559509205756E-4	5.1580401062287145E-5
37	8.970504532571678E-6	1.0988868052400305E-4	4.485252266285839E-6	1.5249857705371852E-4	5.1580401062287145E-5
38	8.970504532571678E-6	1.1213130665714597E-4	4.485252266285839E-6	1.637117077194331E-4	5.1580401062287145E-5
39	8.970504532571678E-6	1.1661655892343181E-4	4.485252266285839E-6	1.637117077194331E-4	5.1580401062287145E-5
40	8.970504532571678E-6	1.1885918505657473E-4	4.485252266285839E-6	1.6595433385257604E-4	5.382302719543007E-5
41	8.970504532571678E-6	1.1885918505657473E-4	4.485252266285839E-6	1.6595433385257604E-4	5.382302719543007E-5
42	8.970504532571678E-6	1.1885918505657473E-4	4.485252266285839E-6	1.7716746451829063E-4	5.382302719543007E-5
43	8.970504532571678E-6	1.3007231572228933E-4	4.485252266285839E-6	1.8165271678457646E-4	5.382302719543007E-5
44	8.970504532571678E-6	1.368001941217181E-4	4.485252266285839E-6	1.838953429177194E-4	5.606565332857298E-5
45	8.970504532571678E-6	1.4577069865428976E-4	4.485252266285839E-6	1.838953429177194E-4	5.606565332857298E-5
46	8.970504532571678E-6	1.502559509205756E-4	4.485252266285839E-6	1.838953429177194E-4	5.606565332857298E-5
47	8.970504532571678E-6	1.5922645545314728E-4	4.485252266285839E-6	1.8613796905086232E-4	5.606565332857298E-5
48	8.970504532571678E-6	1.6595433385257604E-4	6.7278783994287584E-6	1.8613796905086232E-4	6.055090559485882E-5
49	8.970504532571678E-6	1.726822122520048E-4	6.7278783994287584E-6	1.8838059518400523E-4	6.055090559485882E-5
50	8.970504532571678E-6	1.7716746451829063E-4	6.7278783994287584E-6	1.9286584745029106E-4	6.503615786114467E-5
51	8.970504532571678E-6	1.8165271678457646E-4	6.7278783994287584E-6	1.9286584745029106E-4	6.503615786114467E-5
52	8.970504532571678E-6	1.8838059518400523E-4	6.7278783994287584E-6	1.9735109971657692E-4	6.503615786114467E-5
53	8.970504532571678E-6	1.9959372584971982E-4	6.7278783994287584E-6	1.9735109971657692E-4	6.503615786114467E-5
54	8.970504532571678E-6	1.9959372584971982E-4	6.7278783994287584E-6	1.9735109971657692E-4	6.503615786114467E-5
55	8.970504532571678E-6	2.0183635198286275E-4	6.7278783994287584E-6	2.0407897811600568E-4	6.503615786114467E-5
56	8.970504532571678E-6	2.085642303822915E-4	6.7278783994287584E-6	2.0632160424914858E-4	6.95214101274305E-5
57	8.970504532571678E-6	2.1753473491486317E-4	6.7278783994287584E-6	2.0632160424914858E-4	7.176403626057343E-5
58	8.970504532571678E-6	2.2426261331429193E-4	6.7278783994287584E-6	2.1304948264857734E-4	7.176403626057343E-5
59	8.970504532571678E-6	2.2426261331429193E-4	6.7278783994287584E-6	2.1529210878172027E-4	7.176403626057343E-5
60	8.970504532571678E-6	2.2426261331429193E-4	6.7278783994287584E-6	2.2426261331429193E-4	7.176403626057343E-5
61	8.970504532571678E-6	2.2426261331429193E-4	6.7278783994287584E-6	2.287478655805778E-4	7.176403626057343E-5
62	8.970504532571678E-6	2.4444624851257824E-4	6.7278783994287584E-6	2.309904917137207E-4	7.400666239371634E-5
63	8.970504532571678E-6	2.5117412691200695E-4	6.7278783994287584E-6	2.3547574398000655E-4	7.849191466000218E-5
64	8.970504532571678E-6	2.579020053114357E-4	6.7278783994287584E-6	2.3996099624629238E-4	7.849191466000218E-5
65	1.1213130665714598E-5	2.6014463144457867E-4	8.970504532571678E-6	2.422036223794353E-4	8.297716692628802E-5
>>END_MODULE
