##FastQC	0.11.7
>>Basic Statistics	pass
#Measure	Value
Filename	SRR1093861_2.fastq.gz
File type	Conventional base calls
Encoding	Sanger / Illumina 1.9
Total Sequences	35858079
Sequences flagged as poor quality	0
Sequence length	76
%GC	50
>>END_MODULE
>>Per base sequence quality	pass
#Base	Mean	Median	Lower Quartile	Upper Quartile	10th Percentile	90th Percentile
1	30.74474957233487	33.0	31.0	34.0	27.0	34.0
2	30.860997099147447	34.0	31.0	34.0	27.0	34.0
3	30.938566591924793	34.0	31.0	34.0	27.0	34.0
4	34.24087051623708	37.0	35.0	37.0	30.0	37.0
5	34.23496816435705	37.0	35.0	37.0	30.0	37.0
6	34.21729557793657	37.0	35.0	37.0	30.0	37.0
7	34.22813031897219	37.0	35.0	37.0	30.0	37.0
8	34.17327124523319	37.0	35.0	37.0	30.0	37.0
9	35.75035444592556	39.0	37.0	39.0	30.0	39.0
10-11	35.752319414545326	39.0	37.0	39.0	30.0	39.0
12-13	35.67970117696489	39.0	37.0	39.0	30.0	39.0
14-15	36.96289020390635	40.0	38.0	41.0	30.0	41.0
16-17	36.89177508644565	40.0	38.0	41.0	30.0	41.0
18-19	36.8570597437749	40.0	38.0	41.0	30.0	41.0
20-21	36.842495410866825	40.0	38.0	41.0	30.0	41.0
22-23	36.779961748648056	40.0	38.0	41.0	30.0	41.0
24-25	36.71256158200778	40.0	37.5	41.0	30.0	41.0
26-27	36.60985553632139	40.0	37.0	41.0	29.5	41.0
28-29	36.51186959848016	40.0	37.0	41.0	29.0	41.0
30-31	36.39696846281141	40.0	37.0	41.0	29.0	41.0
32-33	36.31321933057262	40.0	37.0	41.0	28.0	41.0
34-35	36.214357174571454	40.0	37.0	41.0	28.0	41.0
36-37	36.08271018924354	40.0	36.5	41.0	27.0	41.0
38-39	35.96369413710087	40.0	36.0	41.0	27.0	41.0
40-41	35.854373654539614	40.0	36.0	41.0	27.0	41.0
42-43	35.70795209079661	40.0	35.5	41.0	26.0	41.0
44-45	35.54596321236282	40.0	35.0	41.0	26.0	41.0
46-47	35.3767539666584	40.0	35.0	41.0	25.0	41.0
48-49	35.27207900624013	39.5	35.0	41.0	25.0	41.0
50-51	35.15769160417099	39.0	35.0	41.0	24.5	41.0
52-53	35.017388689449874	39.0	35.0	41.0	24.0	41.0
54-55	34.853347247073664	39.0	35.0	41.0	24.0	41.0
56-57	34.65322608330469	39.0	35.0	41.0	23.5	41.0
58-59	34.391910467373336	38.0	34.0	41.0	23.0	41.0
60-61	34.09252769787249	37.5	34.0	40.5	22.5	41.0
62-63	33.78284667731364	37.0	34.0	40.0	22.0	41.0
64-65	33.445316646772966	36.5	34.0	40.0	20.5	41.0
66-67	33.086288392638096	36.0	33.5	39.0	20.0	41.0
68-69	32.708875662301935	35.5	33.0	39.0	18.0	41.0
70-71	32.307845715884554	35.0	33.0	38.5	12.0	40.5
72-73	31.903546450438686	35.0	33.0	37.0	2.0	40.0
74-75	31.469275724446923	35.0	33.0	37.0	2.0	39.0
76	30.40489564429818	35.0	31.0	36.0	2.0	39.0
>>END_MODULE
>>Per sequence quality scores	pass
#Quality	Count
2	1093826.0
3	129099.0
4	102859.0
5	79348.0
6	68461.0
7	64939.0
8	65985.0
9	69079.0
10	72325.0
11	76985.0
12	81956.0
13	85426.0
14	88138.0
15	90231.0
16	92710.0
17	96033.0
18	100348.0
19	104104.0
20	110403.0
21	120558.0
22	134096.0
23	154762.0
24	180517.0
25	212572.0
26	252163.0
27	297598.0
28	352367.0
29	414503.0
30	495373.0
31	599139.0
32	733244.0
33	923751.0
34	1212900.0
35	1679268.0
36	2521648.0
37	4193283.0
38	6921443.0
39	9559319.0
40	2227320.0
>>END_MODULE
>>Per base sequence content	fail
#Base	G	A	T	C
1	27.303284960150105	12.449223673014952	17.3092542054353	42.93823716139965
2	23.858692411846807	21.205730197726645	33.21702250205294	21.718554888373603
3	27.356403226709634	23.949140437581363	24.074789942202734	24.61966639350627
4	26.953107004929045	30.884231163163438	18.399633112787487	23.76302871912003
5	27.569922614836855	31.19469217296912	20.24484909707637	20.990536115117653
6	21.696348198581063	32.56756306218272	20.88449918875362	24.851589550482597
7	19.344639865587755	14.640763637162038	40.066553858567346	25.94804263868286
8	21.687354559071046	20.169595216097676	25.635483383832874	32.5075668409984
9	21.43577396248599	19.720279201333046	29.127207366212215	29.71673946996875
10-11	26.36984609819624	28.483498512964157	19.793268602998975	25.353386785840627
12-13	23.492126883259036	22.418265926561283	27.47400189903903	26.61560529114065
14-15	24.171610428520427	24.197156346275374	26.31212511166924	25.319108113534966
16-17	25.01072298868027	24.541359546214863	24.90231231422036	25.545605150884505
18-19	24.94484155850402	24.878640409364998	24.81217702773955	25.364341004391434
20-21	24.882576240548538	25.086490486287122	25.047058984513498	24.98387428865084
22-23	24.964014793155066	25.18899478200029	24.87969489727933	24.967295527565316
24-25	24.84671063421985	25.283871598243778	24.836181811399992	25.03323595613638
26-27	24.86007665226209	25.39058509707175	24.76601860100213	24.98331964966403
28-29	24.936735326048158	25.047214327477228	24.842919056119104	25.17313129035551
30-31	24.438919176495762	25.156826596576607	25.262819581061063	25.14143464586656
32-33	24.618577368512113	25.23977901875015	25.203068871241502	24.93857474149624
34-35	25.143813958554478	25.147182873535495	24.697419471109363	25.011583696800667
36-37	24.907952209570343	25.182142281570467	24.979467863661675	24.930437645197514
38-39	24.569579723219196	25.16879996507005	25.09848809389461	25.16313221781614
40-41	24.914377586428675	24.984352235997783	24.992836463474347	25.108433714099192
42-43	24.790340827040467	25.123772776467483	25.154748403970505	24.931137992521545
44-45	24.72386200985656	25.255194355492723	25.22291157046012	24.798032064190597
46-47	24.966887763660694	24.993490548304038	25.012120867596742	25.027500820438526
48-49	24.72338790061403	25.07571410734751	25.045872647514063	25.155025344524407
50-51	24.920432042995873	25.118699213124074	25.094140250121683	24.86672849375837
52-53	24.813073226735717	25.097618934751694	25.10202733829606	24.987280500216528
54-55	24.69610556586294	25.07801131110649	25.169575218969758	25.056307904060816
56-57	24.80393750961306	25.044145964363057	25.184528561558288	24.967387964465594
58-59	24.871742208570584	25.103360842559848	25.02756507700546	24.997331871864112
60-61	24.640284051335772	25.213206883812557	25.138737964350284	25.007771100501387
62-63	24.566010756721653	25.239425732861704	25.28377143970469	24.910792070711956
64-65	24.69592893615316	25.20627132056236	25.10380999575052	24.993989747533963
66-67	24.635757840263242	25.343653685967375	25.094719814002293	24.925868659767087
68-69	24.710247419134834	25.303989614401424	25.085588916112943	24.900174050350802
70-71	24.75450775615562	25.291753756941283	25.034353637794172	24.919384849108923
72-73	24.616894706918405	25.386254760177113	25.12258960610567	24.874260926798808
74-75	24.8296656603418	25.482243239369417	25.07049968920658	24.6175914110822
76	25.058952056907692	24.95809408543271	25.053259768182517	24.92969408947708
>>END_MODULE
>>Per sequence GC content	pass
#GC Content	Count
0	2261.0
1	2145.0
2	1610.5
3	1172.0
4	1152.0
5	1074.0
6	931.0
7	903.0
8	940.0
9	961.0
10	1014.0
11	1153.5
12	1261.0
13	1439.5
14	2022.5
15	3178.0
16	4896.5
17	5864.0
18	8016.5
19	13808.0
20	23508.0
21	29569.0
22	38215.5
23	59069.5
24	89643.0
25	108009.0
26	130398.0
27	175150.5
28	225750.5
29	253987.0
30	293587.0
31	376293.5
32	463600.0
33	507800.0
34	547692.5
35	635176.5
36	734096.0
37	785424.0
38	837959.5
39	989133.5
40	1149106.5
41	1314803.5
42	1419166.0
43	1498709.5
44	1582353.5
45	1600218.5
46	1613983.0
47	1625935.0
48	1664621.5
49	1692891.0
50	1694426.0
51	1728020.5
52	1723492.0
53	1682637.0
54	1679905.0
55	1651554.0
56	1564061.0
57	1440268.5
58	1375618.0
59	1313898.0
60	1197818.5
61	1054888.0
62	966317.0
63	905356.0
64	765487.0
65	640238.5
66	539708.0
67	485518.0
68	441037.5
69	351171.5
70	271059.5
71	236333.0
72	207591.0
73	156597.0
74	118850.0
75	103355.0
76	90313.5
77	66991.0
78	49178.5
79	41647.0
80	35674.5
81	25748.0
82	17612.5
83	13431.0
84	10541.0
85	5989.5
86	3371.5
87	2415.0
88	1850.5
89	1062.5
90	727.5
91	485.0
92	354.0
93	292.0
94	206.5
95	163.0
96	143.0
97	137.5
98	143.5
99	283.5
100	412.0
>>END_MODULE
>>Per base N content	pass
#Base	N-Count
1	0.06338320577630498
2	0.0435494606389818
3	0.04771588572829013
4	0.05374521038898932
5	0.0523731346567673
6	0.04206583403422141
7	0.03827868191154356
8	0.036811787937663924
9	0.03779064684418817
10-11	0.036567770403986226
12-13	0.03802211490470529
14-15	0.03575623780626954
16-17	0.037262174585537614
18-19	0.03353358667094241
20-21	0.03450686803383974
22-23	0.034710448376222273
24-25	0.03797191701206303
26-27	0.03976091413039723
28-29	0.04076068882552242
30-31	0.04090849373163576
32-33	0.04218993437992035
34-35	0.043723758877323014
36-37	0.04148995265474204
38-39	0.041591742825933316
40-41	0.04210627122551657
42-43	0.04289967680644576
44-45	0.04307676381660044
46-47	0.04452692515959932
48-49	0.04742027591606343
50-51	0.049649898980924215
52-53	0.04863618042673173
54-55	0.05043214947459958
56-57	0.05066222314920998
58-59	0.051162807689725934
60-61	0.04727525978176354
62-63	0.047282231711297196
64-65	0.04807424290631966
66-67	0.04918556847398323
68-69	0.05145283995832571
70-71	0.05117954032060668
72-73	0.05210122940495502
74-75	0.06016356871766611
76	0.1540991640963254
>>END_MODULE
>>Sequence Length Distribution	pass
#Length	Count
76	3.5858079E7
>>END_MODULE
>>Sequence Duplication Levels	pass
#Total Deduplicated Percentage	75.72005689873434
#Duplication Level	Percentage of deduplicated	Percentage of total
1	89.48350442114527	67.75696046267267
2	7.278099011389819	11.021961425141184
3	1.7266483248232594	3.9222572819916466
4	0.6282957038312543	1.902983457733317
5	0.3105654761151615	1.1758017761111275
6	0.15811121351659735	0.7183314050282812
7	0.0902199608160323	0.4782022396474084
8	0.06085377729505169	0.3686281183427378
9	0.04208946713640863	0.2868315161765644
>10	0.17157556899504794	2.3704706347923667
>50	0.019801383661176397	1.0566003544666343
>100	0.02357763524045115	3.881807590743682
>500	0.004439764348873027	2.3503169118759915
>1k	0.0022182916855484794	2.708846825276349
>5k	0.0	0.0
>10k+	0.0	0.0
>>END_MODULE
>>Overrepresented sequences	pass
>>END_MODULE
>>Adapter Content	pass
#Position	Illumina Universal Adapter	Illumina Small RNA 3' Adapter	Illumina Small RNA 5' Adapter	Nextera Transposase Sequence	SOLID Small RNA Adapter
1	5.856420808264715E-5	1.1155087253837552E-5	0.0	5.577543626918776E-6	2.788771813459388E-6
2	8.366315440378165E-5	5.019789264226899E-5	0.0	2.5098946321134494E-5	5.577543626918776E-6
3	2.3704560414404799E-4	5.019789264226899E-5	0.0	2.5098946321134494E-5	8.366315440378165E-6
4	7.641234768878723E-4	5.019789264226899E-5	0.0	3.067648994805327E-5	1.394385906729694E-5
5	8.198989131570601E-4	5.019789264226899E-5	0.0	3.067648994805327E-5	1.394385906729694E-5
6	0.0010234792555395954	5.298666445572837E-5	0.0	3.067648994805327E-5	1.9521402694215716E-5
7	0.001121086269010674	5.577543626918776E-5	0.0	4.183157720189082E-5	1.9521402694215716E-5
8	0.0012912013496316967	5.856420808264715E-5	0.0	5.019789264226899E-5	1.9521402694215716E-5
9	0.0016035437927391482	5.856420808264715E-5	0.0	6.414175170956593E-5	2.5098946321134494E-5
10	0.0021389879809233505	6.971929533648471E-5	0.0	6.971929533648471E-5	2.5098946321134494E-5
11	0.002529416034807665	6.971929533648471E-5	0.0	7.250806714994408E-5	2.788771813459388E-5
12	0.0029644644377073296	7.250806714994408E-5	0.0	7.529683896340347E-5	3.067648994805327E-5
13	0.0036700237065125547	7.250806714994408E-5	0.0	8.087438259032226E-5	3.067648994805327E-5
14	0.004211045438323676	7.250806714994408E-5	0.0	8.087438259032226E-5	3.067648994805327E-5
15	0.004891505760807767	7.529683896340347E-5	0.0	1.0039578528453797E-4	3.067648994805327E-5
16	0.005769968882047474	7.529683896340347E-5	0.0	1.0318455709799735E-4	3.346526176151266E-5
17	0.0065062046408007525	7.808561077686286E-5	0.0	1.0318455709799735E-4	3.346526176151266E-5
18	0.007220130225046356	7.808561077686286E-5	0.0	1.0318455709799735E-4	4.183157720189082E-5
19	0.008187834044316764	7.808561077686286E-5	0.0	1.0318455709799735E-4	4.183157720189082E-5
20	0.008968690152085393	8.366315440378165E-5	0.0	1.0597332891145674E-4	4.183157720189082E-5
21	0.0099363939713558	8.924069803070041E-5	0.0	1.0597332891145674E-4	4.183157720189082E-5
22	0.010633586924720646	8.924069803070041E-5	0.0	1.1155087253837552E-4	4.183157720189082E-5
23	0.011492528643266138	9.20294698441598E-5	0.0	1.1155087253837552E-4	4.4620349015350207E-5
24	0.012217609314765579	9.20294698441598E-5	0.0	1.1155087253837552E-4	4.4620349015350207E-5
25	0.01299009910709383	9.48182416576192E-5	0.0	1.1155087253837552E-4	5.298666445572837E-5
26	0.013754222583981702	9.760701347107858E-5	0.0	1.1155087253837552E-4	5.856420808264715E-5
27	0.014473725711854225	9.760701347107858E-5	0.0	1.1155087253837552E-4	6.414175170956593E-5
28	0.015190440067913287	1.0039578528453797E-4	0.0	1.1155087253837552E-4	6.971929533648471E-5
29	0.0159378309139204	1.0039578528453797E-4	0.0	1.1155087253837552E-4	6.971929533648471E-5
30	0.016607136149150655	1.0039578528453797E-4	0.0	1.171284161652943E-4	7.529683896340347E-5
31	0.01718998945816367	1.0597332891145674E-4	0.0	1.171284161652943E-4	7.529683896340347E-5
32	0.017736588733601708	1.0876210072491613E-4	0.0	1.1991718797875368E-4	7.808561077686286E-5
33	0.018241356431837857	1.0876210072491613E-4	0.0	1.1991718797875368E-4	7.808561077686286E-5
34	0.018757279217327845	1.0876210072491613E-4	0.0	1.1991718797875368E-4	7.808561077686286E-5
35	0.01932618866727356	1.171284161652943E-4	0.0	1.1991718797875368E-4	8.087438259032226E-5
36	0.01986721039908468	1.2549473160567248E-4	0.0	1.1991718797875368E-4	8.366315440378165E-5
37	0.020394288271828504	1.3664981885951E-4	0.0	1.2270595979221307E-4	8.366315440378165E-5
38	0.020890689654624275	1.3943859067296941E-4	0.0	1.2828350341913185E-4	8.366315440378165E-5
39	0.021339681916591236	1.3943859067296941E-4	0.0	1.2828350341913185E-4	8.366315440378165E-5
40	0.02191695768197733	1.3943859067296941E-4	0.0	1.3107227523259123E-4	8.645192621724104E-5
41	0.022435669239280778	1.4501613429988817E-4	0.0	1.3664981885951E-4	9.20294698441598E-5
42	0.022985057286532277	1.4780490611334757E-4	0.0	1.5059367792680695E-4	9.48182416576192E-5
43	0.023520501474716477	1.5338244974026635E-4	0.0	1.5059367792680695E-4	9.760701347107858E-5
44	0.023983437595750737	1.5617122155372573E-4	0.0	1.5338244974026635E-4	9.760701347107858E-5
45	0.02442406354227732	1.7011508062102267E-4	0.0	1.5338244974026635E-4	9.760701347107858E-5
46	0.02500970562310379	1.7011508062102267E-4	0.0	1.5338244974026635E-4	9.760701347107858E-5
47	0.02561765787843794	1.7848139606140083E-4	0.0	1.589599933671851E-4	1.0318455709799735E-4
48	0.026228398905585544	1.9800279875561655E-4	0.0	1.617487651806445E-4	1.171284161652943E-4
49	0.026850295019986987	1.9800279875561655E-4	0.0	1.673263088075633E-4	1.171284161652943E-4
50	0.02752796657065762	2.0079157056907595E-4	0.0	1.7290385243448207E-4	1.1991718797875368E-4
51	0.028233525839462845	2.0358034238253533E-4	0.0	1.7569262424794145E-4	1.2270595979221307E-4
52	0.0289920717727238	2.0358034238253533E-4	0.0	1.7848139606140083E-4	1.2828350341913185E-4
53	0.02975340647779821	2.063691141959947E-4	0.0	1.86847711501779E-4	1.2828350341913185E-4
54	0.030456176974789976	2.1194665782291348E-4	0.0	1.86847711501779E-4	1.3943859067296941E-4
55	0.031206356592610552	2.1194665782291348E-4	0.0	1.896364833152384E-4	1.422273624864288E-4
56	0.03203462182120799	2.1194665782291348E-4	0.0	1.9521402694215717E-4	1.5059367792680695E-4
57	0.03304973476130721	2.1194665782291348E-4	0.0	2.0358034238253533E-4	1.5059367792680695E-4
58	0.034014649808764154	2.1194665782291348E-4	0.0	2.091578860094541E-4	1.5338244974026635E-4
59	0.035158046252282506	2.1194665782291348E-4	0.0	2.091578860094541E-4	1.589599933671851E-4
60	0.03646040268916804	2.147354296363729E-4	0.0	2.2031297326329164E-4	1.645375369941039E-4
61	0.037971917012063025	2.1752420144983227E-4	0.0	2.2589051689021042E-4	1.645375369941039E-4
62	0.03964796887195212	2.314680605171292E-4	0.0	2.342568323305886E-4	1.7290385243448207E-4
63	0.041591742825933316	2.4262314777096677E-4	0.0	2.3704560414404799E-4	1.7848139606140083E-4
64	0.043739097122297045	2.4541191958442614E-4	0.0	2.4541191958442614E-4	1.840589396883196E-4
65	0.04587808510322039	2.5098946321134495E-4	0.0	2.5098946321134495E-4	1.896364833152384E-4
>>END_MODULE
