##FastQC	0.11.7
>>Basic Statistics	pass
#Measure	Value
Filename	SRR656469_2_val_2.fq.gz
File type	Conventional base calls
Encoding	Sanger / Illumina 1.9
Total Sequences	62976855
Sequences flagged as poor quality	0
Sequence length	20-76
%GC	48
>>END_MODULE
>>Per base sequence quality	pass
#Base	Mean	Median	Lower Quartile	Upper Quartile	10th Percentile	90th Percentile
1	30.164394395369538	31.0	30.0	34.0	25.0	34.0
2	30.204524011241908	31.0	30.0	34.0	25.0	34.0
3	30.11845018300771	31.0	30.0	34.0	25.0	34.0
4	33.94962592209471	37.0	35.0	37.0	28.0	37.0
5	34.04329903422456	37.0	35.0	37.0	28.0	37.0
6	33.606411927048434	37.0	35.0	37.0	26.0	37.0
7	33.94768760682	37.0	35.0	37.0	28.0	37.0
8	34.00438530949187	37.0	35.0	37.0	28.0	37.0
9	35.411479566580454	39.0	35.0	39.0	28.0	39.0
10-11	35.715638237253984	39.0	35.0	39.0	29.0	39.0
12-13	35.786079536680575	39.0	35.0	39.0	30.0	39.0
14-15	36.88677913496951	40.0	36.0	41.0	29.5	41.0
16-17	36.47390565946807	39.5	36.0	41.0	27.0	41.0
18-19	36.25193475444272	39.0	35.0	41.0	27.0	41.0
20-21	36.51621246031768	39.0	36.0	41.0	27.0	41.0
22-23	36.443838390268596	39.0	35.5	41.0	27.0	41.0
24-25	36.439015097387745	39.0	35.0	41.0	27.0	41.0
26-27	36.44887430525249	39.0	35.0	41.0	27.0	41.0
28-29	36.4481799554366	39.0	35.5	41.0	27.5	41.0
30-31	36.43270969351521	39.0	35.0	41.0	27.5	41.0
32-33	36.28095493005931	39.0	35.0	41.0	27.0	41.0
34-35	36.466628499553366	39.0	35.0	41.0	29.0	41.0
36-37	36.53569138201341	39.0	35.0	41.0	29.5	41.0
38-39	36.4428106444082	39.0	35.0	41.0	29.0	41.0
40-41	36.23237456993412	39.0	35.0	41.0	28.0	41.0
42-43	36.315401379226515	39.0	35.0	41.0	28.5	41.0
44-45	36.394453287937935	39.0	35.0	41.0	29.0	41.0
46-47	36.29602833540034	39.0	35.0	41.0	28.5	41.0
48-49	36.18871171186812	39.0	35.0	40.5	28.0	41.0
50-51	35.65566129833235	37.5	33.5	39.5	28.0	40.5
52-53	35.84698243692931	38.0	34.0	40.0	28.5	40.5
54-55	35.921442481849084	38.0	34.0	40.0	28.0	41.0
56-57	35.34455842963478	38.0	34.0	40.0	26.5	41.0
58-59	35.451118603242136	37.5	34.0	40.0	28.0	41.0
60-61	35.26892880280322	37.0	33.5	40.0	27.5	41.0
62-63	35.048705198014154	36.5	33.0	40.0	27.0	41.0
64-65	35.058125122577785	36.0	33.0	39.0	28.0	41.0
66-67	34.95977713437746	36.0	33.0	39.0	28.0	41.0
68-69	34.698872010415016	35.0	33.0	39.0	28.0	40.5
70-71	34.66963930285812	35.0	33.0	38.5	28.5	40.0
72-73	34.624840502501854	35.0	33.0	37.5	29.0	40.0
74-75	34.54981623141506	35.0	33.0	37.0	29.0	39.0
76	33.08801426504337	34.0	31.0	36.0	27.0	38.0
>>END_MODULE
>>Per sequence quality scores	pass
#Quality	Count
9	2.0
10	10.0
11	47.0
12	127.0
13	209.0
14	374.0
15	536.0
16	812.0
17	1751.0
18	17818.0
19	93455.0
20	290295.0
21	440488.0
22	579105.0
23	708418.0
24	838291.0
25	965506.0
26	1091694.0
27	1225303.0
28	1373343.0
29	1540945.0
30	1749035.0
31	2012723.0
32	2361687.0
33	2844412.0
34	3542033.0
35	4540838.0
36	6040369.0
37	8155796.0
38	1.0424458E7
39	1.1180278E7
40	956697.0
>>END_MODULE
>>Per base sequence content	fail
#Base	G	A	T	C
1	24.265072528294198	13.21238899650953	19.61084739770957	42.9116910774867
2	21.388370525214395	23.612679897856882	31.31791355257975	23.681036024348977
3	27.188664825263142	24.76744087764572	23.248479977803	24.795414319288138
4	28.722956982423636	28.41347370797805	19.47401105574452	23.389558253853792
5	27.124303154488416	30.528964739580584	21.603368707917596	20.743363398013404
6	22.22564927735202	34.84902147535396	20.79946354773134	22.125865699562684
7	21.116085041989912	17.35623065119343	39.0859716759405	22.441712630876154
8	21.297760335819802	23.892374219036412	26.633997403663063	28.17586804148073
9	21.234371683314222	22.988691871616656	29.183944696457313	26.592991748611805
10-11	25.536336674937964	30.298233647642682	20.548850024813895	23.61657965260546
12-13	23.55514611740755	23.898002174945844	26.969101395549096	25.577750312097514
14-15	23.741665985723134	25.170551538849	26.425414130797222	24.662368344630643
16-17	23.62483574078506	25.979299213726755	26.259255534191382	24.136609511296804
18-19	23.498546704018484	26.35126841896969	25.208855609343217	24.941329267668618
20-21	24.27010920392557	26.324596633375137	25.48263587483049	23.922658287868806
22-23	24.25247985920921	26.39138169861615	25.51647425227495	23.83966418989969
24-25	23.556566923167928	25.91582105283828	26.799302691917788	23.728309332076012
26-27	23.57546087558518	26.52056578151965	25.54677224113634	24.35720110175883
28-29	24.23571732673802	25.79174941439411	25.415659547470703	24.556873711397174
30-31	23.929685837818177	26.591467301662846	25.536218824418143	23.942628036100835
32-33	24.066143509056694	26.487092610842655	25.6092464961777	23.837517383922947
34-35	24.231828150154104	26.06102351618312	25.836110624802295	23.87103770886048
36-37	23.71296321691812	26.261011847012867	25.63207717795562	24.393947758113402
38-39	24.05585158895562	25.956406598363362	26.045321424023903	23.942420388657116
40-41	24.23241252616275	26.224695994312615	25.55719856596687	23.985692913557767
42-43	23.958095397661356	26.14370899333568	25.959240415749246	23.938955193253715
44-45	23.7561824124614	26.13400934632907	26.014385744534685	24.09542249667485
46-47	24.03423578287579	26.175016009634067	25.753917996747067	24.036830210743073
48-49	23.75778302066516	26.157749690302623	25.79831188008756	24.286155408944662
50-51	23.903622143671594	26.0561724665129	25.97757767702432	24.062627712791183
52-53	23.916308368039996	26.16818442378266	25.91647345997736	23.999033748199984
54-55	23.791833368864026	26.12312426977218	25.947375140480887	24.13766722088291
56-57	23.828851238254586	25.959284811552795	26.2217487794441	23.99011517074852
58-59	23.73288590076	26.1763122284593	25.979863250057004	24.110938620723697
60-61	23.687734314934037	26.249302330138246	25.93958487711979	24.123378477807933
62-63	23.62410706050843	26.39529932322471	26.037252184669697	23.94334143159717
64-65	23.673413319200126	26.21641788682243	26.10557722174953	24.004591572227916
66-67	23.550947485118392	26.282633116535376	26.141649606834182	24.02476979151205
68-69	23.642912946452494	26.292247361393684	26.068143237002744	23.996696455151078
70-71	23.603257004914475	26.133958580804723	26.214019375094665	24.048765039186133
72-73	23.47852097986313	26.01219654661277	26.43220016718855	24.077082306335548
74-75	23.586946820772408	22.653360077801512	28.163741162630956	25.595951938795125
76	24.824415907261844	0.0	39.040089833584354	36.1354942591538
>>END_MODULE
>>Per sequence GC content	warn
#GC Content	Count
0	23905.0
1	20474.5
2	13223.0
3	8564.0
4	7929.0
5	8564.0
6	9518.5
7	10688.0
8	11916.0
9	13316.0
10	15242.0
11	17814.5
12	20240.5
13	23522.0
14	28968.0
15	36478.0
16	45891.5
17	55745.0
18	73442.0
19	102877.5
20	136989.5
21	169076.5
22	220685.5
23	303959.5
24	385734.0
25	450354.0
26	547657.0
27	683561.5
28	809128.0
29	903992.5
30	1021553.5
31	1173145.0
32	1312534.5
33	1415529.5
34	1530567.5
35	1673430.0
36	1787682.5
37	1863905.5
38	1941508.0
39	2060731.5
40	2165338.0
41	2250597.0
42	2308637.5
43	2362927.0
44	2436144.0
45	2477893.0
46	2500618.0
47	2533963.5
48	2603207.0
49	2672146.5
50	2745590.5
51	2829707.0
52	2830341.0
53	2795868.0
54	2764579.5
55	2696240.5
56	2632582.0
57	2545206.5
58	2425105.0
59	2284855.0
60	2134246.5
61	1982231.5
62	1868519.0
63	1744808.5
64	1561757.0
65	1378429.5
66	1179232.0
67	1038610.5
68	925803.0
69	772008.5
70	620239.0
71	516808.5
72	436607.5
73	341477.5
74	260280.5
75	208344.5
76	171351.5
77	132141.0
78	100031.5
79	78538.0
80	62674.5
81	46849.5
82	35262.0
83	26534.5
84	19731.5
85	14316.0
86	10791.0
87	8891.5
88	6912.0
89	4933.5
90	3726.0
91	2959.5
92	2569.0
93	1816.5
94	1014.5
95	738.5
96	615.5
97	608.5
98	394.0
99	162.5
100	157.0
>>END_MODULE
>>Per base N content	pass
#Base	N-Count
1	0.10407791878460745
2	0.03377272491616166
3	0.05559343984389186
4	0.025568123400255542
5	0.0242422394703578
6	0.016802998498416603
7	0.011447062575608135
8	0.011702712051911769
9	0.0072121734246653
10-11	0.012869807487210977
12-13	0.01040302822362279
14-15	0.020245533061312763
16-17	0.01598682563618015
18-19	0.022956052664109695
20-21	0.02517683985435161
22-23	0.01843597309784414
24-25	0.007641363038560762
26-27	0.004524278052513214
28-29	0.007155715287468534
30-31	0.0035037308534433017
32-33	0.009757012280261412
34-35	0.009380680433181604
36-37	0.010052906108455646
38-39	0.012805555077972703
40-41	0.00756124240667359
42-43	0.004171219817898217
44-45	0.003792743441280575
46-47	0.004290568703490757
48-49	0.00725611624713999
50-51	0.00599057928402808
52-53	0.005457983336987982
54-55	0.006812076382641797
56-57	0.007487538173292038
58-59	0.007666518507650716
60-61	0.004039492871689769
62-63	0.002814038847331723
64-65	0.0018684721544485275
66-67	0.0024209622776371503
68-69	0.002966596819685731
70-71	0.0024637160926535722
72-73	1.0495985154478596E-4
74-75	0.0
76	0.0
>>END_MODULE
>>Sequence Length Distribution	warn
#Length	Count
20-21	217731.0
22-23	145781.0
24-25	175857.0
26-27	145191.0
28-29	143645.0
30-31	190290.0
32-33	165908.0
34-35	185307.0
36-37	169511.0
38-39	185086.0
40-41	214432.0
42-43	199947.0
44-45	214718.0
46-47	201215.0
48-49	233372.0
50-51	210035.0
52-53	247257.0
54-55	263962.0
56-57	283682.0
58-59	312935.0
60-61	315452.0
62-63	332070.0
64-65	412344.0
66-67	510083.0
68-69	619854.0
70-71	969790.0
72-73	2929297.0
74-75	1.8959563E7
76-77	3.382254E7
>>END_MODULE
>>Sequence Duplication Levels	pass
#Total Deduplicated Percentage	79.20271513332602
#Duplication Level	Percentage of deduplicated	Percentage of total
1	89.15219030694178	70.6109553239278
2	6.9666043029222955	11.035479521019159
3	1.9858984551994103	4.7186564889261335
4	0.8067148343880235	2.5557602088745166
5	0.38122835508482017	1.5097160404264738
6	0.20565320615894064	0.9772975382197047
7	0.11914741613620103	0.6605759201375169
8	0.08020248219070629	0.5081803479948932
9	0.0540136383644159	0.3850224131422191
>10	0.22101501184169375	2.975959701133816
>50	0.01585161151692051	0.8816761265067854
>100	0.010335027071837904	1.56867310953952
>500	7.944106791412795E-4	0.422239269413894
>1k	2.73489357061788E-4	0.4239971841016912
>5k	4.733186752889869E-5	0.2520326587787598
>10k+	3.0120279195863795E-5	0.5137781478570843
>>END_MODULE
>>Overrepresented sequences	warn
#Sequence	Count	Percentage	Possible Source
CAAGCAGAAGACGGCATACG	65113	0.10339195248794181	No Hit
>>END_MODULE
>>Adapter Content	pass
#Position	Illumina Universal Adapter	Illumina Small RNA 3' Adapter	Illumina Small RNA 5' Adapter	Nextera Transposase Sequence	SOLID Small RNA Adapter
1	0.0	7.939424729926574E-6	0.0	9.52730967591189E-6	4.763654837955945E-6
2	0.0	1.905461935182378E-5	0.0	3.334558386569161E-5	4.763654837955945E-6
3	0.0	1.905461935182378E-5	0.0	3.334558386569161E-5	7.939424729926574E-6
4	0.0	1.905461935182378E-5	0.0	3.969712364963287E-5	7.939424729926574E-6
5	0.0	1.905461935182378E-5	0.0	4.6048663433574126E-5	7.939424729926574E-6
6	0.0	1.905461935182378E-5	1.5878849459853147E-6	4.763654837955944E-5	7.939424729926574E-6
7	0.0	2.0642504297809092E-5	1.5878849459853147E-6	5.39880881635007E-5	7.939424729926574E-6
8	0.0	2.0642504297809092E-5	1.5878849459853147E-6	6.510328278539791E-5	7.939424729926574E-6
9	0.0	2.381827418977972E-5	1.5878849459853147E-6	7.304270751532448E-5	9.52730967591189E-6
10	1.5878849459853147E-6	2.381827418977972E-5	1.5878849459853147E-6	7.304270751532448E-5	1.4290964513867832E-5
11	3.1757698919706293E-6	3.016981397372098E-5	1.5878849459853147E-6	7.780636235328042E-5	1.4290964513867832E-5
12	3.1757698919706293E-6	3.016981397372098E-5	1.5878849459853147E-6	7.939424729926573E-5	1.4290964513867832E-5
13	3.1757698919706293E-6	3.810923870364756E-5	1.5878849459853147E-6	8.098213224525105E-5	1.587884945985315E-5
14	3.1757698919706293E-6	3.969712364963287E-5	1.5878849459853147E-6	8.733367202919232E-5	1.7466734405838462E-5
15	3.1757698919706293E-6	4.28728935416035E-5	1.5878849459853147E-6	9.527309675911889E-5	1.7466734405838462E-5
16	3.1757698919706293E-6	4.6048663433574126E-5	1.5878849459853147E-6	9.844886665108952E-5	1.905461935182378E-5
17	3.1757698919706293E-6	4.6048663433574126E-5	1.5878849459853147E-6	1.079761763270014E-4	2.381827418977972E-5
18	3.1757698919706293E-6	4.763654837955944E-5	1.5878849459853147E-6	1.1432771611094266E-4	2.8581929027735664E-5
19	3.1757698919706293E-6	4.763654837955944E-5	1.5878849459853147E-6	1.2067925589488392E-4	2.8581929027735664E-5
20	3.1757698919706293E-6	4.763654837955944E-5	1.5878849459853147E-6	1.2385502578685456E-4	3.016981397372098E-5
21	4.763654837955945E-6	5.081231827153007E-5	1.5878849459853147E-6	1.2544291073283986E-4	3.016981397372098E-5
22	4.763654837955945E-6	5.081231827153007E-5	1.5878849459853147E-6	1.3020656557079582E-4	3.016981397372098E-5
23	4.763654837955945E-6	5.557597310948602E-5	1.5878849459853147E-6	1.3020656557079582E-4	3.016981397372098E-5
24	4.763654837955945E-6	5.557597310948602E-5	1.5878849459853147E-6	1.71491574166414E-4	3.016981397372098E-5
25	6.351539783941259E-6	5.716385805547133E-5	1.5878849459853147E-6	1.7466734405838463E-4	3.016981397372098E-5
26	6.351539783941259E-6	5.716385805547133E-5	1.5878849459853147E-6	1.937219634102084E-4	3.17576989197063E-5
27	6.351539783941259E-6	6.35153978394126E-5	1.5878849459853147E-6	1.937219634102084E-4	3.334558386569161E-5
28	6.351539783941259E-6	6.35153978394126E-5	1.5878849459853147E-6	1.9848561824816434E-4	3.334558386569161E-5
29	6.351539783941259E-6	6.510328278539791E-5	1.5878849459853147E-6	2.0007350319414967E-4	3.652135375766224E-5
30	6.351539783941259E-6	6.510328278539791E-5	1.5878849459853147E-6	2.048371580321056E-4	3.969712364963287E-5
31	6.351539783941259E-6	6.669116773138321E-5	1.5878849459853147E-6	2.048371580321056E-4	3.969712364963287E-5
32	6.351539783941259E-6	6.669116773138321E-5	1.5878849459853147E-6	2.048371580321056E-4	4.28728935416035E-5
33	6.351539783941259E-6	6.986693762335385E-5	1.5878849459853147E-6	2.048371580321056E-4	4.763654837955944E-5
34	7.939424729926574E-6	6.986693762335385E-5	1.5878849459853147E-6	2.0801292792407624E-4	4.763654837955944E-5
35	7.939424729926574E-6	7.145482256933916E-5	1.5878849459853147E-6	2.0801292792407624E-4	4.922443332554476E-5
36	7.939424729926574E-6	7.145482256933916E-5	1.5878849459853147E-6	2.0960081287006154E-4	4.922443332554476E-5
37	7.939424729926574E-6	7.939424729926573E-5	1.5878849459853147E-6	2.1277658276203218E-4	4.922443332554476E-5
38	7.939424729926574E-6	8.098213224525105E-5	1.5878849459853147E-6	2.1436446770801748E-4	5.081231827153007E-5
39	7.939424729926574E-6	8.098213224525105E-5	1.5878849459853147E-6	2.2230389243794408E-4	5.2400203217515386E-5
40	7.939424729926574E-6	8.098213224525105E-5	1.5878849459853147E-6	2.254796623299147E-4	5.39880881635007E-5
41	7.939424729926574E-6	8.257001719123637E-5	1.5878849459853147E-6	2.3183120211385595E-4	6.033962794744196E-5
42	7.939424729926574E-6	8.415790213722168E-5	1.5878849459853147E-6	2.3500697200582658E-4	6.033962794744196E-5
43	7.939424729926574E-6	8.892155697517763E-5	1.5878849459853147E-6	2.365948569518119E-4	6.033962794744196E-5
44	7.939424729926574E-6	9.050944192116294E-5	1.5878849459853147E-6	2.4135851178976785E-4	6.033962794744196E-5
45	7.939424729926574E-6	9.527309675911889E-5	1.5878849459853147E-6	2.4294639673575315E-4	6.033962794744196E-5
46	7.939424729926574E-6	9.68609817051042E-5	1.5878849459853147E-6	2.4294639673575315E-4	6.35153978394126E-5
47	7.939424729926574E-6	1.0003675159707484E-4	1.5878849459853147E-6	2.477100515737091E-4	6.35153978394126E-5
48	7.939424729926574E-6	1.0638829138101609E-4	1.5878849459853147E-6	2.556494763036357E-4	6.35153978394126E-5
49	7.939424729926574E-6	1.0638829138101609E-4	1.5878849459853147E-6	2.556494763036357E-4	6.510328278539791E-5
50	9.52730967591189E-6	1.0638829138101609E-4	1.5878849459853147E-6	2.6200101608757695E-4	6.986693762335385E-5
51	9.52730967591189E-6	1.0956406127298672E-4	1.5878849459853147E-6	2.6517678597954756E-4	6.986693762335385E-5
52	9.52730967591189E-6	1.1115194621897204E-4	1.5878849459853147E-6	2.6517678597954756E-4	7.145482256933916E-5
53	9.52730967591189E-6	1.1750348600291329E-4	1.5878849459853147E-6	2.6676467092553286E-4	7.145482256933916E-5
54	9.52730967591189E-6	1.270307956788252E-4	1.5878849459853147E-6	2.715283257634888E-4	7.145482256933916E-5
55	9.52730967591189E-6	1.3179445051678113E-4	1.5878849459853147E-6	2.731162107094741E-4	7.145482256933916E-5
56	9.52730967591189E-6	1.3338233546276643E-4	1.5878849459853147E-6	2.8423140533137136E-4	7.145482256933916E-5
57	9.52730967591189E-6	1.4290964513867833E-4	1.5878849459853147E-6	2.921708300612979E-4	7.145482256933916E-5
58	9.52730967591189E-6	1.4449753008466363E-4	1.5878849459853147E-6	2.9375871500728323E-4	7.46305924613098E-5
59	9.52730967591189E-6	1.4449753008466363E-4	1.5878849459853147E-6	3.0646179457516576E-4	7.46305924613098E-5
60	9.52730967591189E-6	1.508490698686049E-4	1.5878849459853147E-6	3.223406440350189E-4	7.621847740729511E-5
61	9.52730967591189E-6	1.5243695481459023E-4	1.5878849459853147E-6	3.255164139269895E-4	7.939424729926573E-5
62	9.52730967591189E-6	1.5561272470656083E-4	3.1757698919706293E-6	3.3980737844085734E-4	7.939424729926573E-5
63	9.52730967591189E-6	1.5720060965254616E-4	3.1757698919706293E-6	3.42983148332828E-4	7.939424729926573E-5
64	9.52730967591189E-6	1.5720060965254616E-4	3.1757698919706293E-6	3.4933468811676927E-4	7.939424729926573E-5
65	1.1115194621897204E-5	1.619642644905021E-4	4.763654837955945E-6	3.5092257306275457E-4	8.098213224525105E-5
>>END_MODULE
