##FastQC	0.11.7
>>Basic Statistics	pass
#Measure	Value
Filename	SRR807971_2_trimmed.fq.gz
File type	Conventional base calls
Encoding	Sanger / Illumina 1.9
Total Sequences	55180555
Sequences flagged as poor quality	0
Sequence length	20-76
%GC	49
>>END_MODULE
>>Per base sequence quality	pass
#Base	Mean	Median	Lower Quartile	Upper Quartile	10th Percentile	90th Percentile
1	30.310706316745094	31.0	30.0	34.0	26.0	34.0
2	30.450935623971162	31.0	30.0	34.0	26.0	34.0
3	30.531745557832828	31.0	30.0	34.0	26.0	34.0
4	34.006863214768316	35.0	35.0	37.0	28.0	37.0
5	34.012490287565974	35.0	35.0	37.0	28.0	37.0
6	34.02267806113947	36.0	35.0	37.0	28.0	37.0
7	34.141093017277555	36.0	35.0	37.0	29.0	37.0
8	34.10129347194859	36.0	35.0	37.0	29.0	37.0
9	35.47577364888773	38.0	35.0	39.0	29.0	39.0
10-11	35.42126462845472	38.0	35.0	39.0	28.5	39.0
12-13	35.33826769230574	38.0	35.0	39.0	27.5	39.0
14-15	36.30152365267077	39.0	35.0	41.0	27.0	41.0
16-17	36.21640861531748	39.0	34.0	41.0	27.0	41.0
18-19	36.14521116179422	38.5	34.0	40.5	27.0	41.0
20-21	36.08979081440447	39.0	34.0	40.0	27.0	41.0
22-23	36.02962682865028	39.0	34.0	40.0	27.0	41.0
24-25	36.01011340491568	38.0	34.0	40.0	27.0	41.0
26-27	36.02732528513748	39.0	34.0	40.0	27.0	41.0
28-29	35.970306753391576	38.0	34.0	40.0	27.0	41.0
30-31	35.872692036290765	38.0	34.0	40.0	27.0	41.0
32-33	35.79047238221865	38.0	34.0	40.0	27.0	41.0
34-35	35.68394219328923	38.0	34.0	40.0	27.0	41.0
36-37	35.62375587059746	38.0	34.0	40.0	27.0	41.0
38-39	35.701362340478866	38.0	34.0	40.0	27.0	41.0
40-41	35.654637244142904	38.0	33.5	40.0	27.0	41.0
42-43	35.55173377529354	38.0	33.0	40.0	27.0	41.0
44-45	35.476580876688715	38.0	33.0	40.0	27.0	41.0
46-47	35.43646800094861	38.0	33.0	40.0	27.0	41.0
48-49	35.35414822138283	38.0	33.0	40.0	27.0	41.0
50-51	34.47914209564414	37.0	32.0	39.5	25.5	40.5
52-53	34.64095314685785	37.0	32.5	39.5	26.0	40.0
54-55	35.099911553987226	37.0	33.0	40.0	27.0	41.0
56-57	35.038217867141604	37.0	33.0	40.0	27.0	41.0
58-59	34.86176786275061	37.0	33.0	40.0	26.0	41.0
60-61	34.64658629937037	36.0	32.0	39.5	26.0	41.0
62-63	34.38650254717611	36.0	32.0	39.0	26.0	41.0
64-65	34.16148079153005	35.5	32.0	39.0	26.0	40.0
66-67	33.91665882422586	35.0	31.5	38.5	26.0	40.0
68-69	33.69290403693121	35.0	31.0	38.0	26.0	40.0
70-71	33.53913321792999	35.0	31.0	37.0	26.0	39.5
72-73	33.503706930901494	35.0	31.0	37.0	26.5	39.0
74-75	33.65657367336841	35.0	31.5	36.0	27.5	39.0
76	31.832522062060477	33.0	29.0	35.0	26.0	37.0
>>END_MODULE
>>Per sequence quality scores	pass
#Quality	Count
15	1.0
16	1.0
17	28.0
18	1315.0
19	22061.0
20	191227.0
21	391075.0
22	595054.0
23	778125.0
24	942245.0
25	1090362.0
26	1231232.0
27	1376225.0
28	1535267.0
29	1719289.0
30	1933539.0
31	2194727.0
32	2531868.0
33	2963602.0
34	3551877.0
35	4333762.0
36	5423054.0
37	6876992.0
38	8176628.0
39	6938922.0
40	382077.0
>>END_MODULE
>>Per base sequence content	fail
#Base	G	A	T	C
1	28.547480543225827	12.841765128750977	14.319644290792255	44.29111003723094
2	23.237912468082616	21.09996346498675	34.21640480823685	21.445719258693778
3	26.67327932710008	23.693170308288238	23.28582339277296	26.347726971838714
4	26.619873435514275	30.948316495860105	19.694825650066516	22.736984418559107
5	27.28211550761415	31.03830137516245	21.699774684999074	19.97980843222432
6	22.020228380025188	33.14054384713992	22.004016100283444	22.835211672551456
7	19.622226952155277	16.535760785719805	39.45099250214999	24.391019759974924
8	21.59091071780372	21.90150821435408	27.038047681370454	29.469533386471745
9	21.298578391269665	20.91474082641667	29.800684747092955	27.98599603522071
10-11	25.632790324188143	29.390736020712303	20.751663079207113	24.224810575892437
12-13	23.175477847409987	23.399738179903874	27.396284602679817	26.028499370006326
14-15	23.731016075886547	24.976219124188148	26.671444710134285	24.62132008979102
16-17	24.598668311226266	25.058124805893478	25.45859520855982	24.88461167432044
18-19	24.36370016111458	25.413611194119305	25.319365593454744	24.903323051311368
20-21	24.34777183526357	25.62552131007682	25.575974295547876	24.450732559111735
22-23	24.36031866946094	25.597699909341966	25.524396618271446	24.517584802925654
24-25	24.325513010999668	25.57172315244458	25.430601877646207	24.672161958909545
26-27	24.33736205727747	25.75084696664247	25.381710994115803	24.530079981964253
28-29	24.453683700208586	25.566476617639477	25.31983964372594	24.660000038425995
30-31	24.00608769859969	25.601791784185313	25.56517338213523	24.826947135079767
32-33	24.132715272769723	25.622667282499812	25.6108213677472	24.63379607698327
34-35	24.50075214239043	25.61580236391596	25.24000425209924	24.64344124159437
36-37	24.353021582523386	25.563103598285856	25.48297090869663	24.60090391049413
38-39	23.939188019586815	25.668611292564908	25.699659862480097	24.692540825368177
40-41	24.257162013097084	25.477789796974587	25.581813467917485	24.68323472201084
42-43	24.036406738507264	25.485222281881754	25.715916764541735	24.762454215069248
44-45	23.941267721533695	25.696351368276698	25.855377066181983	24.507003844007624
46-47	24.302113796140546	25.471393661994686	25.583694907460576	24.642797634404197
48-49	24.045687479301844	25.45790126911509	25.787551891469178	24.708859360113888
50-51	24.128968536226942	25.60028499852856	25.8015243656472	24.4692220995973
52-53	24.079369768340705	25.536724227631126	25.69726842528105	24.68663757874712
54-55	24.031089264294415	25.556633759659913	25.794155396128872	24.618121579916796
56-57	23.958159818884344	25.632302942610725	25.838181872872905	24.571355365632023
58-59	24.079857257490588	25.591011827946225	25.75737695598862	24.57175395857457
60-61	23.96856332954524	25.5722117311518	25.832510065502568	24.626714873800392
62-63	23.693121204170833	25.658554846336212	26.08614174391082	24.562182205582143
64-65	23.918062065604147	25.592564484713204	25.85697657437411	24.632396875308537
66-67	23.872822603930604	25.6566807593028	25.821981465969724	24.64851517079687
68-69	23.730615092829048	25.673781109604526	25.998414111995327	24.5971896855711
70-71	23.729255543594178	25.71623999693533	25.979039127363517	24.575465332106972
72-73	23.45142858890566	25.440826038936358	26.330402643426424	24.77734272873155
74-75	23.77131559842428	21.89257880350615	28.209080595950986	26.127025002118586
76	25.53800419932965	0.0	38.082181994637885	36.379813806032466
>>END_MODULE
>>Per sequence GC content	pass
#GC Content	Count
0	5504.0
1	4607.5
2	3606.0
3	3493.0
4	3594.5
5	3945.5
6	4536.5
7	5269.5
8	6057.0
9	7037.0
10	8383.5
11	10071.0
12	11625.5
13	13805.0
14	17342.5
15	21860.5
16	27480.0
17	33879.0
18	44096.0
19	59526.5
20	78875.5
21	98307.0
22	127730.0
23	173667.0
24	219201.0
25	258619.0
26	322349.0
27	410744.0
28	496719.0
29	568901.5
30	663757.5
31	788574.5
32	906247.5
33	990817.5
34	1085344.5
35	1224749.5
36	1341450.0
37	1432840.0
38	1547245.5
39	1731152.0
40	1909095.5
41	2099013.0
42	2278179.5
43	2416240.5
44	2507750.0
45	2523680.0
46	2544980.5
47	2600528.5
48	2667538.5
49	2686083.0
50	2699182.5
51	2756567.5
52	2780013.0
53	2765035.0
54	2766278.5
55	2789785.5
56	2746931.0
57	2554435.0
58	2378560.5
59	2223193.5
60	2054628.0
61	1814509.5
62	1591974.0
63	1447423.0
64	1261828.5
65	1096812.5
66	935661.0
67	818252.5
68	732088.0
69	622691.5
70	511733.5
71	432469.5
72	372622.0
73	303388.0
74	242257.0
75	202078.0
76	171631.0
77	139189.0
78	111001.5
79	91410.5
80	75197.5
81	59718.5
82	47798.5
83	36830.0
84	27976.5
85	21221.5
86	16389.5
87	13329.0
88	10194.5
89	7193.0
90	5440.0
91	4429.5
92	3955.0
93	2989.0
94	1776.0
95	1160.5
96	884.0
97	832.5
98	511.0
99	186.5
100	185.0
>>END_MODULE
>>Per base N content	pass
#Base	N-Count
1	0.2017069237523979
2	0.02094759648575481
3	0.019258595713653116
4	0.017161842609230732
5	0.014532293123909319
6	2.8995721409471144E-4
7	1.2685628116643625E-4
8	2.4646363198050475E-4
9	3.2982633103273423E-4
10-11	0.0010991190646777655
12-13	0.00331004282214994
14-15	0.0031949660528061015
16-17	0.0026204883223809546
18-19	4.7208658919795207E-4
20-21	6.719515916279765E-4
22-23	5.157820811428552E-4
24-25	9.920794186316037E-4
26-27	0.0034694196077729544
28-29	0.001221711091231979
30-31	9.145288447519365E-4
32-33	5.281295071394446E-4
34-35	0.0011053474972015774
36-37	9.064458542138275E-5
38-39	5.0688451962568153E-5
40-41	3.461501608263636E-4
42-43	9.86002537325837E-5
44-45	6.482591448725914E-5
46-47	1.1123575055651437E-4
48-49	1.370305593587433E-4
50-51	5.109075855595371E-4
52-53	0.0014863806999110849
54-55	7.566223940045478E-5
56-57	4.949012501759869E-6
58-59	1.5968239331651736E-5
60-61	4.6439715809086626E-4
62-63	9.161768428973543E-6
64-65	8.478306624830326E-4
66-67	6.863758499503411E-4
68-69	8.585964445287455E-4
70-71	2.3901933755529847E-4
72-73	1.0232439649295837E-4
74-75	0.0
76	0.0
>>END_MODULE
>>Sequence Length Distribution	warn
#Length	Count
20-21	171464.0
22-23	178708.0
24-25	189621.0
26-27	198478.0
28-29	207966.0
30-31	214594.0
32-33	223490.0
34-35	231876.0
36-37	236333.0
38-39	250535.0
40-41	268889.0
42-43	285857.0
44-45	302068.0
46-47	323566.0
48-49	337517.0
50-51	290825.0
52-53	299311.0
54-55	355871.0
56-57	403533.0
58-59	453756.0
60-61	502546.0
62-63	562493.0
64-65	648101.0
66-67	765499.0
68-69	959136.0
70-71	1337424.0
72-73	2968203.0
74-75	1.569679E7
76-77	2.6316105E7
>>END_MODULE
>>Sequence Duplication Levels	pass
#Total Deduplicated Percentage	72.38421197856229
#Duplication Level	Percentage of deduplicated	Percentage of total
1	87.89129725974895	63.61942291920498
2	7.387991305868057	10.695478575594572
3	2.1357936485918247	4.637932206064129
4	0.938466136745725	2.717205271076199
5	0.4924953182892934	1.7824442758750856
6	0.27983123603809534	1.2153218104562757
7	0.19067619199777738	0.9661362130582509
8	0.1287289316993084	0.7454353823917285
9	0.09569331341372575	0.6234016574763109
>10	0.41021065007761276	5.079286784975151
>50	0.023852173811518346	1.2059041270399675
>100	0.020088262031135087	3.0344118401244797
>500	0.003162186076415326	1.5694736446213906
>1k	0.0016974545786102796	2.03887525970944
>5k	1.5931031914535112E-5	0.06927003233171662
>10k+	0.0	0.0
>>END_MODULE
>>Overrepresented sequences	pass
>>END_MODULE
>>Adapter Content	pass
#Position	Illumina Universal Adapter	Illumina Small RNA 3' Adapter	Illumina Small RNA 5' Adapter	Nextera Transposase Sequence	SOLID Small RNA Adapter
1	0.0	1.8122325880919465E-6	0.0	1.8122325880919465E-6	0.0
2	0.0	1.2685628116643626E-5	0.0	2.3559023645195305E-5	0.0
3	0.0	1.2685628116643626E-5	0.0	2.3559023645195305E-5	7.248930352367786E-6
4	0.0	1.2685628116643626E-5	0.0	2.7183488821379198E-5	9.061162940459733E-6
5	0.0	1.2685628116643626E-5	0.0	3.080795399756309E-5	9.061162940459733E-6
6	0.0	1.2685628116643626E-5	0.0	3.080795399756309E-5	1.0873395528551679E-5
7	0.0	3.624465176183893E-5	0.0	3.080795399756309E-5	1.2685628116643626E-5
8	0.0	4.3493582114206717E-5	0.0	3.080795399756309E-5	1.2685628116643626E-5
9	0.0	4.3493582114206717E-5	0.0	3.8056884349930874E-5	1.2685628116643626E-5
10	0.0	4.3493582114206717E-5	0.0	3.8056884349930874E-5	1.2685628116643626E-5
11	0.0	4.3493582114206717E-5	0.0	3.8056884349930874E-5	1.2685628116643626E-5
12	0.0	4.530581470229866E-5	0.0	4.168134952611477E-5	1.2685628116643626E-5
13	0.0	4.711804729039061E-5	0.0	4.893027987848255E-5	1.4497860704735572E-5
14	0.0	4.711804729039061E-5	0.0	5.07425124665745E-5	1.4497860704735572E-5
15	0.0	4.711804729039061E-5	0.0	6.524037317131007E-5	1.4497860704735572E-5
16	0.0	5.2554745054666446E-5	0.0	6.524037317131007E-5	1.4497860704735572E-5
17	0.0	5.617921023085034E-5	0.0	6.705260575940202E-5	1.8122325880919465E-5
18	0.0	5.617921023085034E-5	0.0	7.430153611176981E-5	2.3559023645195305E-5
19	0.0	5.617921023085034E-5	0.0	8.15504664641376E-5	2.3559023645195305E-5
20	0.0	6.161590799512618E-5	0.0	8.517493164032148E-5	2.3559023645195305E-5
21	0.0	6.342814058321812E-5	0.0	8.879939681650538E-5	2.3559023645195305E-5
22	0.0	6.342814058321812E-5	0.0	9.604832716887317E-5	2.7183488821379198E-5
23	0.0	6.524037317131007E-5	0.0	9.78605597569651E-5	2.8995721409471144E-5
24	0.0	6.886483834749396E-5	0.0	1.0692172269742484E-4	2.8995721409471144E-5
25	0.0	7.430153611176981E-5	0.0	1.0692172269742484E-4	2.8995721409471144E-5
26	0.0	7.430153611176981E-5	0.0	1.0873395528551679E-4	3.080795399756309E-5
27	0.0	7.430153611176981E-5	0.0	1.1054618787360874E-4	3.080795399756309E-5
28	0.0	7.430153611176981E-5	0.0	1.1054618787360874E-4	3.262018658565504E-5
29	0.0	7.430153611176981E-5	0.0	1.1417065304979263E-4	3.262018658565504E-5
30	0.0	7.611376869986175E-5	0.0	1.1598288563788458E-4	3.9869116938022824E-5
31	0.0	7.611376869986175E-5	0.0	1.1779511822597653E-4	3.9869116938022824E-5
32	0.0	7.611376869986175E-5	0.0	1.1960735081406846E-4	4.168134952611477E-5
33	0.0	7.973823387604565E-5	0.0	1.1960735081406846E-4	4.168134952611477E-5
34	0.0	8.336269905222953E-5	0.0	1.1960735081406846E-4	4.168134952611477E-5
35	0.0	8.336269905222953E-5	0.0	1.1960735081406846E-4	4.168134952611477E-5
36	0.0	8.517493164032148E-5	0.0	1.2141958340216041E-4	4.893027987848255E-5
37	0.0	9.061162940459732E-5	0.0	1.2141958340216041E-4	4.893027987848255E-5
38	0.0	9.242386199268927E-5	0.0	1.2323181599025235E-4	5.07425124665745E-5
39	0.0	9.242386199268927E-5	0.0	1.250440485783443E-4	5.07425124665745E-5
40	0.0	9.242386199268927E-5	0.0	1.250440485783443E-4	5.07425124665745E-5
41	0.0	9.78605597569651E-5	0.0	1.2685628116643625E-4	5.617921023085034E-5
42	0.0	9.78605597569651E-5	0.0	1.3410521151880405E-4	5.980367540703423E-5
43	0.0	9.78605597569651E-5	0.0	1.3410521151880405E-4	5.980367540703423E-5
44	0.0	9.78605597569651E-5	0.0	1.3410521151880405E-4	6.161590799512618E-5
45	0.0	1.01485024933149E-4	0.0	1.3954190928307987E-4	6.161590799512618E-5
46	0.0	1.01485024933149E-4	0.0	1.3954190928307987E-4	6.342814058321812E-5
47	0.0	1.0510949010933289E-4	0.0	1.3954190928307987E-4	6.524037317131007E-5
48	0.0	1.1054618787360874E-4	0.0	1.4497860704735572E-4	6.524037317131007E-5
49	0.0	1.1054618787360874E-4	0.0	1.4679083963544767E-4	6.524037317131007E-5
50	0.0	1.1235842046170068E-4	0.0	1.4679083963544767E-4	6.705260575940202E-5
51	0.0	1.1417065304979263E-4	0.0	1.558520025759074E-4	6.886483834749396E-5
52	0.0	1.1598288563788458E-4	0.0	1.558520025759074E-4	7.248930352367786E-5
53	0.0	1.250440485783443E-4	0.0	1.558520025759074E-4	7.248930352367786E-5
54	0.0	1.250440485783443E-4	0.0	1.558520025759074E-4	7.248930352367786E-5
55	0.0	1.250440485783443E-4	0.0	1.558520025759074E-4	7.430153611176981E-5
56	0.0	1.250440485783443E-4	0.0	1.6853763069255102E-4	7.79260012879537E-5
57	0.0	1.2685628116643625E-4	0.0	1.6853763069255102E-4	7.79260012879537E-5
58	0.0	1.322929789307121E-4	0.0	1.7578656104491882E-4	7.79260012879537E-5
59	0.0	1.322929789307121E-4	0.0	1.8122325880919464E-4	7.79260012879537E-5
60	0.0	1.3410521151880405E-4	0.0	1.866599565734705E-4	8.336269905222953E-5
61	0.0	1.3772967669498792E-4	0.0	1.939088869258383E-4	8.517493164032148E-5
62	0.0	1.4135414187117182E-4	1.8122325880919465E-6	1.957211195139302E-4	9.061162940459732E-5
63	0.0	1.4497860704735572E-4	1.8122325880919465E-6	1.993455846901141E-4	9.061162940459732E-5
64	0.0	1.4860307222353962E-4	1.8122325880919465E-6	2.065945150424819E-4	9.061162940459732E-5
65	0.0	1.5403976998781544E-4	3.624465176183893E-6	2.0840674763057386E-4	9.242386199268927E-5
>>END_MODULE
