##FastQC	0.11.7
>>Basic Statistics	pass
#Measure	Value
Filename	SRR807971_1_trimmed.fq.gz
File type	Conventional base calls
Encoding	Sanger / Illumina 1.9
Total Sequences	56285466
Sequences flagged as poor quality	0
Sequence length	20-76
%GC	49
>>END_MODULE
>>Per base sequence quality	pass
#Base	Mean	Median	Lower Quartile	Upper Quartile	10th Percentile	90th Percentile
1	30.97559881622016	31.0	30.0	34.0	28.0	34.0
2	31.19607145119843	31.0	31.0	34.0	27.0	34.0
3	30.27795392153278	31.0	30.0	34.0	26.0	34.0
4	34.4703129401114	37.0	35.0	37.0	30.0	37.0
5	34.40223652052556	35.0	35.0	37.0	30.0	37.0
6	34.41943412176778	37.0	35.0	37.0	30.0	37.0
7	34.52760973854245	37.0	35.0	37.0	30.0	37.0
8	34.48637534599074	37.0	35.0	37.0	30.0	37.0
9	35.92784442790258	39.0	35.0	39.0	30.0	39.0
10-11	35.86569463598293	38.0	35.0	39.0	30.0	39.0
12-13	35.786947193437115	38.0	35.0	39.0	30.0	39.0
14-15	36.79939430545001	39.0	36.0	41.0	30.0	41.0
16-17	36.68867018885479	39.0	36.0	41.0	30.0	41.0
18-19	36.58261426670963	39.0	35.0	41.0	29.0	41.0
20-21	36.483614090130644	39.0	35.0	40.5	29.0	41.0
22-23	36.38598842051721	39.0	35.0	40.0	29.0	41.0
24-25	36.40846536755191	39.0	35.0	40.0	29.0	41.0
26-27	36.33526037922091	39.0	35.0	40.0	28.5	41.0
28-29	36.31084924680886	39.0	35.0	40.0	29.0	41.0
30-31	36.28336550135342	39.0	35.0	40.0	29.0	41.0
32-33	36.23134520838862	38.5	35.0	40.0	29.0	41.0
34-35	36.23140468143624	38.0	35.0	40.0	29.0	41.0
36-37	36.21457194401232	38.0	34.5	40.0	28.5	41.0
38-39	36.14550427467689	38.0	34.0	40.0	28.0	41.0
40-41	36.062520886910036	38.0	34.0	40.0	28.0	41.0
42-43	35.95392875786859	38.0	34.0	40.0	28.0	41.0
44-45	35.841658027389144	38.0	34.0	40.0	28.0	41.0
46-47	35.715312268732156	38.0	33.5	40.0	27.5	41.0
48-49	35.571459102166784	38.0	33.0	40.0	27.0	41.0
50-51	34.70310599865691	37.0	32.0	39.5	26.5	40.5
52-53	34.80517791400191	37.0	32.5	39.5	26.5	40.0
54-55	35.2167682306829	37.0	33.0	40.0	27.0	41.0
56-57	35.13244443951476	37.0	33.0	40.0	27.0	41.0
58-59	34.94430848643033	37.0	33.0	40.0	27.0	41.0
60-61	34.724729146712036	36.0	32.5	39.0	27.0	41.0
62-63	34.46662680317454	36.0	32.0	39.0	26.0	40.5
64-65	34.227505361820704	35.5	32.0	39.0	26.0	40.0
66-67	33.975819747577674	35.0	32.0	38.5	26.0	40.0
68-69	33.739948858241334	35.0	31.5	38.0	26.0	40.0
70-71	33.55682506477412	35.0	31.0	37.0	26.0	39.5
72-73	33.49542223963891	35.0	31.0	37.0	26.5	39.0
74-75	33.63111527763161	34.5	32.0	36.0	28.0	39.0
76	31.67106426038821	32.0	29.0	35.0	25.0	37.0
>>END_MODULE
>>Per sequence quality scores	pass
#Quality	Count
14	27.0
15	110.0
16	251.0
17	417.0
18	692.0
19	4727.0
20	67083.0
21	215942.0
22	412312.0
23	610072.0
24	795102.0
25	966474.0
26	1130229.0
27	1296013.0
28	1476555.0
29	1682660.0
30	1922252.0
31	2212333.0
32	2568676.0
33	3032011.0
34	3659789.0
35	4496684.0
36	5697089.0
37	7353403.0
38	8935294.0
39	7417494.0
40	331775.0
>>END_MODULE
>>Per base sequence content	fail
#Base	G	A	T	C
1	28.8832859847347	13.43590514217049	14.624106738991053	43.05670213410376
2	23.342495022570134	21.128763134996646	34.467644427196554	21.061097415236667
3	26.376686233988682	23.920190370003642	24.15420335576558	25.548920040242095
4	26.662213549824486	31.235569406799247	20.448124116677093	21.654092926699175
5	27.49795572293904	31.030390794988584	21.756743760115558	19.714909721956822
6	21.967424970181238	33.33906919125434	22.21899667816539	22.474509160399037
7	19.68733283115608	16.597094933745083	39.67696165564698	24.038610579451852
8	21.676104417635006	21.756338478360096	27.247657944705338	29.319899159299563
9	21.37807104785083	20.878292643301116	29.93967387233288	27.803962436515178
10-11	25.75264322821939	29.40533809274961	20.808062467614036	24.033956211416964
12-13	23.33397042409413	23.342112985906997	27.436471294782365	25.887445295216505
14-15	23.874706065473227	24.92585130832013	26.684220607973163	24.515222018233477
16-17	24.768589048484642	25.006601308683624	25.471714046402372	24.75309559642936
18-19	24.552522199944274	25.35258413577467	25.29887632370577	24.79601734057528
20-21	24.5528330409818	25.540085646310644	25.548114887901562	24.358966424805992
22-23	24.577527720660893	25.526368245493252	25.50251158084784	24.393592452998018
24-25	24.502087609549463	25.504167892272058	25.44432558703073	24.54941891114775
26-27	24.51114879871017	25.6812431966359	25.37860225035778	24.429005754296153
28-29	24.615099456683843	25.495105912815085	25.34672093866972	24.54307369183135
30-31	24.163421549073718	25.534542217504562	25.574835171213095	24.72720106220862
32-33	24.309872361700997	25.54788178738808	25.57647585904368	24.56576999186725
34-35	24.65438077011444	25.553226003945507	25.25747465521299	24.53491857072706
36-37	24.50681512626474	25.507040111053218	25.485917045284793	24.500227717397244
38-39	24.12041463706509	25.600366676682647	25.691798997369247	24.587419688883017
40-41	24.415714154890757	25.40029575774092	25.60881017257623	24.575179914792095
42-43	24.207030276448727	25.423889731852267	25.73396187691196	24.635118114787044
44-45	24.121107934326762	25.613623422325	25.862935610845877	24.40233303250236
46-47	24.475100846331614	25.403816248867074	25.580048366041503	24.54103453875981
48-49	24.237533916460976	25.385210107542072	25.754142292210012	24.623113683786933
50-51	24.32304274275635	25.507572866734264	25.751060363762114	24.418324026747275
52-53	24.25063141672008	25.46801481506435	25.67587269032864	24.605481077886935
54-55	24.228494678332677	25.48409904824241	25.746329393743185	24.541076879681732
56-57	24.1604328555805	25.53470711256931	25.776066309791055	24.528793722059135
58-59	24.2823258146373	25.496084319670636	25.717380862943735	24.50420900274833
60-61	24.19084847723674	25.478401836696612	25.783681426276285	24.547068259790365
62-63	23.895501315941182	25.54002220014008	26.035198879640948	24.529277604277798
64-65	24.127990359673372	25.486629431036373	25.818913859225813	24.566466350064438
66-67	24.096681735396235	25.533367951007367	25.78773357796499	24.582216735631413
68-69	23.93236920814496	25.541047226062187	25.952595048070098	24.57398851772275
70-71	23.94892132539052	25.55837429099973	25.95046941147978	24.542234972129968
72-73	23.657661468125827	25.266101468909586	26.323309144839136	24.752927918125454
74-75	23.942645791684647	21.598986759757096	28.268848328090577	26.18951912046768
76	25.408696039551653	0.0	38.279752789293795	36.311551171154555
>>END_MODULE
>>Per sequence GC content	pass
#GC Content	Count
0	7349.0
1	5954.5
2	4070.5
3	3559.0
4	3607.0
5	3915.5
6	4479.5
7	5155.0
8	5862.0
9	6754.5
10	7976.5
11	9494.0
12	10984.0
13	13108.0
14	16488.0
15	20750.5
16	26004.0
17	31728.0
18	40912.0
19	55490.5
20	74111.0
21	93336.5
22	121753.0
23	165974.5
24	211306.5
25	250822.0
26	314318.5
27	403669.5
28	489937.5
29	561760.0
30	657638.0
31	784206.0
32	903379.0
33	987333.0
34	1084345.5
35	1228859.5
36	1348313.5
37	1441670.5
38	1558641.0
39	1748171.5
40	1930744.0
41	2130202.0
42	2319357.0
43	2463628.5
44	2558098.0
45	2573594.0
46	2594923.0
47	2650934.5
48	2715537.0
49	2733285.0
50	2747278.0
51	2795947.0
52	2814797.0
53	2808141.0
54	2815558.0
55	2833367.5
56	2781731.0
57	2581138.0
58	2400032.0
59	2240726.0
60	2068840.0
61	1826479.5
62	1601652.5
63	1453740.5
64	1263150.5
65	1095742.0
66	931028.5
67	811033.5
68	722851.0
69	610099.5
70	497686.5
71	417948.0
72	357303.5
73	287749.0
74	227361.0
75	187939.5
76	158591.5
77	127003.0
78	100016.5
79	81786.0
80	67201.5
81	53211.5
82	42437.0
83	32501.0
84	24260.5
85	18081.0
86	13867.0
87	11171.5
88	8495.0
89	6002.0
90	4550.5
91	3704.0
92	3288.5
93	2419.0
94	1366.0
95	871.5
96	659.5
97	607.5
98	366.5
99	126.0
100	123.0
>>END_MODULE
>>Per base N content	pass
#Base	N-Count
1	0.19091429393158085
2	0.005161190279565244
3	2.2741217066586956E-4
4	0.07943080723538826
5	0.004855605175232982
6	0.0037487475008201937
7	0.0045304768374841205
8	0.0046832693896502525
9	0.004836061941816383
10-11	0.007700922294931341
12-13	0.0017206928694523025
14-15	0.005239363213231636
16-17	0.012174546089748996
18-19	0.02544617823720248
20-21	0.032996138533577864
22-23	0.01844680815950418
24-25	0.009238096480392453
26-27	0.008534893819416233
28-29	0.010672506565451611
30-31	0.013481153939905096
32-33	0.018006327907087095
34-35	0.007225365464920142
36-37	0.0025157585127593496
38-39	5.239935311946929E-4
40-41	0.0032107216944690276
42-43	7.814875616658965E-4
44-45	0.001597659950217361
46-47	8.828121581375174E-4
48-49	4.4255839143076433E-4
50-51	0.0010761814614359381
52-53	0.0020937860316737793
54-55	0.0027382622976022193
56-57	0.0013411435856527107
58-59	5.9920853637119944E-5
60-61	5.067800593546653E-5
62-63	7.083701698119728E-5
64-65	3.978737903157181E-5
66-67	3.829758873241401E-5
68-69	8.400015197881156E-5
70-71	3.978469944533638E-5
72-73	2.7093487498311667E-5
74-75	0.0
76	0.0
>>END_MODULE
>>Sequence Length Distribution	warn
#Length	Count
20-21	139724.0
22-23	143940.0
24-25	154745.0
26-27	162276.0
28-29	170205.0
30-31	179104.0
32-33	188438.0
34-35	200639.0
36-37	213673.0
38-39	229683.0
40-41	246667.0
42-43	264014.0
44-45	282366.0
46-47	304884.0
48-49	316593.0
50-51	271731.0
52-53	277748.0
54-55	327996.0
56-57	374096.0
58-59	419138.0
60-61	468372.0
62-63	532335.0
64-65	625270.0
66-67	756748.0
68-69	971615.0
70-71	1385567.0
72-73	3141843.0
74-75	1.6374611E7
76-77	2.7161445E7
>>END_MODULE
>>Sequence Duplication Levels	pass
#Total Deduplicated Percentage	70.72099045821568
#Duplication Level	Percentage of deduplicated	Percentage of total
1	86.68437468526763	61.30404834993205
2	8.122992556755317	11.489321581968996
3	2.3466724290090024	4.978769953815105
4	1.0088510795965195	2.853877902956242
5	0.5292094831993978	1.8713109405870936
6	0.31940540177191	1.355319982260828
7	0.21805250914121535	1.0794622592856116
8	0.14567398549673807	0.824176683066005
9	0.10195302544181602	0.6489197045511202
>10	0.47030401565315416	5.6454535952776945
>50	0.026139910564284788	1.2912945765761261
>100	0.021594007758811963	3.1482216372602267
>500	0.0030421802909231513	1.4805440266830845
>1k	0.0017265123318222053	1.998599084411461
>5k	8.217721420234994E-6	0.030679721368270595
>10k+	0.0	0.0
>>END_MODULE
>>Overrepresented sequences	pass
>>END_MODULE
>>Adapter Content	pass
#Position	Illumina Universal Adapter	Illumina Small RNA 3' Adapter	Illumina Small RNA 5' Adapter	Nextera Transposase Sequence	SOLID Small RNA Adapter
1	0.0	7.106630333308425E-6	0.0	1.7766575833271062E-6	0.0
2	0.0	3.0203178916560805E-5	0.0	1.5989918249943956E-5	3.5533151666542123E-6
3	0.0	3.197983649988791E-5	0.0	1.5989918249943956E-5	7.106630333308425E-6
4	0.0	3.197983649988791E-5	0.0	1.5989918249943956E-5	1.2436603083289743E-5
5	0.0	3.197983649988791E-5	0.0	1.5989918249943956E-5	1.2436603083289743E-5
6	0.0	3.197983649988791E-5	0.0	1.5989918249943956E-5	1.954323341659817E-5
7	0.0	4.4416439583177655E-5	0.0	1.7766575833271063E-5	1.954323341659817E-5
8	0.0	4.974641233315897E-5	0.0	2.6649863749906592E-5	1.954323341659817E-5
9	0.0	4.974641233315897E-5	0.0	3.197983649988791E-5	2.1319890999925272E-5
10	0.0	4.974641233315897E-5	0.0	3.197983649988791E-5	2.1319890999925272E-5
11	0.0	4.974641233315897E-5	0.0	3.197983649988791E-5	2.309654858325238E-5
12	0.0	4.974641233315897E-5	0.0	3.3756494083215015E-5	2.6649863749906592E-5
13	0.0	5.3299727499813184E-5	0.0	3.730980924986923E-5	2.84265213332337E-5
14	0.0	5.3299727499813184E-5	0.0	3.908646683319634E-5	2.84265213332337E-5
15	0.0	5.3299727499813184E-5	0.0	5.152306991648608E-5	2.84265213332337E-5
16	0.0	5.507638508314029E-5	0.0	5.3299727499813184E-5	3.0203178916560805E-5
17	0.0	5.507638508314029E-5	0.0	6.040635783312161E-5	3.3756494083215015E-5
18	0.0	5.68530426664674E-5	0.0	6.573633058310293E-5	3.908646683319634E-5
19	0.0	5.68530426664674E-5	0.0	7.284296091641135E-5	3.908646683319634E-5
20	0.0	5.86297002497945E-5	0.0	8.350290641637399E-5	4.2639781999850545E-5
21	0.0	5.86297002497945E-5	0.0	8.527956399970109E-5	4.2639781999850545E-5
22	0.0	5.86297002497945E-5	0.0	9.238619433300952E-5	4.4416439583177655E-5
23	0.0	5.86297002497945E-5	0.0	9.238619433300952E-5	4.4416439583177655E-5
24	0.0	6.040635783312161E-5	0.0	1.0304613983297216E-4	4.4416439583177655E-5
25	0.0	6.395967299977582E-5	0.0	1.0482279741629926E-4	4.4416439583177655E-5
26	0.0	6.573633058310293E-5	0.0	1.1192942774960769E-4	4.619309716650476E-5
27	0.0	6.573633058310293E-5	0.0	1.1192942774960769E-4	4.619309716650476E-5
28	0.0	6.573633058310293E-5	0.0	1.1192942774960769E-4	4.619309716650476E-5
29	0.0	7.284296091641135E-5	0.0	1.137060853329348E-4	4.974641233315897E-5
30	0.0	7.284296091641135E-5	0.0	1.154827429162619E-4	5.68530426664674E-5
31	0.0	7.284296091641135E-5	0.0	1.154827429162619E-4	5.68530426664674E-5
32	0.0	7.284296091641135E-5	0.0	1.2081271566624322E-4	5.68530426664674E-5
33	0.0	7.284296091641135E-5	0.0	1.2258937324957032E-4	5.86297002497945E-5
34	0.0	7.284296091641135E-5	0.0	1.2258937324957032E-4	5.86297002497945E-5
35	0.0	7.461961849973846E-5	0.0	1.2436603083289743E-4	6.218301541644871E-5
36	0.0	8.172624883304688E-5	0.0	1.2436603083289743E-4	6.395967299977582E-5
37	0.0	8.350290641637399E-5	0.0	1.2791934599955165E-4	6.395967299977582E-5
38	0.0	8.527956399970109E-5	0.0	1.2791934599955165E-4	6.573633058310293E-5
39	0.0	8.527956399970109E-5	0.0	1.3147266116620587E-4	6.928964574975714E-5
40	0.0	8.527956399970109E-5	0.0	1.3147266116620587E-4	6.928964574975714E-5
41	0.0	8.527956399970109E-5	0.0	1.3147266116620587E-4	7.106630333308425E-5
42	0.0	8.527956399970109E-5	0.0	1.3502597633286006E-4	7.284296091641135E-5
43	0.0	8.527956399970109E-5	0.0	1.3680263391618717E-4	7.284296091641135E-5
44	0.0	8.527956399970109E-5	0.0	1.3680263391618717E-4	7.284296091641135E-5
45	0.0	9.416285191633663E-5	0.0	1.403559490828414E-4	7.284296091641135E-5
46	0.0	9.416285191633663E-5	0.0	1.403559490828414E-4	7.284296091641135E-5
47	0.0	9.416285191633663E-5	0.0	1.421326066661685E-4	7.284296091641135E-5
48	0.0	1.0304613983297216E-4	0.0	1.439092642494956E-4	7.284296091641135E-5
49	0.0	1.0304613983297216E-4	0.0	1.474625794161498E-4	7.639627608306557E-5
50	0.0	1.0482279741629926E-4	0.0	1.5456920974945824E-4	8.350290641637399E-5
51	0.0	1.0482279741629926E-4	0.0	1.5456920974945824E-4	8.527956399970109E-5
52	0.0	1.0659945499962637E-4	0.0	1.5456920974945824E-4	8.70562215830282E-5
53	0.0	1.1903605808291611E-4	0.0	1.5634586733278535E-4	8.70562215830282E-5
54	0.0	1.1903605808291611E-4	0.0	1.5812252491611244E-4	8.70562215830282E-5
55	0.0	1.2258937324957032E-4	0.0	1.5989918249943955E-4	8.70562215830282E-5
56	0.0	1.2258937324957032E-4	0.0	1.6167584008276666E-4	8.70562215830282E-5
57	0.0	1.2436603083289743E-4	0.0	1.6345249766609377E-4	8.70562215830282E-5
58	0.0	1.2436603083289743E-4	0.0	1.6522915524942088E-4	8.70562215830282E-5
59	0.0	1.2436603083289743E-4	0.0	1.723357855827293E-4	8.70562215830282E-5
60	0.0	1.2614268841622454E-4	0.0	1.7944241591603773E-4	8.883287916635531E-5
61	0.0	1.2614268841622454E-4	0.0	1.7944241591603773E-4	9.060953674968242E-5
62	0.0	1.2969600358287876E-4	0.0	1.8121907349936484E-4	9.060953674968242E-5
63	0.0	1.3147266116620587E-4	0.0	1.8299573108269192E-4	9.238619433300952E-5
64	0.0	1.3147266116620587E-4	0.0	1.8832570383267325E-4	9.238619433300952E-5
65	0.0	1.3502597633286006E-4	0.0	1.9010236141600036E-4	9.416285191633663E-5
>>END_MODULE
