##FastQC	0.11.7
>>Basic Statistics	pass
#Measure	Value
Filename	SRR627449_1_val_1.fq.gz
File type	Conventional base calls
Encoding	Sanger / Illumina 1.9
Total Sequences	25985887
Sequences flagged as poor quality	0
Sequence length	20-101
%GC	43
>>END_MODULE
>>Per base sequence quality	pass
#Base	Mean	Median	Lower Quartile	Upper Quartile	10th Percentile	90th Percentile
1	30.589921521632107	31.0	30.0	33.0	27.0	34.0
2	30.293164478087665	31.0	30.0	34.0	26.0	34.0
3	29.00834252838858	31.0	28.0	34.0	16.0	34.0
4	32.96443808133238	35.0	32.0	37.0	26.0	37.0
5	33.73030106688296	35.0	33.0	37.0	28.0	37.0
6	34.051918450965324	35.0	33.0	37.0	30.0	37.0
7	34.22233664758105	35.0	35.0	37.0	30.0	37.0
8	34.22788435122496	35.0	35.0	37.0	30.0	37.0
9	35.604608763210585	37.0	35.0	39.0	30.0	39.0
10-11	35.66081767768789	37.5	35.0	39.0	30.0	39.0
12-13	35.55686359676697	37.0	35.0	39.0	30.0	39.0
14-15	36.57437221596477	39.0	35.0	40.0	30.0	41.0
16-17	36.51850194684522	38.0	35.0	40.0	29.5	41.0
18-19	36.50099940787089	38.5	35.0	40.0	29.0	41.0
20-21	36.46899201669747	39.0	35.0	40.0	29.0	41.0
22-23	36.378467248875225	39.0	34.5	40.0	29.0	41.0
24-25	36.29992627977822	38.0	34.0	40.0	29.0	41.0
26-27	36.17835183388741	38.0	34.0	40.0	28.5	41.0
28-29	36.00571623578439	38.0	34.0	40.0	28.0	41.0
30-31	35.86965006189942	38.0	34.0	40.0	27.5	41.0
32-33	35.71358714372561	38.0	34.0	40.0	27.0	41.0
34-35	35.55067415548923	38.0	34.0	40.0	27.0	41.0
36-37	35.47194102363532	38.0	33.0	40.0	27.0	41.0
38-39	35.67933166505718	38.0	34.0	40.0	27.0	41.0
40-41	35.714898688511866	38.0	34.0	40.0	27.5	41.0
42-43	35.64242522646417	38.0	33.0	40.0	27.0	41.0
44-45	35.58003511480254	38.0	33.0	40.0	27.0	41.0
46-47	35.46112779698671	38.0	33.0	40.0	27.0	41.0
48-49	35.3805011017284	38.0	33.0	40.0	27.0	41.0
50-51	35.51037328565887	38.0	33.0	40.0	27.0	41.0
52-53	35.475195751050116	38.0	33.0	40.0	27.0	41.0
54-55	35.341564194454726	38.0	33.0	40.0	27.0	41.0
56-57	35.27495138610209	37.5	33.0	40.0	27.0	41.0
58-59	35.15322893808122	37.0	33.0	40.0	27.0	41.0
60-61	34.91288034161211	37.0	33.0	40.0	27.0	41.0
62-63	34.76998153253086	36.5	32.0	40.0	26.5	41.0
64-65	34.55736645923926	36.0	32.0	39.0	26.0	41.0
66-67	34.321226302739774	36.0	32.0	39.0	26.0	40.0
68-69	34.044885342733245	35.5	32.0	39.0	26.0	40.0
70-71	33.78841739678543	35.0	31.0	38.0	26.0	40.0
72-73	33.47578244784091	35.0	31.0	38.0	26.0	40.0
74-75	33.21449674814736	35.0	31.0	37.0	26.0	39.5
76-77	32.332175408330315	34.0	30.0	36.0	25.5	39.0
78-79	32.69248450252745	34.0	31.0	36.0	26.0	39.0
80-81	32.58453374261801	34.0	31.0	36.0	26.0	38.5
82-83	32.36516446652958	34.0	31.0	35.5	26.0	37.0
84-85	32.156582229658376	34.0	31.0	35.0	26.0	37.0
86-87	31.988751657713937	34.0	30.0	35.0	25.0	36.5
88-89	31.849025740018334	34.0	30.0	35.0	25.0	36.0
90-91	31.742418855498165	34.0	30.0	35.0	25.0	36.0
92-93	31.67293702547131	34.0	30.0	35.0	25.0	35.5
94-95	31.621925861380177	34.0	30.0	35.0	25.0	35.0
96-97	31.757611565643742	34.0	30.5	35.0	25.5	35.0
98-99	32.02551399938354	34.0	31.0	35.0	26.5	35.0
100-101	31.62669244640473	33.0	30.0	34.5	26.0	35.0
>>END_MODULE
>>Per sequence quality scores	pass
#Quality	Count
18	10.0
19	970.0
20	23610.0
21	82998.0
22	170835.0
23	269784.0
24	376220.0
25	493159.0
26	609578.0
27	729695.0
28	852342.0
29	981449.0
30	1126822.0
31	1305187.0
32	1518830.0
33	1798063.0
34	2162104.0
35	2641449.0
36	3234272.0
37	3796579.0
38	3161529.0
39	649710.0
40	692.0
>>END_MODULE
>>Per base sequence content	fail
#Base	G	A	T	C
1	32.37166012629116	15.255386427453796	18.876874784687246	33.4960786615678
2	21.15495339903476	21.80383759243379	38.48213129640272	18.55907771212873
3	24.18519037788552	24.924509604438065	27.40715944634514	23.48314057133128
4	24.40341757271705	32.514788092311655	25.178737473714396	17.903056861256893
5	24.383986046443606	33.156765065615126	25.886879823763998	16.572369064177277
6	20.821440754097534	36.794530557784164	23.15457469335079	19.229453994767525
7	15.74461055021892	18.423234205550276	45.55403873162904	20.278116512601756
8	19.427558831464744	23.507406757622253	31.43722703598431	25.627807374928697
9	21.049355704653046	22.122409708583113	31.582445833654504	25.245788753109338
10-11	22.737968062606402	34.30849262521435	22.60305227770201	20.35048703447724
12-13	20.426600660185393	26.50791697951464	30.69563061358559	22.369851746714378
14-15	20.746419629039494	27.710007606081554	30.25268238000122	21.29089038487773
16-17	21.466298568758983	27.949606401024557	29.020152898655578	21.563942131560882
18-19	21.507445666972934	28.331353153246617	28.572642143886608	21.58855903589384
20-21	21.375346517529508	28.39704886360344	28.542347779395655	21.685256839471396
22-23	21.507119472713658	29.061582865858444	28.269926860539012	21.161370800888886
24-25	21.482239560478654	29.27535775050329	28.118227977939796	21.124174711078258
26-27	21.448890035878605	28.85932453228583	28.290705412350846	21.40108001948472
28-29	21.568441314376482	28.615650695273537	28.371168021731446	21.44473996861853
30-31	21.279082799173615	28.90922025712102	28.287005855303484	21.524691088401884
32-33	21.447633839475	28.853083516393212	28.33492977257605	21.364352871555738
34-35	21.58850973514819	28.97110892930106	28.175303417380075	21.26507791817067
36-37	21.428914885252716	28.75918563575961	28.20690114412379	21.604998334863883
38-39	21.468520462913872	28.73912509948041	28.265570309182742	21.526784128422978
40-41	21.59603660945846	28.770541160085823	28.263975387996744	21.369446842458977
42-43	21.394894165249067	28.770353640237055	28.33315174811381	21.50160044640006
44-45	21.557629688556002	28.771388092560517	28.363326635670287	21.307655583213194
46-47	21.551996967729163	28.853870913959952	28.193154098389765	21.40097801992112
48-49	21.45540793448437	28.74174079282823	28.217388431476397	21.585462841211
50-51	21.543552710978048	28.507821353079976	28.32841239058724	21.620213545354737
52-53	21.694224120311162	28.858143348708193	28.098984221646784	21.34864830933386
54-55	21.5976809892483	28.70518300933831	28.14089229281029	21.556243708603105
56-57	21.48760561916162	28.592629309434276	28.219383087292645	21.70038198411146
58-59	21.603030840291346	28.668604600510513	28.157742669776724	21.57062188942142
60-61	21.682138315173844	28.474683413800733	28.22937649765238	21.613801773373037
62-63	21.441430030775095	28.611128923368163	28.398137359257635	21.549303686599107
64-65	21.520505405633497	28.871350455714584	28.2757629601979	21.332381178454025
66-67	21.635459938309165	28.776031682617013	28.181818069629095	21.406690309444727
68-69	21.600171429489095	28.75394029577002	28.192414885818774	21.453473388922117
70-71	21.407929098371476	28.823556869641216	28.28486498176998	21.483649050217327
72-73	21.557027660429778	28.795642955011512	28.302526533166283	21.344802851392423
74-75	21.560488730399474	28.697673433779237	28.23644705878597	21.505390777035323
76-77	21.44396133716132	28.711787107956848	28.440426486339028	21.403825068542808
78-79	21.377155667471914	28.73736675340524	28.525142471799775	21.36033510732307
80-81	21.255739447531923	28.859307278305696	28.435403168203433	21.449550105958952
82-83	21.307374109273688	28.710385773627785	28.464859449122752	21.51738066797577
84-85	21.266703558153363	28.73692864450722	28.48397577200654	21.512392025332876
86-87	21.15478631569777	28.763978997414092	28.556839716521427	21.52439497036672
88-89	21.18611283583789	28.809791986817125	28.444581535818713	21.559513641526276
90-91	21.202805040355532	28.740709277828714	28.538153855190995	21.518331826624763
92-93	21.08429124364829	28.59963370174689	28.795791382161113	21.52028367244371
94-95	21.12456718455863	28.644293685901633	28.657029754322945	21.57410937521679
96-97	20.8019925482911	28.6759718941895	28.751732054570784	21.770303502948614
98-99	20.820620319612164	27.288211774205724	29.55991150319181	22.331256402990306
100-101	21.229410687191752	13.791354026619478	36.823323667557204	28.155911618631563
>>END_MODULE
>>Per sequence GC content	pass
#GC Content	Count
0	11386.0
1	7991.0
2	5353.5
3	6329.0
4	6712.5
5	7312.0
6	8220.5
7	9143.0
8	10154.5
9	11478.0
10	12849.5
11	14103.0
12	15350.0
13	16841.0
14	18526.5
15	20470.5
16	22850.5
17	26032.0
18	30961.5
19	38142.0
20	48098.0
21	62054.5
22	81352.0
23	106787.5
24	138703.5
25	176589.0
26	223741.0
27	279461.5
28	340517.0
29	405086.0
30	470542.5
31	542019.0
32	618918.0
33	698152.0
34	767662.5
35	828427.0
36	898978.5
37	968897.5
38	1011967.5
39	1037693.0
40	1062398.5
41	1082478.0
42	1095000.5
43	1101307.5
44	1107858.0
45	1103527.0
46	1071085.5
47	1028837.0
48	991692.0
49	944197.5
50	884402.5
51	830923.0
52	791017.5
53	731297.5
54	658707.5
55	602116.0
56	551653.5
57	500099.5
58	453684.0
59	408505.0
60	357097.5
61	307255.5
62	258134.0
63	211515.0
64	169908.5
65	130136.0
66	97132.5
67	73783.0
68	57147.5
69	44667.5
70	34628.0
71	27863.5
72	23710.0
73	19832.0
74	16609.0
75	14330.0
76	12446.5
77	10885.0
78	9559.5
79	8233.0
80	6958.5
81	5935.5
82	5199.5
83	4413.5
84	3605.5
85	2990.5
86	2571.5
87	2270.5
88	1872.5
89	1561.0
90	1456.5
91	1451.0
92	1467.5
93	1326.0
94	1043.0
95	692.0
96	407.5
97	334.5
98	267.5
99	200.0
100	194.0
>>END_MODULE
>>Per base N content	pass
#Base	N-Count
1	0.024001489731714756
2	0.07906214631041841
3	0.00815057804261213
4	0.004344666010438666
5	0.009801474161724786
6	0.0019048801374376791
7	0.0011660175386739734
8	3.4634184317048716E-4
9	2.1550159130608086E-4
10-11	1.8086740698903216E-4
12-13	6.00325861495511E-4
14-15	3.9252075559321873E-4
16-17	1.8086740698903216E-4
18-19	1.3468849456630053E-4
20-21	8.392479945293351E-4
22-23	8.290634636898737E-5
24-25	0.0019294974383458933
26-27	0.005441368518888902
28-29	7.75563167923483E-4
30-31	7.810844506565054E-4
32-33	2.1419997448683578E-5
34-35	0.0014501095564600837
36-37	3.912443734657596E-6
38-39	6.706169008792925E-4
40-41	7.86305823585369E-6
42-43	6.365953602998675E-4
44-45	2.58896493814192E-4
46-47	3.230616957262644E-4
48-49	7.752598288285933E-5
50-51	1.0966062230608712E-4
52-53	3.160152888196731E-4
54-55	2.006744749372431E-5
56-57	2.2151823280325767E-5
58-59	1.6171119879766106E-5
60-61	4.525712715022344E-4
62-63	0.0017019304967050525
64-65	0.0016727060500017087
66-67	0.0014541364041238815
68-69	1.0127358770365034E-4
70-71	2.7005736849452575E-5
72-73	3.0286407274519314E-4
74-75	1.7224645038926227E-4
76-77	8.847765432435063E-4
78-79	0.0024425929641650815
80-81	1.558390079724248E-4
82-83	5.953238067196369E-4
84-85	4.936739900388281E-4
86-87	0.0015393391213212114
88-89	9.325673552835144E-4
90-91	2.966055391641968E-4
92-93	5.203418836213297E-5
94-95	1.8438025440510933E-5
96-97	5.914877390624867E-5
98-99	0.0
100-101	0.0
>>END_MODULE
>>Sequence Length Distribution	warn
#Length	Count
20-21	42012.0
22-23	44674.0
24-25	47626.0
26-27	50818.0
28-29	53190.0
30-31	56318.0
32-33	57871.0
34-35	58770.0
36-37	60287.0
38-39	62619.0
40-41	65411.0
42-43	68545.0
44-45	71875.0
46-47	73965.0
48-49	75424.0
50-51	77236.0
52-53	81799.0
54-55	86039.0
56-57	92074.0
58-59	96602.0
60-61	105347.0
62-63	108268.0
64-65	110591.0
66-67	116555.0
68-69	121210.0
70-71	129092.0
72-73	134520.0
74-75	132031.0
76-77	111486.0
78-79	134704.0
80-81	152099.0
82-83	170038.0
84-85	185987.0
86-87	212254.0
88-89	247767.0
90-91	299665.0
92-93	381471.0
94-95	505193.0
96-97	836496.0
98-99	3011960.0
100-101	1.7455998E7
>>END_MODULE
>>Sequence Duplication Levels	pass
#Total Deduplicated Percentage	86.38524541218712
#Duplication Level	Percentage of deduplicated	Percentage of total
1	93.92293128889982	81.13555469223598
2	4.12517250851686	7.12708079031673
3	0.9324101038693848	2.4163942694267906
4	0.34962303027947766	1.208090850897808
5	0.19031127007243326	0.8220042884956086
6	0.10650041406363682	0.5520038643232086
7	0.07247858786875347	0.43827564201197255
8	0.04783080275941345	0.3305500507707078
9	0.03601748041918966	0.28002409966263087
>10	0.19121932785764514	3.1242202687551304
>50	0.016733723020633248	1.0017043272293116
>100	0.008372435103209345	1.2403424051694645
>500	3.1055624092984007E-4	0.17243162406454654
>1k	7.741222574996765E-5	0.09404199495513056
>5k	1.1058802944834006E-5	0.05728083168501601
>10k+	0.0	0.0
>>END_MODULE
>>Overrepresented sequences	pass
>>END_MODULE
>>Adapter Content	pass
#Position	Illumina Universal Adapter	Illumina Small RNA 3' Adapter	Illumina Small RNA 5' Adapter	Nextera Transposase Sequence	SOLID Small RNA Adapter
1	0.0	7.696485403788603E-6	0.0	7.696485403788603E-6	0.0
2	0.0	2.6937698913260108E-5	0.0	3.8482427018943014E-5	0.0
3	0.0	2.6937698913260108E-5	0.0	4.2330669720837316E-5	0.0
4	0.0	2.6937698913260108E-5	0.0	6.157188323030882E-5	0.0
5	0.0	2.6937698913260108E-5	0.0	6.157188323030882E-5	0.0
6	0.0	2.6937698913260108E-5	0.0	6.542012593220312E-5	0.0
7	0.0	2.6937698913260108E-5	0.0	7.311661133599173E-5	0.0
8	0.0	2.6937698913260108E-5	0.0	9.620606754735754E-5	0.0
9	0.0	2.6937698913260108E-5	0.0	1.0390255295114613E-4	0.0
10-11	0.0	2.886182026420726E-5	0.0	1.0582667430209327E-4	0.0
12-13	0.0	3.271006296610156E-5	0.0	1.173714024077762E-4	5.7723640528414515E-6
14-15	0.0	3.463418431704871E-5	0.0	1.3084025186440624E-4	7.696485403788603E-6
16-17	0.0	4.617891242273162E-5	0.0	1.5008146537387774E-4	7.696485403788603E-6
18-19	0.0	4.617891242273162E-5	0.0	1.635503148305078E-4	7.696485403788603E-6
20-21	0.0	4.617891242273162E-5	0.0	1.673985575324021E-4	7.696485403788603E-6
22-23	0.0	5.0027155124625914E-5	0.0	1.7124680023429642E-4	7.696485403788603E-6
24-25	0.0	5.772364052841452E-5	0.0	1.8663977104187363E-4	9.620606754735754E-6
26-27	0.0	5.772364052841452E-5	0.0	2.0010862049850366E-4	1.1544728105682905E-5
28-29	0.0	6.734424728315028E-5	0.0	2.1742571265702802E-4	1.1544728105682905E-5
30-31	0.0	7.504073268693888E-5	0.0	2.3666692616649952E-4	1.1544728105682905E-5
32-33	0.0	8.850958214356893E-5	0.0	2.636046250797596E-4	1.1544728105682905E-5
34-35	0.0	1.0005431024925183E-4	0.0	2.7130111048354825E-4	1.1544728105682905E-5
36-37	0.0	1.0582667430209327E-4	0.0	2.8669408129112546E-4	1.1544728105682905E-5
38-39	0.0	1.1159903835493473E-4	0.0	3.0978353750249124E-4	1.1544728105682905E-5
40-41	0.0	1.1159903835493473E-4	0.0	3.347971150648042E-4	1.1544728105682905E-5
42-43	0.0	1.1929552375872334E-4	0.0	3.5403832857427574E-4	1.1544728105682905E-5
44-45	0.0	1.1929552375872334E-4	0.0	3.771277847856415E-4	1.1544728105682905E-5
46-47	0.0	1.2314376646061764E-4	0.0	3.886725128913244E-4	1.1544728105682905E-5
48-49	0.0	1.366126159172477E-4	0.0	3.9252075559321873E-4	1.1544728105682905E-5
50-51	0.0	1.4238497997008914E-4	0.0	4.136860904536374E-4	1.3468849456630054E-5
52-53	0.0	1.4238497997008914E-4	0.0	4.2523081855932033E-4	1.5392970807577205E-5
54-55	0.0	1.443091013210363E-4	0.0	4.425479107178447E-4	1.9241213509471507E-5
56-57	0.0	1.5008146537387777E-4	0.0	4.560167601744747E-4	1.9241213509471507E-5
58-59	0.0	1.5777795077766635E-4	0.0	4.771820950348934E-4	1.9241213509471507E-5
60-61	0.0	1.635503148305078E-4	0.0	4.964233085443649E-4	1.9241213509471507E-5
62-63	0.0	1.673985575324021E-4	0.0	5.195127647557307E-4	1.9241213509471507E-5
64-65	0.0	1.7124680023429642E-4	0.0	5.272092501595192E-4	1.9241213509471507E-5
66-67	0.0	1.7701916428713787E-4	0.0	5.329816142123607E-4	1.9241213509471507E-5
68-69	0.0	1.8086740698903219E-4	0.0	5.48374585019938E-4	1.9241213509471507E-5
70-71	0.0	1.8663977104187363E-4	0.0	5.541469490727794E-4	1.9241213509471507E-5
72-73	0.0	1.9048801374376792E-4	0.0	5.772364052841453E-4	1.9241213509471507E-5
74-75	0.0	1.9241213509471508E-4	0.0	5.830087693369867E-4	1.9241213509471507E-5
76-77	0.0	1.9241213509471508E-4	0.0	5.984017401445638E-4	2.1165334860418658E-5
78-79	0.0	1.9241213509471508E-4	0.0	6.137947109521411E-4	2.308945621136581E-5
80-81	0.0	1.9241213509471508E-4	0.0	6.234153177068769E-4	2.308945621136581E-5
82-83	0.0	1.9241213509471508E-4	0.0	6.311118031106654E-4	2.308945621136581E-5
84-85	0.0	1.9241213509471508E-4	0.0	6.503530166201369E-4	2.308945621136581E-5
86-87	0.0	2.0010862049850366E-4	0.0	6.676701087786613E-4	2.308945621136581E-5
88-89	0.0	2.020327418494508E-4	0.0	6.811389582352913E-4	2.6937698913260108E-5
90	0.0	2.1165334860418657E-4	0.0	6.8883544363908E-4	3.463418431704871E-5
>>END_MODULE
