##FastQC	0.11.7
>>Basic Statistics	pass
#Measure	Value
Filename	SRR1086236_1_val_1.fq.gz
File type	Conventional base calls
Encoding	Sanger / Illumina 1.9
Total Sequences	34795063
Sequences flagged as poor quality	0
Sequence length	20-76
%GC	50
>>END_MODULE
>>Per base sequence quality	pass
#Base	Mean	Median	Lower Quartile	Upper Quartile	10th Percentile	90th Percentile
1	31.769527676958077	33.0	31.0	34.0	29.0	34.0
2	32.1358196132595	34.0	31.0	34.0	30.0	34.0
3	31.29998158072023	34.0	31.0	34.0	27.0	34.0
4	35.368901645615644	37.0	35.0	37.0	32.0	37.0
5	35.43096470323965	37.0	35.0	37.0	33.0	37.0
6	35.50273916733532	37.0	35.0	37.0	33.0	37.0
7	35.55455784057641	37.0	35.0	37.0	33.0	37.0
8	35.58122124969281	37.0	35.0	37.0	33.0	37.0
9	37.22390334513836	39.0	37.0	39.0	33.0	39.0
10-11	37.26358255192697	39.0	37.0	39.0	33.0	39.0
12-13	37.24193381974908	39.0	37.0	39.0	33.0	39.0
14-15	38.63030920507315	40.0	38.0	41.0	33.5	41.0
16-17	38.61581887349938	40.0	38.0	41.0	33.0	41.0
18-19	38.617318913893044	40.0	38.0	41.0	33.5	41.0
20-21	38.614829936009365	40.0	38.0	41.0	34.0	41.0
22-23	38.58229079557239	40.0	38.0	41.0	34.0	41.0
24-25	38.543973875173776	40.0	38.0	41.0	33.5	41.0
26-27	38.48691259104204	40.0	38.0	41.0	33.0	41.0
28-29	38.43490325995502	40.0	38.0	41.0	33.0	41.0
30-31	38.377057341571955	40.0	38.0	41.0	33.0	41.0
32-33	38.31780416336189	40.0	38.0	41.0	33.0	41.0
34-35	38.258407395527385	40.0	38.0	41.0	33.0	41.0
36-37	38.194384988952336	40.0	38.0	41.0	33.0	41.0
38-39	38.10937651350552	40.0	37.5	41.0	33.0	41.0
40-41	38.02387324392109	40.0	37.0	41.0	33.0	41.0
42-43	37.93121669348843	40.0	37.0	41.0	32.0	41.0
44-45	37.83313709131349	40.0	37.0	41.0	32.0	41.0
46-47	37.73624759158865	40.0	36.5	41.0	32.0	41.0
48-49	37.60520888687919	40.0	36.0	41.0	32.0	41.0
50-51	37.47167816915838	39.5	35.5	41.0	32.0	41.0
52-53	37.326256449455656	39.0	35.0	41.0	31.5	41.0
54-55	37.15035130386425	39.0	35.0	41.0	31.0	41.0
56-57	36.962235737832685	39.0	35.0	41.0	31.0	41.0
58-59	36.75633883793256	38.0	35.0	41.0	31.0	41.0
60-61	36.5403391187148	37.5	35.0	40.0	31.0	41.0
62-63	36.30172078503893	37.0	35.0	40.0	31.0	41.0
64-65	36.066536414022266	37.0	35.0	40.0	31.0	41.0
66-67	35.81973367661248	36.0	34.5	39.0	31.0	41.0
68-69	35.60256486973742	36.0	34.0	39.0	31.0	41.0
70-71	35.435292179495185	35.0	34.0	39.0	31.0	41.0
72-73	35.27305028150438	35.0	34.0	37.5	31.0	40.0
74-75	35.1994329151301	35.0	34.0	37.0	31.0	39.5
76	34.64411413074984	35.0	34.0	36.0	30.0	39.0
>>END_MODULE
>>Per sequence quality scores	pass
#Quality	Count
12	1.0
13	5.0
14	46.0
15	131.0
16	264.0
17	299.0
18	417.0
19	1512.0
20	14714.0
21	45140.0
22	86428.0
23	133607.0
24	184315.0
25	238976.0
26	297714.0
27	359808.0
28	425434.0
29	502148.0
30	592920.0
31	708936.0
32	856405.0
33	1063239.0
34	1378340.0
35	1885441.0
36	2835373.0
37	4631285.0
38	7023576.0
39	9032673.0
40	2495916.0
>>END_MODULE
>>Per base sequence content	fail
#Base	G	A	T	C
1	27.430967870696897	13.000971888773291	16.63284219802015	42.93521804250966
2	24.254639073569432	20.541825352957243	32.13896320562708	23.064572367846242
3	28.070251122563278	22.761452921780016	23.97024849853309	25.198047457123618
4	27.797606697887637	29.504395410357944	18.77653451370994	23.92146337804448
5	28.61282523287414	30.961246159973054	20.20159501778893	20.22433358936388
6	22.686997021322387	33.09498181955337	20.64131334692103	23.57670781220322
7	20.382440061163777	16.19777207664372	39.04510818442844	24.37467967776406
8	21.77485287073159	20.819700271037473	26.265213103252137	31.1402337549788
9	22.104064960716222	20.553107880860892	28.902208915611354	28.44061824281153
10-11	26.34802951090923	29.02742450216667	19.9446588874741	24.679887099450003
12-13	24.027778574314276	23.06698595011671	26.924841944760075	25.980393530808936
14-15	24.338528776111634	24.565115919907857	25.994715132201108	25.101640171779405
16-17	25.13390460830534	24.699778535468848	24.962037197739832	25.204279658485973
18-19	25.00865857375717	25.152790646213802	24.703510587273847	25.13504019275518
20-21	24.92209290079208	25.0411863816785	24.980135394826018	25.056585322703402
22-23	25.017664782811522	25.145043958465923	24.98239203216424	24.854899226558317
24-25	24.921882176705722	25.22438857687884	24.97032050970737	24.883408736708066
26-27	24.86388303447707	25.264838638129817	24.967450987628677	24.90382733976444
28-29	25.0069762098377	25.002103135334693	24.956141969038416	25.03477868578919
30-31	24.747073020773943	25.222250577926257	25.056744920520746	24.973931480779058
32-33	24.799095097298622	25.244176150062618	25.029147491420435	24.92758126121832
34-35	25.14004062486912	25.133245035503087	24.791273161694015	24.93544117793378
36-37	24.942014239671078	25.10992446783293	24.916101711638444	25.03195958085755
38-39	24.887053845767376	25.206503956713888	24.979060638090218	24.927381559428518
40-41	25.021905681279495	25.099719816572115	24.957154184108855	24.921220318039534
42-43	24.739253413616172	25.110889904335572	25.193245350616124	24.956611331432136
44-45	24.82696821450095	25.140717246392867	25.129607827318555	24.902706711787626
46-47	25.002152939580263	25.11970023384685	24.938477237058734	24.939669589514153
48-49	24.853743630046903	25.091319578104944	25.092179482445914	24.96275730940224
50-51	24.81417787642618	25.1850638584289	25.073887710218408	24.926870554926513
52-53	24.913241632102913	25.181199753914875	24.91556078501993	24.98999782896228
54-55	24.80225519402997	25.153536813349913	25.04202860133456	25.002179391285555
56-57	24.845469544640682	25.118595910903156	25.11711766783902	24.918816876617143
58-59	24.931278287246826	25.101357044862276	24.979332037394094	24.98803263049681
60-61	24.75101920902552	25.168589372147732	25.137856822911147	24.942534595915596
62-63	24.694904852803123	25.231391346258548	25.2298457240859	24.843858076852424
64-65	24.836183164698667	25.143485832331695	25.12509702622382	24.895233976745814
66-67	24.76548702104528	25.143113339462253	25.112698518850163	24.978701120642302
68-69	24.80918965317015	25.201320324143765	25.11936438439082	24.870125638295264
70-71	24.83780397499337	25.08599129745887	25.139175587705033	24.93702913984273
72-73	24.692017111403484	24.958517781953457	25.297263503216183	25.052201603426877
74-75	25.054479076762558	20.746912765845384	27.210082315811768	26.98852584158029
76	26.062383067816963	0.0	36.617166404846024	37.320450527337016
>>END_MODULE
>>Per sequence GC content	pass
#GC Content	Count
0	1403.0
1	1292.0
2	1197.0
3	1237.0
4	1300.0
5	1464.5
6	1735.0
7	2004.0
8	2267.5
9	2621.0
10	3104.5
11	3723.0
12	4309.0
13	5128.5
14	6440.5
15	8332.5
16	10736.5
17	13327.5
18	18147.5
19	26382.0
20	35970.0
21	45148.5
22	60617.0
23	86896.5
24	114951.5
25	139616.0
26	180004.0
27	238856.5
28	296198.5
29	342664.5
30	404698.0
31	488184.5
32	564743.0
33	622074.5
34	693334.0
35	785747.5
36	860302.0
37	912897.0
38	973513.5
39	1059714.0
40	1136464.5
41	1208600.0
42	1262939.0
43	1301373.0
44	1342889.5
45	1359604.5
46	1364531.0
47	1389778.5
48	1416419.0
49	1429091.5
50	1437094.5
51	1438199.5
52	1435906.5
53	1428313.5
54	1418491.0
55	1404776.0
56	1397977.5
57	1376283.0
58	1347754.0
59	1315383.5
60	1272483.5
61	1210543.0
62	1144795.0
63	1068220.5
64	960298.0
65	857003.0
66	744988.5
67	663307.0
68	593890.0
69	498254.0
70	400254.0
71	333675.5
72	288883.0
73	234788.0
74	185211.0
75	153858.0
76	130677.5
77	102712.5
78	77612.5
79	61390.5
80	50229.5
81	38137.5
82	28050.5
83	20693.5
84	15026.5
85	9288.5
86	5722.0
87	4132.0
88	3094.5
89	2106.5
90	1539.0
91	1189.5
92	969.5
93	689.0
94	398.0
95	266.0
96	207.5
97	194.0
98	118.0
99	44.0
100	44.0
>>END_MODULE
>>Per base N content	pass
#Base	N-Count
1	0.12103728623799302
2	0.0030090475766633906
3	0.0036097075036191197
4	0.1125159623938603
5	0.03665749936995372
6	0.029211040658268097
7	0.03371167915402251
8	0.02826837818917011
9	0.02973985131166453
10-11	0.034664400521418795
12-13	0.025993630188282744
14-15	0.02300757437915833
16-17	0.016510963063926628
18-19	0.012652657073792335
20-21	0.012845893245683086
22-23	0.009671993852264976
24-25	0.008303148125154479
26-27	0.007353337079766148
28-29	0.004597491162480182
30-31	0.00459901184018268
32-33	0.00486225334500929
34-35	0.007791398746955671
36-37	0.0046775875426940255
38-39	0.005265909514976686
40-41	0.00356307043959494
42-43	0.002304998272486635
44-45	0.002213684312374638
46-47	0.002265126827424593
48-49	0.0010788836196998018
50-51	0.0023061842942210327
52-53	0.001299470566098017
54-55	8.557496187584074E-4
56-57	0.0011722844882934083
58-59	6.840134845003134E-4
60-61	5.763428122514522E-4
62-63	9.587804005073208E-4
64-65	8.458481950149542E-4
66-67	4.774674315734709E-4
68-69	7.134503008122302E-4
70-71	2.0659614127870523E-4
72-73	8.405556035860913E-5
74-75	0.0
76	0.0
>>END_MODULE
>>Sequence Length Distribution	warn
#Length	Count
20-21	23649.0
22-23	24948.0
24-25	27051.0
26-27	29510.0
28-29	32581.0
30-31	34691.0
32-33	36554.0
34-35	39014.0
36-37	40749.0
38-39	44321.0
40-41	46478.0
42-43	48520.0
44-45	50937.0
46-47	53615.0
48-49	56831.0
50-51	60546.0
52-53	64439.0
54-55	69168.0
56-57	74008.0
58-59	81527.0
60-61	90314.0
62-63	102308.0
64-65	118743.0
66-67	143618.0
68-69	183148.0
70-71	312318.0
72-73	1428625.0
74-75	1.2242947E7
76-77	1.9233905E7
>>END_MODULE
>>Sequence Duplication Levels	pass
#Total Deduplicated Percentage	80.0839463169837
#Duplication Level	Percentage of deduplicated	Percentage of total
1	89.3680825229668	71.56948723221042
2	7.35501998674639	11.780380515578802
3	1.7145291581905382	4.119187831903029
4	0.6471204451582474	2.072958359627027
5	0.3048833656811072	1.220813154507355
6	0.15684463975283947	0.7536442626043827
7	0.09947696793589254	0.5576555711968029
8	0.06483690473315763	0.4153916158407666
9	0.04152328056475757	0.29928133544877883
>10	0.21187214816020294	3.12388251774079
>50	0.019980002926718008	1.1071017202763491
>100	0.014731036952841324	2.3138919798550734
>500	9.514535740999234E-4	0.5051855123415854
>1k	1.480866562117932E-4	0.16113839086897253
>5k	0.0	0.0
>10k+	0.0	0.0
>>END_MODULE
>>Overrepresented sequences	pass
>>END_MODULE
>>Adapter Content	pass
#Position	Illumina Universal Adapter	Illumina Small RNA 3' Adapter	Illumina Small RNA 5' Adapter	Nextera Transposase Sequence	SOLID Small RNA Adapter
1	0.0	2.8739709423719108E-6	0.0	2.8739709423719108E-6	0.0
2	0.0	2.0117796596603375E-5	0.0	2.5865738481347197E-5	0.0
3	0.0	2.0117796596603375E-5	0.0	3.161368036609102E-5	0.0
4	0.0	2.0117796596603375E-5	0.0	3.736162225083484E-5	2.8739709423719108E-6
5	0.0	2.0117796596603375E-5	0.0	3.736162225083484E-5	2.8739709423719108E-6
6	0.0	2.0117796596603375E-5	0.0	4.023559319320675E-5	8.621912827115732E-6
7	0.0	5.1731476962694394E-5	0.0	4.598353507795057E-5	8.621912827115732E-6
8	0.0	6.0353389789810126E-5	0.0	6.322736073218204E-5	8.621912827115732E-6
9	0.0	6.0353389789810126E-5	0.0	6.610133167455395E-5	8.621912827115732E-6
10	0.0	6.0353389789810126E-5	0.0	6.897530261692586E-5	8.621912827115732E-6
11	0.0	6.610133167455395E-5	0.0	7.184927355929777E-5	1.1495883769487643E-5
12	0.0	6.610133167455395E-5	0.0	7.184927355929777E-5	1.1495883769487643E-5
13	0.0	7.472324450166968E-5	0.0	7.184927355929777E-5	1.4369854711859554E-5
14	0.0	7.759721544404159E-5	2.8739709423719108E-6	7.472324450166968E-5	1.4369854711859554E-5
15	0.0	8.621912827115732E-5	2.8739709423719108E-6	8.04711863864135E-5	1.4369854711859554E-5
16	0.0	8.909309921352923E-5	2.8739709423719108E-6	8.04711863864135E-5	1.4369854711859554E-5
17	0.0	9.771501204064497E-5	2.8739709423719108E-6	9.196707015590114E-5	1.7243825654231465E-5
18	0.0	9.771501204064497E-5	2.8739709423719108E-6	1.063369248677607E-4	1.7243825654231465E-5
19	0.0	9.771501204064497E-5	2.8739709423719108E-6	1.0921089581013261E-4	2.0117796596603375E-5
20	0.0	9.771501204064497E-5	2.8739709423719108E-6	1.0921089581013261E-4	2.0117796596603375E-5
21	0.0	9.771501204064497E-5	2.8739709423719108E-6	1.0921089581013261E-4	2.0117796596603375E-5
22	0.0	1.0058898298301688E-4	2.8739709423719108E-6	1.0921089581013261E-4	2.0117796596603375E-5
23	0.0	1.0346295392538879E-4	2.8739709423719108E-6	1.1783280863724834E-4	2.0117796596603375E-5
24	0.0	1.0921089581013261E-4	2.8739709423719108E-6	1.2932869240673598E-4	2.0117796596603375E-5
25	0.0	1.0921089581013261E-4	2.8739709423719108E-6	1.322026633491079E-4	2.5865738481347197E-5
26	0.0	1.1208486675250452E-4	2.8739709423719108E-6	1.3795060523385172E-4	2.5865738481347197E-5
27	0.0	1.1495883769487643E-4	2.8739709423719108E-6	1.3795060523385172E-4	2.5865738481347197E-5
28	0.0	1.2358075052199216E-4	2.8739709423719108E-6	1.4082457617622363E-4	2.8739709423719108E-5
29	0.0	1.2358075052199216E-4	2.8739709423719108E-6	1.4369854711859554E-4	3.161368036609102E-5
30	0.0	1.2358075052199216E-4	2.8739709423719108E-6	1.4369854711859554E-4	3.161368036609102E-5
31	0.0	1.2358075052199216E-4	2.8739709423719108E-6	1.4369854711859554E-4	3.448765130846293E-5
32	0.0	1.2645472146436407E-4	2.8739709423719108E-6	1.4657251806096745E-4	4.023559319320675E-5
33	0.0	1.2645472146436407E-4	2.8739709423719108E-6	1.4657251806096745E-4	4.023559319320675E-5
34	0.0	1.322026633491079E-4	2.8739709423719108E-6	1.4657251806096745E-4	4.023559319320675E-5
35	0.0	1.4369854711859554E-4	2.8739709423719108E-6	1.4657251806096745E-4	4.023559319320675E-5
36	0.0	1.5232045994571127E-4	2.8739709423719108E-6	1.4657251806096745E-4	4.023559319320675E-5
37	0.0	1.5519443088808318E-4	2.8739709423719108E-6	1.4657251806096745E-4	4.310956413557866E-5
38	0.0	1.580684018304551E-4	2.8739709423719108E-6	1.5519443088808318E-4	4.310956413557866E-5
39	0.0	1.580684018304551E-4	2.8739709423719108E-6	1.580684018304551E-4	4.310956413557866E-5
40	0.0	1.580684018304551E-4	2.8739709423719108E-6	1.60942372772827E-4	4.310956413557866E-5
41	0.0	1.60942372772827E-4	2.8739709423719108E-6	1.60942372772827E-4	4.310956413557866E-5
42	0.0	1.60942372772827E-4	2.8739709423719108E-6	1.7531222748468656E-4	4.598353507795057E-5
43	0.0	1.638163437151989E-4	2.8739709423719108E-6	1.7531222748468656E-4	4.598353507795057E-5
44	0.0	1.638163437151989E-4	2.8739709423719108E-6	1.7818619842705847E-4	4.598353507795057E-5
45	0.0	1.638163437151989E-4	2.8739709423719108E-6	1.7818619842705847E-4	4.598353507795057E-5
46	0.0	1.6669031465757082E-4	2.8739709423719108E-6	1.8106016936943038E-4	4.598353507795057E-5
47	0.0	1.6956428559994273E-4	2.8739709423719108E-6	1.839341403118023E-4	4.598353507795057E-5
48	0.0	1.7531222748468656E-4	2.8739709423719108E-6	1.896820821965461E-4	4.598353507795057E-5
49	0.0	1.8106016936943038E-4	2.8739709423719108E-6	1.9255605313891802E-4	4.598353507795057E-5
50	0.0	1.896820821965461E-4	2.8739709423719108E-6	1.9543002408128993E-4	4.598353507795057E-5
51	0.0	1.896820821965461E-4	2.8739709423719108E-6	1.9830399502366184E-4	4.598353507795057E-5
52	0.0	1.9543002408128993E-4	2.8739709423719108E-6	2.0405193690840566E-4	4.598353507795057E-5
53	0.0	2.0405193690840566E-4	2.8739709423719108E-6	2.0405193690840566E-4	4.598353507795057E-5
54	0.0	2.0692590785077757E-4	2.8739709423719108E-6	2.0405193690840566E-4	4.598353507795057E-5
55	0.0	2.0979987879314949E-4	2.8739709423719108E-6	2.155478206778933E-4	4.598353507795057E-5
56	0.0	2.126738497355214E-4	2.8739709423719108E-6	2.155478206778933E-4	4.598353507795057E-5
57	0.0	2.2416973350500904E-4	2.8739709423719108E-6	2.2129576256263713E-4	4.598353507795057E-5
58	0.0	2.2704370444738095E-4	2.8739709423719108E-6	2.2416973350500904E-4	4.598353507795057E-5
59	0.0	2.2991767538975286E-4	2.8739709423719108E-6	2.3279164633212477E-4	4.598353507795057E-5
60	0.0	2.2991767538975286E-4	2.8739709423719108E-6	2.414135591592405E-4	4.598353507795057E-5
61	0.0	2.3279164633212477E-4	2.8739709423719108E-6	2.471615010439843E-4	4.598353507795057E-5
62	0.0	2.5290944292872815E-4	5.7479418847438215E-6	2.5290944292872815E-4	4.598353507795057E-5
63	0.0	2.644053266982158E-4	5.7479418847438215E-6	2.5290944292872815E-4	4.598353507795057E-5
64	0.0	2.672792976405877E-4	5.7479418847438215E-6	2.6153135575584385E-4	4.598353507795057E-5
65	0.0	2.787751814100753E-4	8.621912827115732E-6	2.644053266982158E-4	4.885750602032248E-5
>>END_MODULE
