##FastQC	0.11.7
>>Basic Statistics	pass
#Measure	Value
Filename	SRR1085402_2_val_2.fq.gz
File type	Conventional base calls
Encoding	Sanger / Illumina 1.9
Total Sequences	26462596
Sequences flagged as poor quality	0
Sequence length	20-76
%GC	50
>>END_MODULE
>>Per base sequence quality	pass
#Base	Mean	Median	Lower Quartile	Upper Quartile	10th Percentile	90th Percentile
1	32.398681784659374	34.0	31.0	34.0	30.0	34.0
2	32.50283396232176	34.0	31.0	34.0	30.0	34.0
3	32.571750934791126	34.0	31.0	34.0	30.0	34.0
4	35.93311283594399	37.0	37.0	37.0	35.0	37.0
5	35.9245799996342	37.0	37.0	37.0	35.0	37.0
6	35.89098647011049	37.0	37.0	37.0	35.0	37.0
7	35.86261487724031	37.0	37.0	37.0	35.0	37.0
8	35.86976020795541	37.0	37.0	37.0	35.0	37.0
9	37.48135353009206	39.0	38.0	39.0	35.0	39.0
10-11	37.619294059433926	39.0	39.0	39.0	35.0	39.0
12-13	37.64491263442181	39.0	39.0	39.0	35.0	39.0
14-15	39.127377676778195	41.0	39.0	41.0	35.5	41.0
16-17	38.99482862527924	41.0	39.0	41.0	35.0	41.0
18-19	39.05710700114229	41.0	39.0	41.0	35.0	41.0
20-21	39.13282795289322	41.0	39.0	41.0	35.0	41.0
22-23	39.11754539803095	41.0	39.0	41.0	35.0	41.0
24-25	39.10340994818806	41.0	39.0	41.0	35.0	41.0
26-27	39.0406110884172	41.0	39.0	41.0	35.0	41.0
28-29	39.014281353799184	41.0	39.0	41.0	35.0	41.0
30-31	38.96045758329237	41.0	39.0	41.0	35.0	41.0
32-33	38.93517412166935	41.0	39.0	41.0	35.0	41.0
34-35	38.88165840062521	41.0	39.0	41.0	35.0	41.0
36-37	38.8163520905843	41.0	39.0	41.0	34.0	41.0
38-39	38.4740660163348	41.0	38.0	41.0	33.5	41.0
40-41	38.42156397564266	41.0	38.0	41.0	33.0	41.0
42-43	38.54016075075782	40.5	38.0	41.0	34.0	41.0
44-45	38.43878993636197	40.0	38.0	41.0	33.0	41.0
46-47	38.31649290114787	40.0	37.5	41.0	33.0	41.0
48-49	38.217777373058155	40.0	37.0	41.0	33.0	41.0
50-51	38.079803665276486	40.0	37.0	41.0	33.0	41.0
52-53	37.92468475854126	40.0	36.0	41.0	33.0	41.0
54-55	37.777342012003274	40.0	36.0	41.0	33.0	41.0
56-57	37.588620119520726	39.0	35.0	41.0	33.0	41.0
58-59	37.374647592576935	39.0	35.0	41.0	32.0	41.0
60-61	37.14490129170031	39.0	35.0	41.0	32.0	41.0
62-63	36.888567141168096	38.0	35.0	41.0	32.0	41.0
64-65	36.64659816547484	37.0	35.0	40.0	32.0	41.0
66-67	36.39959922144719	37.0	35.0	40.0	32.0	41.0
68-69	36.14588528238154	36.0	35.0	39.0	32.0	41.0
70-71	35.89420713042597	36.0	35.0	39.0	32.0	41.0
72-73	35.695643541185554	35.0	35.0	39.0	32.0	41.0
74-75	35.540312883389134	35.0	35.0	37.0	32.0	40.0
76	34.821487581015404	35.0	34.0	37.0	30.0	39.0
>>END_MODULE
>>Per sequence quality scores	pass
#Quality	Count
10	2.0
11	26.0
12	4403.0
13	1075.0
14	487.0
15	397.0
16	462.0
17	295.0
18	316.0
19	1640.0
20	18034.0
21	41823.0
22	68311.0
23	95741.0
24	123400.0
25	155178.0
26	189828.0
27	226193.0
28	251988.0
29	265119.0
30	303330.0
31	364068.0
32	440815.0
33	557623.0
34	751177.0
35	1097979.0
36	1799563.0
37	3217816.0
38	5512744.0
39	8186079.0
40	2786684.0
>>END_MODULE
>>Per base sequence content	fail
#Base	G	A	T	C
1	27.434914137140197	12.433802156844301	17.437528000610218	42.69375570540529
2	23.50987312980605	21.43071012859078	33.515294143651076	21.544122597952096
3	27.701878227769523	23.770850045746535	23.792042693993405	24.735229032490537
4	27.258666972749836	30.97847028001427	18.36806195672114	23.39480079051476
5	27.506499333640754	31.39178243050132	20.22106491064908	20.880653325208844
6	21.628257913114947	32.78435260716133	20.946404486373662	24.640984993350056
7	19.2947905905603	14.748658588397792	40.19869968715128	25.757851133890625
8	21.48210983204878	20.14242543708648	25.881296467646152	32.49416826321858
9	21.498927419803866	19.961040479954296	29.226161152413205	29.313870947828637
10-11	26.142017969484456	29.00781558472315	19.8642522991133	24.985914146679093
12-13	23.46881119306595	22.654694632884738	27.412331118867677	26.464163055181633
14-15	24.014346433275893	24.263672940834454	26.298622597408006	25.423358028481648
16-17	24.837241770637412	24.56209243796969	25.158396481621804	25.4422693097711
18-19	24.806863971742647	24.95349038177976	24.83755686953465	25.402088776942943
20-21	24.806674443284706	24.973084939078348	25.043576540107647	25.1766640775293
22-23	24.856344281709674	25.24140275836467	25.011801168187425	24.89045179173823
24-25	24.825014080263262	25.290435742467892	24.982236739999227	24.902313437269623
26-27	24.696139935194743	25.259781851658015	25.05835185793578	24.98572635521146
28-29	24.834212970308915	25.034618908734586	25.030921039138164	25.100247081818335
30-31	24.505864134519438	25.203773833679666	25.258078955187084	25.03228307661381
32-33	24.577906032341616	25.24872132876752	25.169883771752737	25.003488867138117
34-35	24.99358841985041	25.237750150155687	24.860315134828628	24.908346295165273
36-37	24.805333010643686	25.1732159816622	25.00475322915536	25.016697778538756
38-39	24.65945458656221	25.149131937788432	25.187286068832137	25.004127406817222
40-41	24.841615182045103	25.126567231011478	25.091580599789665	24.940236987153757
42-43	24.579627154381214	25.1931745283988	25.262115339997877	24.965082977222114
44-45	24.687914579373682	25.206968530429673	25.221987146380908	24.883129743815736
46-47	24.772445571363537	25.153064896613415	25.106400109951277	24.968089422071774
48-49	24.65011068010363	25.12763404235142	25.1887276367266	25.03352764081835
50-51	24.627862508498605	25.219107217446616	25.173088649748976	24.9799416243058
52-53	24.720909882146152	25.2506574582325	25.066498163113998	24.96193449650735
54-55	24.575647803069025	25.225484843770683	25.20513159941677	24.993735753743522
56-57	24.627293010682216	25.155829681021235	25.26075713578911	24.956120172507443
58-59	24.702356148149253	25.202017580086515	25.151253710629916	24.944372561134312
60-61	24.584190749081056	25.225749880830723	25.27727308263258	24.912786287455642
62-63	24.476872769350265	25.324037789262132	25.379910372331477	24.81917906905612
64-65	24.613335670432306	25.27480893580804	25.26142728549374	24.850428108265916
66-67	24.591013703171043	25.302109802793492	25.224210917792462	24.882665576243003
68-69	24.593288854452485	25.326374768715944	25.268020385535134	24.812315991296437
70-71	24.596519209697508	25.262368898563526	25.295417878768966	24.84569401297
72-73	24.52810057469266	25.085719973852832	25.426817616299797	24.95936183515471
74-75	24.903517816298514	20.867206621312093	27.364409675497935	26.864865886891458
76	25.846160112228116	0.0	36.916528875466476	37.23731101230541
>>END_MODULE
>>Per sequence GC content	pass
#GC Content	Count
0	1049.0
1	966.0
2	950.5
3	1035.5
4	1076.5
5	1216.0
6	1496.0
7	1775.5
8	1988.5
9	2275.5
10	2734.5
11	3330.5
12	3858.5
13	4559.0
14	5696.0
15	7222.5
16	9028.5
17	10962.0
18	14779.5
19	21282.0
20	28812.5
21	36359.0
22	49875.5
23	71814.5
24	94928.5
25	115790.0
26	148316.5
27	194593.0
28	238224.5
29	273304.5
30	320746.5
31	382838.0
32	439104.0
33	482893.0
34	535946.0
35	603213.0
36	657116.5
37	695069.0
38	743317.5
39	812084.0
40	868168.0
41	917426.5
42	955281.5
43	983820.0
44	1019272.0
45	1048773.5
46	1062256.5
47	1072401.0
48	1086425.0
49	1094870.5
50	1099037.0
51	1099637.0
52	1091363.5
53	1076600.5
54	1066509.0
55	1052606.5
56	1043393.5
57	1021610.5
58	995892.0
59	964902.5
60	924208.0
61	877583.0
62	832606.5
63	784649.0
64	715038.5
65	641175.5
66	555920.0
67	493598.5
68	444861.5
69	380248.0
70	312295.0
71	263870.0
72	229112.5
73	186868.0
74	148519.5
75	124662.5
76	107228.5
77	85872.5
78	66879.0
79	54972.0
80	46712.5
81	36680.5
82	27779.0
83	21655.5
84	16833.5
85	11758.5
86	7835.0
87	5635.0
88	4173.5
89	2823.0
90	2077.5
91	1651.0
92	1390.0
93	1021.0
94	604.0
95	393.0
96	280.5
97	250.0
98	155.5
99	133.0
100	203.0
>>END_MODULE
>>Per base N content	pass
#Base	N-Count
1	0.17292710057622465
2	0.15621672189682373
3	0.10921453057742334
4	0.11220743422149512
5	0.09694816033921992
6	0.16466638420508706
7	0.17743157171730242
8	0.14929374276053642
9	0.09602988308478881
10-11	0.09677999845517801
12-13	0.12828673347089606
14-15	0.07845980039146574
16-17	0.06339136190568756
18-19	0.05709757274002898
20-21	0.09619891450039891
22-23	0.07484192473163913
24-25	0.09240814147885015
26-27	0.060596984302584804
28-29	0.052270292176407426
30-31	0.054440707579234596
32-33	0.07954826331153561
34-35	0.08211878097574599
36-37	0.08347919352192773
38-39	0.7515230067878076
40-41	0.08208299110595345
42-43	0.07750667067254917
44-45	0.06216788640453244
46-47	0.034235740024549016
48-49	0.03338237693441715
50-51	0.029697660679169038
52-53	0.025231740800920603
54-55	0.024303193965976185
56-57	0.021842690737657707
58-59	0.01815506379642867
60-61	0.017370994463189907
62-63	0.015984705503284874
64-65	0.014018674241765566
66-67	0.012538926920280411
68-69	0.011603430657837411
70-71	0.00767414281277394
72-73	0.003274682680950544
74-75	2.3988738377728858E-5
76	0.0
>>END_MODULE
>>Sequence Length Distribution	warn
#Length	Count
20-21	19604.0
22-23	21325.0
24-25	23232.0
26-27	25101.0
28-29	26687.0
30-31	27787.0
32-33	28561.0
34-35	30783.0
36-37	33968.0
38-39	41654.0
40-41	41083.0
42-43	39055.0
44-45	40391.0
46-47	40679.0
48-49	41645.0
50-51	44144.0
52-53	45751.0
54-55	48438.0
56-57	51217.0
58-59	55556.0
60-61	60903.0
62-63	66049.0
64-65	75209.0
66-67	88915.0
68-69	109771.0
70-71	184366.0
72-73	1016908.0
74-75	9451575.0
76-77	1.4682239E7
>>END_MODULE
>>Sequence Duplication Levels	pass
#Total Deduplicated Percentage	82.61495537120125
#Duplication Level	Percentage of deduplicated	Percentage of total
1	91.20170455684779	75.34624751741462
2	6.188185151258477	10.224732801998986
3	1.3769970663448203	3.4128165354705717
4	0.5257681535400907	1.737452501612539
5	0.22997815229282864	0.9499817394011681
6	0.11797901296717632	0.5848098534612987
7	0.07252175047203716	0.419396682508212
8	0.04823809470287617	0.31881504328559157
9	0.03343806069098186	0.24862355025164867
>10	0.1723587489238151	2.6476135882243597
>50	0.018167306631129455	1.0404529880945943
>100	0.013270317841602075	2.151066134475885
>500	0.0011848208699071585	0.6610631009009462
>1k	2.0880661627912056E-4	0.2569279628996905
>5k	0.0	0.0
>10k+	0.0	0.0
>>END_MODULE
>>Overrepresented sequences	pass
>>END_MODULE
>>Adapter Content	pass
#Position	Illumina Universal Adapter	Illumina Small RNA 3' Adapter	Illumina Small RNA 5' Adapter	Nextera Transposase Sequence	SOLID Small RNA Adapter
1	0.0	3.7789187425149066E-6	0.0	7.557837485029813E-6	0.0
2	0.0	7.179945610778322E-5	0.0	4.534702491017888E-5	3.7789187425149066E-6
3	0.0	7.179945610778322E-5	0.0	4.534702491017888E-5	1.133675622754472E-5
4	0.0	7.179945610778322E-5	0.0	4.912594365269379E-5	1.5115674970059626E-5
5	0.0	7.179945610778322E-5	0.0	6.0462699880238506E-5	1.5115674970059626E-5
6	0.0	7.557837485029813E-5	0.0	6.424161862275342E-5	1.8894593712574532E-5
7	0.0	1.0203080604790248E-4	0.0	6.802053736526832E-5	1.8894593712574532E-5
8	0.0	1.0580972479041738E-4	0.0	6.802053736526832E-5	2.267351245508944E-5
9	0.0	1.095886435329323E-4	0.0	6.802053736526832E-5	2.6452431197604346E-5
10	0.0	1.133675622754472E-4	0.0	7.557837485029813E-5	2.6452431197604346E-5
11	0.0	1.133675622754472E-4	0.0	7.557837485029813E-5	3.401026868263416E-5
12	0.0	1.1714648101796211E-4	0.0	8.313621233532795E-5	3.401026868263416E-5
13	0.0	1.3226215598802172E-4	0.0	9.069404982035776E-5	3.401026868263416E-5
14	0.0	1.3226215598802172E-4	0.0	9.069404982035776E-5	3.401026868263416E-5
15	0.0	1.3981999347305156E-4	0.0	1.4359891221556645E-4	3.401026868263416E-5
16	0.0	1.4359891221556645E-4	0.0	1.4359891221556645E-4	3.401026868263416E-5
17	0.0	1.5115674970059625E-4	0.0	1.5493566844311117E-4	3.7789187425149064E-5
18	0.0	1.5493566844311117E-4	0.0	1.6249350592814098E-4	3.7789187425149064E-5
19	0.0	1.5493566844311117E-4	0.0	1.700513434131708E-4	3.7789187425149064E-5
20	0.0	1.6249350592814098E-4	0.0	1.813880996407155E-4	3.7789187425149064E-5
21	0.0	1.700513434131708E-4	0.0	1.8516701838323043E-4	3.7789187425149064E-5
22	0.0	1.738302621556857E-4	0.0	1.9272485586826024E-4	3.7789187425149064E-5
23	0.0	1.813880996407155E-4	0.0	1.9272485586826024E-4	3.7789187425149064E-5
24	0.0	1.813880996407155E-4	0.0	2.0028269335329004E-4	3.7789187425149064E-5
25	0.0	1.8516701838323043E-4	0.0	2.1161944958083477E-4	3.7789187425149064E-5
26	0.0	1.8516701838323043E-4	0.0	2.1539836832334968E-4	3.7789187425149064E-5
27	0.0	1.8516701838323043E-4	0.0	2.1539836832334968E-4	3.7789187425149064E-5
28	0.0	1.8894593712574535E-4	0.0	2.191772870658646E-4	4.1568106167663974E-5
29	0.0	1.9272485586826024E-4	0.0	2.191772870658646E-4	4.1568106167663974E-5
30	0.0	2.0028269335329004E-4	0.0	2.229562058083795E-4	4.1568106167663974E-5
31	0.0	2.0028269335329004E-4	0.0	2.229562058083795E-4	4.1568106167663974E-5
32	0.0	2.0028269335329004E-4	0.0	2.267351245508944E-4	4.1568106167663974E-5
33	0.0	2.0028269335329004E-4	0.0	2.267351245508944E-4	4.1568106167663974E-5
34	0.0	2.0028269335329004E-4	0.0	2.3807188077843913E-4	4.1568106167663974E-5
35	0.0	2.0784053083831988E-4	0.0	2.3807188077843913E-4	4.1568106167663974E-5
36	0.0	2.1539836832334968E-4	0.0	2.4940863700598383E-4	4.1568106167663974E-5
37	0.0	2.267351245508944E-4	0.0	2.5318755574849875E-4	4.1568106167663974E-5
38	0.0	2.267351245508944E-4	0.0	2.607453932335286E-4	4.1568106167663974E-5
39	0.0	2.305140432934093E-4	0.0	2.720821494610733E-4	4.912594365269379E-5
40	0.0	2.305140432934093E-4	0.0	2.758610682035882E-4	5.290486239520869E-5
41	0.0	2.305140432934093E-4	0.0	2.871978244311329E-4	5.290486239520869E-5
42	0.0	2.3429296203592422E-4	0.0	3.023134994011925E-4	5.290486239520869E-5
43	0.0	2.3807188077843913E-4	0.0	3.060924181437074E-4	5.290486239520869E-5
44	0.0	2.4185079952095402E-4	0.0	3.060924181437074E-4	5.66837811377236E-5
45	0.0	2.4940863700598383E-4	0.0	3.212080931137671E-4	5.66837811377236E-5
46	0.0	2.607453932335286E-4	0.0	3.212080931137671E-4	5.66837811377236E-5
47	0.0	2.6830323071855836E-4	0.0	3.287659305987969E-4	5.66837811377236E-5
48	0.0	2.758610682035882E-4	0.0	3.325448493413118E-4	6.0462699880238506E-5
49	0.0	2.796399869461031E-4	0.0	3.438816055688565E-4	6.424161862275342E-5
50	0.0	2.871978244311329E-4	0.0	3.514394430538863E-4	6.424161862275342E-5
51	0.0	2.9475566191616273E-4	0.0	3.514394430538863E-4	6.424161862275342E-5
52	0.0	3.0987133688622234E-4	0.0	3.5521836179640124E-4	6.424161862275342E-5
53	0.0	3.212080931137671E-4	0.0	3.62776199281431E-4	6.424161862275342E-5
54	0.0	3.2498701185628196E-4	0.0	3.62776199281431E-4	6.802053736526832E-5
55	0.0	3.2498701185628196E-4	0.0	3.7033403676646086E-4	6.802053736526832E-5
56	0.0	3.2498701185628196E-4	0.0	3.892286304790354E-4	7.557837485029813E-5
57	0.0	3.363237680838267E-4	0.0	4.005653867065801E-4	7.557837485029813E-5
58	0.0	3.401026868263416E-4	0.0	4.04344305449095E-4	7.935729359281304E-5
59	0.0	3.401026868263416E-4	0.0	4.1190214293412484E-4	8.313621233532795E-5
60	0.0	3.5521836179640124E-4	0.0	4.1568106167663975E-4	8.313621233532795E-5
61	0.0	3.5899728053891616E-4	0.0	4.2323889916166953E-4	8.313621233532795E-5
62	0.0	3.741129555089758E-4	0.0	4.383545741317292E-4	8.313621233532795E-5
63	0.0	3.8167079299400555E-4	0.0	4.496913303592739E-4	8.313621233532795E-5
64	0.0	3.892286304790354E-4	0.0	4.610280865868186E-4	8.313621233532795E-5
65	0.0	3.930075492215503E-4	0.0	4.648070053293335E-4	9.069404982035776E-5
>>END_MODULE
