##FastQC	0.11.7
>>Basic Statistics	pass
#Measure	Value
Filename	SRR659649_1_val_1.fq.gz
File type	Conventional base calls
Encoding	Sanger / Illumina 1.9
Total Sequences	61392987
Sequences flagged as poor quality	0
Sequence length	20-76
%GC	46
>>END_MODULE
>>Per base sequence quality	pass
#Base	Mean	Median	Lower Quartile	Upper Quartile	10th Percentile	90th Percentile
1	31.584146394440786	31.0	31.0	34.0	30.0	34.0
2	31.868216006495985	34.0	31.0	34.0	30.0	34.0
3	32.09327490450986	34.0	31.0	34.0	30.0	34.0
4	35.583313660890944	37.0	35.0	37.0	33.0	37.0
5	35.374455636113616	37.0	35.0	37.0	32.0	37.0
6	35.35242654018447	37.0	35.0	37.0	32.0	37.0
7	35.36401128356892	37.0	35.0	37.0	32.0	37.0
8	35.31515571965899	37.0	35.0	37.0	32.0	37.0
9	36.91807310173717	39.0	37.0	39.0	32.0	39.0
10-11	36.96311924031323	39.0	37.0	39.0	33.0	39.0
12-13	36.84366723352294	39.0	37.0	39.0	32.0	39.0
14-15	38.057897239956745	40.0	38.0	41.0	32.0	41.0
16-17	37.99271192001132	40.0	38.0	41.0	32.0	41.0
18-19	38.027985061225316	40.0	38.0	41.0	32.0	41.0
20-21	37.97129800712813	40.0	38.0	41.0	32.0	41.0
22-23	37.879045077678484	40.0	37.0	41.0	32.0	41.0
24-25	37.80818436678294	40.0	37.0	41.0	32.0	41.0
26-27	37.73145365101736	40.0	37.0	41.0	32.0	41.0
28-29	37.66604987248831	40.0	37.0	41.0	31.0	41.0
30-31	37.7119880774083	40.0	37.0	41.0	31.5	41.0
32-33	37.606684242767884	40.0	37.0	41.0	31.0	41.0
34-35	37.54283004206386	40.0	37.0	41.0	31.0	41.0
36-37	37.47562977993387	40.0	37.0	41.0	31.0	41.0
38-39	37.41139465045498	40.0	37.0	41.0	31.0	41.0
40-41	37.3930846210478	40.0	36.5	41.0	31.0	41.0
42-43	37.4461968993054	40.0	37.0	41.0	31.0	41.0
44-45	37.404977779449325	40.0	36.0	41.0	31.0	41.0
46-47	37.293191202500765	40.0	36.0	41.0	31.0	41.0
48-49	37.23985049426753	39.5	36.0	41.0	31.0	41.0
50-51	36.66610483506193	38.5	35.5	40.5	30.5	41.0
52-53	36.709473329018344	39.0	35.0	40.0	30.0	41.0
54-55	36.9848713197733	39.0	35.0	40.5	31.0	41.0
56-57	36.87623194551537	39.0	35.0	40.5	31.0	41.0
58-59	36.67784290742859	38.5	35.0	40.0	30.0	41.0
60-61	36.46358215567568	38.0	35.0	40.0	30.0	41.0
62-63	36.17809835962289	38.0	34.0	40.0	30.0	41.0
64-65	35.92186479056321	37.0	34.0	40.0	29.0	41.0
66-67	35.70783182443223	37.0	34.0	39.5	29.0	41.0
68-69	35.40027851150778	36.0	34.0	39.0	29.0	41.0
70-71	35.15063466468826	36.0	34.0	39.0	29.0	40.0
72-73	34.974120987366774	35.0	34.0	38.0	29.5	40.0
74-75	34.865543975338554	35.0	34.0	37.0	30.0	39.0
76	33.18696748202373	34.0	31.0	36.0	27.0	38.0
>>END_MODULE
>>Per sequence quality scores	pass
#Quality	Count
14	8.0
15	11.0
16	42.0
17	88.0
18	217.0
19	2441.0
20	34238.0
21	114202.0
22	225883.0
23	339364.0
24	449589.0
25	556448.0
26	663166.0
27	776222.0
28	905809.0
29	1054138.0
30	1241775.0
31	1483424.0
32	1798189.0
33	2224389.0
34	2838555.0
35	3725426.0
36	5150006.0
37	7757753.0
38	1.246719E7
39	1.6246966E7
40	1337448.0
>>END_MODULE
>>Per base sequence content	fail
#Base	G	A	T	C
1	30.413377799117136	14.73588945128256	16.79851809334694	38.052214656253355
2	18.695926933379926	24.820441380766802	35.73275289734311	20.750878788510157
3	24.77685359500698	26.881672122590032	24.364430388846184	23.977043893556807
4	26.460691065962273	32.764782601248434	19.636007272317965	21.13851906047133
5	25.445102094043055	32.0697853696991	22.831537346144216	19.65357519011363
6	20.56224605860144	34.32359113301897	23.814176695362356	21.299986113017233
7	17.984921406207093	16.782104238062264	41.862626556102235	23.370347799628405
8	20.730937661072915	22.317756576392885	28.48463464462246	28.46667111791174
9	20.554792793014677	22.190046978310328	30.538198472594075	26.71696175608092
10-11	24.57150732681726	30.712607223193444	21.099158643621426	23.61672680636787
12-13	21.694977617104165	24.350046456449878	28.752554465391324	25.202421461054637
14-15	22.205442758724715	26.012945204692905	27.960634673872402	23.820977362709982
16-17	22.87673436876765	26.40019595351113	26.588551583071844	24.134518094649373
18-19	22.870659236184743	26.353912651212852	26.890936199218125	23.884491913384277
20-21	22.776747028947707	26.602669557752456	27.07105902980727	23.549524383492564
22-23	23.20627772663796	26.776683470620387	26.64474992890836	23.37228887383329
24-25	22.825189036815775	26.701767411646294	26.712552977249317	23.76049057428862
26-27	22.68569782901212	27.15291496658691	26.667328152369567	23.4940590520314
28-29	23.036994007037162	26.941663146497124	26.407012005191955	23.61433084127376
30-31	22.708605329738	26.613522783301185	26.84719249667876	23.83067939028206
32-33	22.675891477377462	26.892265441897695	26.835318249768314	23.596524830956525
34-35	23.019147347953304	26.78345787447129	26.539253695027952	23.658141082547456
36-37	22.977018052591347	26.924767672852575	26.508007832445525	23.59020644211055
38-39	22.828658873949404	26.69332573560152	26.85796288502702	23.62005250542206
40-41	23.07393182176224	26.63465686260127	26.72228178322212	23.569129532414376
42-43	22.849952141901824	26.713916917328433	26.808817447693794	23.62731349307595
44-45	22.801193487466662	26.81885347775892	27.002457164842202	23.377495869932215
46-47	22.980192724683533	26.571347389612516	26.800503582874928	23.647956302829026
48-49	22.944805408434473	26.616417730748758	26.921883239558632	23.516893621258134
50-51	23.003315305885433	26.681758016117453	27.019742123779	23.295184554218114
52-53	23.018557093127	26.674187152284627	26.585029874016403	23.722225880571965
54-55	23.03897007184173	26.709492929474663	26.647099833885672	23.604437164797933
56-57	22.857371536486298	26.65219379376513	26.961061488676663	23.52937318107191
58-59	23.01097285493584	26.69917613991077	26.853150395890168	23.436700609263223
60-61	22.996904568149866	26.781779676583366	26.69880010901545	23.52251564625131
62-63	22.686054788447652	26.80854966310887	26.9073221385963	23.598073409847178
64-65	22.887211503924483	26.680814717396128	26.905358231385364	23.52661554729402
66-67	22.90997076941754	26.924780379689707	26.655873471949675	23.509375378943076
68-69	22.723996740697046	26.92060395963594	26.81000645451206	23.54539284515495
70-71	22.81410528164232	27.046248281896233	26.677404061844395	23.462242374617052
72-73	22.768790564325496	26.702419268515065	26.979124284464696	23.549665882694743
74-75	22.808407310236213	23.306951775440737	28.88241600921567	25.00222490510738
76	24.22504179679394	0.0	40.00755765557748	35.76740054762858
>>END_MODULE
>>Per sequence GC content	pass
#GC Content	Count
0	5506.0
1	4493.0
2	3115.0
3	2756.5
4	2810.0
5	3062.5
6	3576.0
7	4213.0
8	4914.0
9	5716.5
10	6671.5
11	7929.0
12	9098.0
13	10630.0
14	13684.0
15	17854.5
16	22353.5
17	27302.5
18	38551.0
19	57268.0
20	79697.5
21	101663.5
22	138536.5
23	196627.0
24	254299.0
25	302409.5
26	379250.0
27	483964.0
28	577951.0
29	653025.5
30	774155.0
31	945399.0
32	1122710.5
33	1253573.5
34	1361207.5
35	1530451.5
36	1686587.5
37	1807183.0
38	1984593.5
39	2313741.0
40	2608098.0
41	2906463.0
42	3206988.5
43	3480693.5
44	3647280.5
45	3682768.0
46	3760729.0
47	3724958.0
48	3573348.5
49	3307581.5
50	3097000.0
51	3005493.5
52	2896232.0
53	2786680.5
54	2661862.0
55	2496607.5
56	2297814.5
57	2030538.5
58	1803958.5
59	1616636.5
60	1446981.0
61	1250864.0
62	1074437.0
63	959842.0
64	797040.0
65	658859.0
66	533679.0
67	450759.5
68	394234.5
69	314737.0
70	237619.0
71	190443.5
72	159160.5
73	121071.0
74	88303.5
75	69002.5
76	55686.0
77	40675.5
78	28562.0
79	21058.0
80	16015.0
81	11341.0
82	8372.5
83	6136.0
84	4392.5
85	3181.5
86	2439.5
87	2008.5
88	1546.5
89	1096.0
90	809.5
91	635.5
92	553.0
93	387.0
94	206.0
95	140.5
96	113.5
97	111.0
98	81.5
99	68.5
100	87.0
>>END_MODULE
>>Per base N content	pass
#Base	N-Count
1	0.8242325788774538
2	0.010567982300649422
3	0.00510481759097338
4	0.14991451710925874
5	0.031003541169938514
6	0.007430816161461569
7	0.006688060315423324
8	0.003133908438108737
9	0.0034254726846895396
10-11	0.00354519319934702
12-13	0.004390566629377392
14-15	0.0018601473161747285
16-17	0.0014244297968430825
18-19	0.0025165740836164234
20-21	0.002439783053578198
22-23	0.0017466386698207416
24-25	0.0011175694425621708
26-27	0.001075859386555802
28-29	0.001177324180887998
30-31	8.543368649600088E-4
32-33	0.001631913088745322
34-35	0.0015713871776392564
36-37	0.001994545192011845
38-39	0.0028991552080653037
40-41	0.0031892362636094856
42-43	0.0017687724957159963
44-45	7.394425402011932E-4
46-47	0.0013252093476849654
48-49	0.002878624168508527
50-51	0.003519824260178939
52-53	0.003189337141094915
54-55	0.002257816966609684
56-57	0.001762705533847281
58-59	0.002899481065504446
60-61	0.0027817874035499335
62-63	0.0010709966711405642
64-65	0.0035529804513264648
66-67	0.00120248078242859
68-69	0.0011717265652201876
70-71	2.807634313094051E-4
72-73	1.0399373751521271E-4
74-75	0.0
76	0.0
>>END_MODULE
>>Sequence Length Distribution	warn
#Length	Count
20-21	106565.0
22-23	151152.0
24-25	127899.0
26-27	125407.0
28-29	99913.0
30-31	121891.0
32-33	112728.0
34-35	107738.0
36-37	115290.0
38-39	125758.0
40-41	145547.0
42-43	172173.0
44-45	155375.0
46-47	153390.0
48-49	181369.0
50-51	164025.0
52-53	180871.0
54-55	213816.0
56-57	229707.0
58-59	282304.0
60-61	267165.0
62-63	287389.0
64-65	345982.0
66-67	450842.0
68-69	531499.0
70-71	772937.0
72-73	2595938.0
74-75	1.9065709E7
76-77	3.4002608E7
>>END_MODULE
>>Sequence Duplication Levels	warn
#Total Deduplicated Percentage	68.77440930051564
#Duplication Level	Percentage of deduplicated	Percentage of total
1	87.49234928889422	60.17234640658089
2	8.131872687795628	11.185294812202814
3	2.1314580339335945	4.397693016978641
4	0.8319360869971398	2.2886365183604274
5	0.4313389883823712	1.483254206713978
6	0.2497888292724343	1.030744750984741
7	0.16193524892226843	0.7795900762692681
8	0.11021356524354557	0.6063898277222951
9	0.07528635344630916	0.4659997037993777
>10	0.32818825314320355	3.9554469953876876
>50	0.022588011459408423	1.0885438928127054
>100	0.024134385804371876	3.637981233456967
>500	0.005046875937937654	2.457202730546733
>1k	0.003675618403733597	4.48667270856324
>5k	1.1624003464276375E-4	0.5494632679141856
>10k+	7.153232901093154E-5	1.4147398517062117
>>END_MODULE
>>Overrepresented sequences	warn
#Sequence	Count	Percentage	Possible Source
CTCGTATGCCGTCTTCTGCTTG	62069	0.10110112413979794	Illumina Single End Adapter 1 (100% over 22bp)
>>END_MODULE
>>Adapter Content	pass
#Position	Illumina Universal Adapter	Illumina Small RNA 3' Adapter	Illumina Small RNA 5' Adapter	Nextera Transposase Sequence	SOLID Small RNA Adapter
1	6.515402158230223E-6	6.515402158230223E-6	0.0	4.886551618672667E-6	1.6288505395575557E-6
2	6.515402158230223E-6	2.7690459172478446E-5	0.0	2.4432758093363335E-5	1.6288505395575557E-6
3	6.515402158230223E-6	2.9319309712036E-5	0.0	2.4432758093363335E-5	1.6288505395575557E-6
4	6.515402158230223E-6	2.9319309712036E-5	0.0	2.7690459172478446E-5	3.2577010791151113E-6
5	6.515402158230223E-6	3.257701079115111E-5	0.0	2.7690459172478446E-5	3.2577010791151113E-6
6	6.515402158230223E-6	3.257701079115111E-5	0.0	2.9319309712036E-5	3.2577010791151113E-6
7	6.515402158230223E-6	4.3978964568054E-5	0.0	3.094816025159356E-5	4.886551618672667E-6
8	6.515402158230223E-6	4.560781510761156E-5	0.0	3.257701079115111E-5	4.886551618672667E-6
9	8.144252697787778E-6	4.723666564716911E-5	0.0	3.420586133070867E-5	6.515402158230223E-6
10	8.144252697787778E-6	5.049436672628422E-5	0.0	3.420586133070867E-5	8.144252697787778E-6
11	1.140195377690289E-5	5.212321726584178E-5	0.0	3.583471187026622E-5	8.144252697787778E-6
12	1.140195377690289E-5	5.212321726584178E-5	0.0	3.746356240982378E-5	9.773103237345335E-6
13	1.140195377690289E-5	5.700976888451445E-5	0.0	3.746356240982378E-5	9.773103237345335E-6
14	1.140195377690289E-5	5.700976888451445E-5	0.0	3.746356240982378E-5	9.773103237345335E-6
15	1.140195377690289E-5	5.8638619424072E-5	0.0	5.8638619424072E-5	9.773103237345335E-6
16	1.140195377690289E-5	6.026746996362956E-5	0.0	5.8638619424072E-5	9.773103237345335E-6
17	1.4659654856018E-5	6.352517104274466E-5	0.0	6.352517104274466E-5	1.3030804316460445E-5
18	1.4659654856018E-5	6.352517104274466E-5	0.0	6.515402158230222E-5	1.4659654856018E-5
19	1.6288505395575556E-5	6.352517104274466E-5	0.0	6.678287212185978E-5	1.4659654856018E-5
20	2.1175057014248225E-5	6.678287212185978E-5	0.0	6.841172266141734E-5	1.6288505395575556E-5
21	2.4432758093363335E-5	6.841172266141734E-5	0.0	7.492712481964756E-5	1.6288505395575556E-5
22	2.4432758093363335E-5	7.329827428009E-5	0.0	7.492712481964756E-5	1.791735593513311E-5
23	4.886551618672667E-5	7.492712481964756E-5	0.0	7.492712481964756E-5	1.791735593513311E-5
24	5.212321726584178E-5	7.492712481964756E-5	0.0	8.307137751743534E-5	1.791735593513311E-5
25	5.375206780539934E-5	7.818482589876268E-5	0.0	8.47002280569929E-5	1.791735593513311E-5
26	5.538091834495689E-5	7.818482589876268E-5	0.0	9.284448075478068E-5	1.791735593513311E-5
27	5.700976888451445E-5	7.818482589876268E-5	0.0	9.284448075478068E-5	1.791735593513311E-5
28	5.700976888451445E-5	7.981367643832022E-5	0.0	9.610218183389578E-5	1.791735593513311E-5
29	5.700976888451445E-5	7.981367643832022E-5	0.0	9.610218183389578E-5	1.791735593513311E-5
30	5.8638619424072E-5	8.144252697787778E-5	0.0	9.773103237345334E-5	2.280390755380578E-5
31	6.189632050318712E-5	8.307137751743534E-5	0.0	9.93598829130109E-5	2.4432758093363335E-5
32	6.189632050318712E-5	8.307137751743534E-5	0.0	1.02617583992126E-4	2.4432758093363335E-5
33	6.189632050318712E-5	8.307137751743534E-5	0.0	1.02617583992126E-4	2.606160863292089E-5
34	6.189632050318712E-5	8.307137751743534E-5	0.0	1.02617583992126E-4	2.606160863292089E-5
35	6.352517104274466E-5	8.47002280569929E-5	0.0	1.0750413561079868E-4	2.7690459172478446E-5
36	6.352517104274466E-5	8.7957929136108E-5	0.0	1.1564838830858644E-4	2.7690459172478446E-5
37	6.352517104274466E-5	8.958677967566556E-5	0.0	1.1564838830858644E-4	2.7690459172478446E-5
38	6.352517104274466E-5	8.958677967566556E-5	0.0	1.17277238848144E-4	2.7690459172478446E-5
39	6.515402158230222E-5	9.121563021522312E-5	0.0	1.1890608938770156E-4	2.7690459172478446E-5
40	6.515402158230222E-5	9.121563021522312E-5	0.0	1.2053493992725912E-4	2.7690459172478446E-5
41	6.515402158230222E-5	9.284448075478068E-5	0.0	1.3030804316460445E-4	2.9319309712036E-5
42	6.515402158230222E-5	9.447333129433822E-5	0.0	1.3845229586239224E-4	2.9319309712036E-5
43	6.678287212185978E-5	9.93598829130109E-5	0.0	1.4170999694150733E-4	2.9319309712036E-5
44	6.678287212185978E-5	1.0424643453168356E-4	0.0	1.433388474810649E-4	3.094816025159356E-5
45	6.678287212185978E-5	1.0424643453168356E-4	0.0	1.433388474810649E-4	3.094816025159356E-5
46	6.678287212185978E-5	1.0424643453168356E-4	0.0	1.433388474810649E-4	3.094816025159356E-5
47	6.678287212185978E-5	1.0587528507124112E-4	0.0	1.5311195071841024E-4	3.420586133070867E-5
48	6.678287212185978E-5	1.0750413561079868E-4	0.0	1.61256203416198E-4	3.583471187026622E-5
49	6.678287212185978E-5	1.0750413561079868E-4	0.0	1.61256203416198E-4	3.583471187026622E-5
50	6.678287212185978E-5	1.0750413561079868E-4	0.0	1.6614275503487068E-4	3.583471187026622E-5
51	6.678287212185978E-5	1.1239068722947134E-4	0.0	1.726581571931009E-4	3.909241294938134E-5
52	6.678287212185978E-5	1.254214915459318E-4	0.0	1.7754470881177356E-4	4.235011402849645E-5
53	6.678287212185978E-5	1.3356574424371956E-4	0.0	1.840601109700038E-4	4.3978964568054E-5
54	6.678287212185978E-5	1.3356574424371956E-4	0.0	1.840601109700038E-4	4.3978964568054E-5
55	6.678287212185978E-5	1.3845229586239224E-4	0.0	1.873178120491189E-4	4.3978964568054E-5
56	6.678287212185978E-5	1.4170999694150733E-4	0.0	2.0034861636557936E-4	4.723666564716911E-5
57	6.678287212185978E-5	1.4496769802062245E-4	0.0	2.0686401852380956E-4	4.723666564716911E-5
58	6.678287212185978E-5	1.4659654856018E-4	0.0	2.166371217611549E-4	4.723666564716911E-5
59	6.678287212185978E-5	1.4659654856018E-4	0.0	2.312967766171729E-4	4.723666564716911E-5
60	6.678287212185978E-5	1.4659654856018E-4	0.0	2.4921413255230603E-4	4.886551618672667E-5
61	6.678287212185978E-5	1.4822539909973756E-4	0.0	2.5247183363142115E-4	5.049436672628422E-5
62	6.678287212185978E-5	1.579985023370829E-4	0.0	2.6224493686876645E-4	5.049436672628422E-5
63	6.678287212185978E-5	1.6614275503487068E-4	0.0	2.6550263794788157E-4	5.049436672628422E-5
64	6.678287212185978E-5	1.694004561139858E-4	0.0	2.866776949621298E-4	5.049436672628422E-5
65	6.841172266141734E-5	1.726581571931009E-4	0.0	2.8830654550168733E-4	5.538091834495689E-5
>>END_MODULE
