##FastQC	0.11.7
>>Basic Statistics	pass
#Measure	Value
Filename	SRR603397_1_val_1.fq.gz
File type	Conventional base calls
Encoding	Sanger / Illumina 1.9
Total Sequences	40305415
Sequences flagged as poor quality	0
Sequence length	20-76
%GC	48
>>END_MODULE
>>Per base sequence quality	pass
#Base	Mean	Median	Lower Quartile	Upper Quartile	10th Percentile	90th Percentile
1	31.814193204560727	31.0	31.0	34.0	30.0	34.0
2	32.10601262882419	34.0	31.0	34.0	30.0	34.0
3	32.245008369222845	34.0	31.0	34.0	30.0	34.0
4	35.714922250521425	37.0	35.0	37.0	33.0	37.0
5	35.43151224221361	37.0	35.0	37.0	33.0	37.0
6	35.38143390906656	37.0	35.0	37.0	32.0	37.0
7	35.37274155346124	37.0	35.0	37.0	32.0	37.0
8	35.36683835162099	37.0	35.0	37.0	32.0	37.0
9	36.956337876684806	39.0	37.0	39.0	33.0	39.0
10-11	37.04765553214128	39.0	37.0	39.0	33.0	39.0
12-13	36.939007351741694	39.0	37.0	39.0	32.5	39.0
14-15	38.193529678332304	40.0	38.0	41.0	33.0	41.0
16-17	38.122435112006656	40.0	38.0	41.0	32.5	41.0
18-19	38.10840568196606	40.0	38.0	41.0	32.5	41.0
20-21	38.048133089622375	40.0	38.0	41.0	32.0	41.0
22-23	37.954052052297484	40.0	38.0	41.0	32.0	41.0
24-25	37.84858292661317	40.0	37.0	41.0	32.0	41.0
26-27	37.805645775732735	40.0	37.0	41.0	32.0	41.0
28-29	37.785254599318264	40.0	37.0	41.0	32.0	41.0
30-31	37.76657696839736	40.0	37.0	41.0	32.0	41.0
32-33	37.61886896805407	40.0	37.0	41.0	31.0	41.0
34-35	37.539886637055496	40.0	37.0	41.0	31.0	41.0
36-37	37.50851408616654	40.0	37.0	41.0	31.0	41.0
38-39	37.54933812182129	40.0	37.0	41.0	31.0	41.0
40-41	37.54239277910898	40.0	37.0	41.0	31.0	41.0
42-43	37.53436149579451	40.0	37.0	41.0	31.0	41.0
44-45	37.421024145371575	40.0	36.0	41.0	31.0	41.0
46-47	37.219469190826175	39.0	36.0	41.0	31.0	41.0
48-49	37.12569515083409	39.0	35.5	41.0	31.0	41.0
50-51	36.946903643595036	39.0	35.0	41.0	31.0	41.0
52-53	36.717884028226806	39.0	35.0	40.0	30.0	41.0
54-55	36.55034457560569	38.0	35.0	40.0	30.0	41.0
56-57	36.33672403776365	38.0	35.0	40.0	30.0	41.0
58-59	36.08356319500813	38.0	34.0	40.0	29.5	41.0
60-61	35.83486358413579	37.0	34.0	40.0	29.0	41.0
62-63	35.524443155467	36.5	34.0	39.5	29.0	41.0
64-65	35.25474073652344	36.0	34.0	39.0	29.0	41.0
66-67	35.06243250806306	36.0	33.5	39.0	29.0	40.5
68-69	34.8035540804456	35.0	33.0	38.5	29.0	40.0
70-71	34.57378697977428	35.0	33.0	38.0	29.0	40.0
72-73	34.441159854825	35.0	33.0	37.0	29.0	39.5
74-75	34.43914022171582	35.0	33.0	37.0	29.5	39.0
76	31.024615968942182	31.0	29.0	34.0	25.0	36.0
>>END_MODULE
>>Per sequence quality scores	pass
#Quality	Count
13	1.0
14	0.0
15	4.0
16	3.0
17	27.0
18	99.0
19	1336.0
20	20456.0
21	72101.0
22	140171.0
23	210483.0
24	278689.0
25	348816.0
26	420971.0
27	499905.0
28	586199.0
29	689778.0
30	818108.0
31	989030.0
32	1209231.0
33	1520927.0
34	1990302.0
35	2710209.0
36	3953878.0
37	6054960.0
38	8503990.0
39	8728906.0
40	556835.0
>>END_MODULE
>>Per base sequence content	fail
#Base	G	A	T	C
1	28.88541819373228	13.71551652178712	20.340727399519867	37.05833788496073
2	22.724112717736432	22.06091364058285	33.344926652629944	21.870046989050778
3	26.80609502750697	24.33491637250886	25.613342288533264	23.245646311450905
4	27.18836660062387	31.113865577698483	19.610955834700185	22.08681198697746
5	27.130755567191894	31.28038371792191	21.17246646469898	20.41639425018721
6	21.810543510753583	33.33182687996756	21.437814188284086	23.419815420994773
7	19.02957409367041	15.651869432163195	40.91360626506109	24.4049502091053
8	21.743550700730406	21.285836040587533	26.261822820940058	30.708790437742007
9	21.66889885267699	21.338923961016	29.057592136272614	27.934585050034393
10-11	25.781718120758068	29.554474951073633	20.315222254530557	24.34858467363774
12-13	23.05808231477087	22.90601193487109	28.429636551122094	25.606269199235943
14-15	23.438332891884546	24.88998174497306	27.38847023102478	24.283215132117615
16-17	24.11976043982038	25.232209172759468	26.12045449137873	24.52757589604143
18-19	23.97976883384815	25.42975913724183	26.131693448003173	24.458778580906845
20-21	24.082416414692894	25.475783874444573	26.1460607098345	24.295739001028032
22-23	24.166035215753638	25.7933137659464	26.046479899205803	23.994171119094155
24-25	24.14540896788777	25.773594622929803	25.97107813798476	24.109918271197667
26-27	24.008135971849605	25.915382575318947	26.031138961852935	24.045342490978513
28-29	24.073739123116646	25.77259834808518	26.043652499607163	24.110010029191013
30-31	23.69099361535149	25.987054334104982	26.24982669116941	24.072125359374116
32-33	23.822409707785223	26.04545225458681	26.280574857615672	23.851563180012295
34-35	24.16388414380791	25.985202333964114	25.985126938759418	23.865786583468562
36-37	24.07531227020902	25.910776961693095	26.052794339470058	23.961116428627825
38-39	23.963669075202557	26.017803353533935	26.029687298538768	23.988840272724737
40-41	24.05441214215913	25.873660304902202	26.07766814847215	23.994259404466522
42-43	23.92403887596651	25.966167387316037	26.244368318285172	23.865425418432284
44-45	23.987718384120846	25.888299471240483	26.070723938884544	24.053258205754126
46-47	24.21416600607845	25.80878738437709	26.002823648159136	23.974222961385326
48-49	23.964794792866677	25.844247672689075	26.179344913403824	24.011612621040427
50-51	24.02253727885274	25.66224107530498	26.261127910269416	24.054093735572867
52-53	24.060184435334715	25.837506330701775	26.001804577176646	24.100504656786864
54-55	23.95801272307149	25.723967281406285	26.23175069072406	24.086269304798165
56-57	23.914977208007183	25.7417382103666	26.29813905606219	24.045145525564028
58-59	23.910328807365467	25.92579091914321	26.124036807549132	24.039843465942187
60-61	24.034559540819398	25.876164951146368	26.157893284580247	23.931382223453983
62-63	23.734838113144622	26.12756885116523	26.305303710690154	23.832289324999994
64-65	23.85080635132442	26.109647894084056	26.305061496744102	23.73448425784742
66-67	23.77178753501924	26.268425192414263	26.07783114897215	23.881956123594346
68-69	23.83851614523551	26.23324139811919	26.11669530071546	23.811547155929844
70-71	23.766783579166162	26.174616848162923	26.13463383465061	23.9239657380203
72-73	23.63006017014593	25.987406240773257	26.447943106002782	23.93459048307803
74-75	24.01266770822395	22.569101214581774	28.01248176711252	25.40574931008176
76	24.573813986980888	0.0	39.354523757280184	36.07166225573892
>>END_MODULE
>>Per sequence GC content	pass
#GC Content	Count
0	3541.0
1	2860.5
2	1860.5
3	1542.0
4	1605.5
5	1833.5
6	2190.0
7	2584.0
8	2943.5
9	3359.5
10	3955.5
11	4653.0
12	5304.5
13	6299.0
14	7775.5
15	9858.0
16	12871.5
17	16318.0
18	22340.5
19	32905.5
20	46271.5
21	59060.0
22	80974.5
23	117659.5
24	155778.0
25	188223.5
26	237294.0
27	307506.5
28	381628.5
29	443082.0
30	515170.0
31	608725.0
32	700943.0
33	777166.0
34	870160.5
35	1003919.5
36	1118416.0
37	1204227.5
38	1285678.0
39	1417702.0
40	1546709.0
41	1674437.5
42	1795419.5
43	1851224.0
44	1908451.0
45	1946480.5
46	1970945.5
47	2001551.0
48	2001906.5
49	1936374.0
50	1871509.5
51	1843238.5
52	1772600.5
53	1681224.0
54	1617715.5
55	1562765.5
56	1520209.5
57	1454957.0
58	1394808.5
59	1351456.5
60	1293927.5
61	1204601.5
62	1118148.5
63	1015370.5
64	884887.5
65	779835.5
66	655646.5
67	567382.5
68	497180.0
69	404444.5
70	317580.0
71	260103.0
72	216336.0
73	164704.5
74	122999.0
75	97254.5
76	79409.0
77	59440.0
78	41894.5
79	30752.5
80	23532.5
81	16468.0
82	11568.5
83	8112.5
84	5817.5
85	4286.5
86	3340.0
87	2825.0
88	2221.0
89	1640.5
90	1264.5
91	1021.5
92	915.0
93	684.0
94	416.0
95	260.5
96	171.5
97	162.0
98	102.0
99	41.0
100	40.0
>>END_MODULE
>>Per base N content	pass
#Base	N-Count
1	0.011936361404540805
2	0.022872857158275136
3	0.0026919459829405057
4	0.09200252621142842
5	0.02528196273379148
6	0.03002078008624896
7	0.028785214095922346
8	0.019401859526815442
9	0.026879762930117453
10-11	0.023957078720067762
12-13	0.009132767892353918
14-15	0.001554381712730163
16-17	1.2901492268470625E-4
18-19	1.898007997188467E-4
20-21	9.555341678604743E-5
22-23	1.0066583615280526E-4
24-25	0.0015695670776770779
26-27	0.006437424597673745
28-29	0.00903723682623786
30-31	0.004646801126710983
32-33	3.4861652722486283E-4
34-35	3.769760092844667E-6
36-37	3.525377828906388E-5
38-39	1.9560453145281746E-4
40-41	2.188011364657503E-4
42-43	3.879487892384527E-4
44-45	4.322685359958464E-4
46-47	1.0197530759704313E-4
48-49	3.4638094099073463E-4
50-51	3.3971533239645404E-4
52-53	1.4019260508959863E-4
54-55	3.368776171502562E-4
56-57	0.0010755347539359193
58-59	5.988479285440071E-4
60-61	5.4034315846407E-4
62-63	0.0023462970894526556
64-65	0.0011059776930120255
66-67	7.075620379668196E-4
68-69	1.0755318165368045E-4
70-71	7.2114963007133E-5
72-73	1.3890461404873764E-6
74-75	0.0
76	0.0
>>END_MODULE
>>Sequence Length Distribution	warn
#Length	Count
20-21	54722.0
22-23	64818.0
24-25	73499.0
26-27	73419.0
28-29	65846.0
30-31	82259.0
32-33	79676.0
34-35	79629.0
36-37	86896.0
38-39	88540.0
40-41	91339.0
42-43	112158.0
44-45	102236.0
46-47	102720.0
48-49	114689.0
50-51	122909.0
52-53	136265.0
54-55	148788.0
56-57	167687.0
58-59	193349.0
60-61	194376.0
62-63	214884.0
64-65	255798.0
66-67	314387.0
68-69	406016.0
70-71	611614.0
72-73	1730263.0
74-75	1.2278277E7
76-77	2.2258356E7
>>END_MODULE
>>Sequence Duplication Levels	fail
#Total Deduplicated Percentage	49.17623018108145
#Duplication Level	Percentage of deduplicated	Percentage of total
1	86.55603764811134	42.56499630945875
2	8.220249167655682	8.08481730428958
3	2.285774670009375	3.372173439433995
4	0.9935363291538148	1.9543348486293883
5	0.519766227841289	1.2780071830337822
6	0.2922139734918232	0.8621988973537399
7	0.2113634566613739	0.727584059765413
8	0.13606862900761338	0.5353073776402058
9	0.09770554365506481	0.4324311274274252
>10	0.4851124106913763	4.346885229832948
>50	0.059151828327456135	2.08634921106169
>100	0.10590694357980494	12.194608219949062
>500	0.02315928578561031	7.9162229636679875
>1k	0.013204124988271839	10.676711338941667
>5k	6.248008669529258E-4	2.020294262565525
>10k+	1.2496017339058514E-4	0.9470782269489975
>>END_MODULE
>>Overrepresented sequences	pass
>>END_MODULE
>>Adapter Content	pass
#Position	Illumina Universal Adapter	Illumina Small RNA 3' Adapter	Illumina Small RNA 5' Adapter	Nextera Transposase Sequence	SOLID Small RNA Adapter
1	9.924224821900482E-6	7.443168616425361E-6	0.0	4.962112410950241E-6	4.962112410950241E-6
2	9.924224821900482E-6	1.7367393438325842E-5	0.0	2.2329505849276084E-5	9.924224821900482E-6
3	9.924224821900482E-6	1.9848449643800963E-5	0.0	2.4810562054751205E-5	9.924224821900482E-6
4	9.924224821900482E-6	1.9848449643800963E-5	0.0	2.7291618260226323E-5	1.2405281027375603E-5
5	9.924224821900482E-6	2.2329505849276084E-5	0.0	2.7291618260226323E-5	1.2405281027375603E-5
6	9.924224821900482E-6	2.2329505849276084E-5	0.0	2.9772674465701445E-5	1.2405281027375603E-5
7	9.924224821900482E-6	3.9696899287601926E-5	0.0	3.4734786876651684E-5	1.2405281027375603E-5
8	9.924224821900482E-6	3.9696899287601926E-5	0.0	4.217795549307705E-5	1.2405281027375603E-5
9	1.2405281027375603E-5	3.9696899287601926E-5	0.0	4.714006790402729E-5	1.2405281027375603E-5
10	1.2405281027375603E-5	3.9696899287601926E-5	0.0	4.962112410950241E-5	1.2405281027375603E-5
11	1.2405281027375603E-5	4.465901169855217E-5	0.0	4.962112410950241E-5	1.4886337232850722E-5
12	1.2405281027375603E-5	4.465901169855217E-5	0.0	4.962112410950241E-5	1.4886337232850722E-5
13	1.2405281027375603E-5	5.2102180314977525E-5	0.0	4.962112410950241E-5	1.4886337232850722E-5
14	1.2405281027375603E-5	5.4583236520452647E-5	0.0	5.4583236520452647E-5	1.4886337232850722E-5
15	1.4886337232850722E-5	7.195062995877849E-5	0.0	6.450746134235312E-5	1.4886337232850722E-5
16	1.7367393438325842E-5	7.939379857520385E-5	0.0	6.698851754782825E-5	1.4886337232850722E-5
17	1.7367393438325842E-5	7.939379857520385E-5	0.0	6.698851754782825E-5	1.7367393438325842E-5
18	1.7367393438325842E-5	7.939379857520385E-5	0.0	6.946957375330337E-5	2.2329505849276084E-5
19	1.9848449643800963E-5	8.187485478067897E-5	0.0	7.443168616425361E-5	2.2329505849276084E-5
20	1.9848449643800963E-5	8.187485478067897E-5	0.0	8.187485478067897E-5	2.2329505849276084E-5
21	1.9848449643800963E-5	8.43559109861541E-5	0.0	8.187485478067897E-5	2.2329505849276084E-5
22	1.9848449643800963E-5	9.179907960257946E-5	0.0	8.683696719162922E-5	2.7291618260226323E-5
23	1.9848449643800963E-5	1.0420436062995505E-4	0.0	8.683696719162922E-5	2.7291618260226323E-5
24	1.9848449643800963E-5	1.0668541683543017E-4	0.0	9.428013580805458E-5	2.7291618260226323E-5
25	1.9848449643800963E-5	1.0668541683543017E-4	0.0	1.0172330442447994E-4	2.9772674465701445E-5
26	2.2329505849276084E-5	1.0668541683543017E-4	0.0	1.0172330442447994E-4	3.7215843082126805E-5
27	2.4810562054751205E-5	1.0916647304090529E-4	0.0	1.0420436062995505E-4	3.7215843082126805E-5
28	2.4810562054751205E-5	1.0916647304090529E-4	0.0	1.0420436062995505E-4	3.9696899287601926E-5
29	2.4810562054751205E-5	1.1164752924638041E-4	0.0	1.0420436062995505E-4	3.9696899287601926E-5
30	2.4810562054751205E-5	1.1164752924638041E-4	0.0	1.0420436062995505E-4	3.9696899287601926E-5
31	2.7291618260226323E-5	1.1164752924638041E-4	0.0	1.0668541683543017E-4	4.217795549307705E-5
32	2.7291618260226323E-5	1.1660964165733066E-4	0.0	1.0668541683543017E-4	5.2102180314977525E-5
33	2.7291618260226323E-5	1.24052810273756E-4	0.0	1.0916647304090529E-4	5.2102180314977525E-5
34	2.7291618260226323E-5	1.24052810273756E-4	0.0	1.1412858545185554E-4	5.2102180314977525E-5
35	2.7291618260226323E-5	1.364580913011316E-4	0.0	1.1660964165733066E-4	5.2102180314977525E-5
36	2.7291618260226323E-5	1.3893914750660673E-4	0.0	1.1660964165733066E-4	5.2102180314977525E-5
37	2.7291618260226323E-5	1.4142020371208186E-4	0.0	1.1660964165733066E-4	5.2102180314977525E-5
38	2.9772674465701445E-5	1.4142020371208186E-4	0.0	1.1660964165733066E-4	5.2102180314977525E-5
39	2.9772674465701445E-5	1.4142020371208186E-4	0.0	1.1660964165733066E-4	5.2102180314977525E-5
40	2.9772674465701445E-5	1.4886337232850722E-4	0.0	1.1660964165733066E-4	5.2102180314977525E-5
41	2.9772674465701445E-5	1.5382548473945746E-4	0.0	1.1909069786280578E-4	5.2102180314977525E-5
42	2.9772674465701445E-5	1.5630654094493258E-4	0.0	1.2901492268470625E-4	5.2102180314977525E-5
43	3.225373067117656E-5	1.6374970956135795E-4	0.0	1.339770350956565E-4	5.4583236520452647E-5
44	3.225373067117656E-5	1.6623076576683307E-4	0.0	1.339770350956565E-4	5.4583236520452647E-5
45	3.225373067117656E-5	1.687118219723082E-4	0.0	1.339770350956565E-4	5.4583236520452647E-5
46	3.225373067117656E-5	1.7615499058873355E-4	0.0	1.339770350956565E-4	5.4583236520452647E-5
47	3.225373067117656E-5	1.811171029996838E-4	0.0	1.339770350956565E-4	5.706429272592777E-5
48	3.225373067117656E-5	1.8359815920515892E-4	0.0	1.339770350956565E-4	5.706429272592777E-5
49	3.4734786876651684E-5	1.8359815920515892E-4	0.0	1.339770350956565E-4	5.706429272592777E-5
50	3.4734786876651684E-5	1.8607921541063404E-4	0.0	1.364580913011316E-4	5.706429272592777E-5
51	3.4734786876651684E-5	1.8856027161610916E-4	0.0	1.3893914750660673E-4	5.706429272592777E-5
52	3.4734786876651684E-5	1.9600344023253452E-4	0.0	1.4390125991755698E-4	5.706429272592777E-5
53	3.4734786876651684E-5	1.9848449643800964E-4	0.0	1.4390125991755698E-4	5.706429272592777E-5
54	3.4734786876651684E-5	2.0344660884895989E-4	0.0	1.463823161230321E-4	5.706429272592777E-5
55	3.4734786876651684E-5	2.0592766505443498E-4	0.0	1.463823161230321E-4	5.706429272592777E-5
56	3.4734786876651684E-5	2.0592766505443498E-4	0.0	1.4886337232850722E-4	5.706429272592777E-5
57	3.4734786876651684E-5	2.1833294608181059E-4	0.0	1.5134442853398234E-4	5.706429272592777E-5
58	3.4734786876651684E-5	2.1833294608181059E-4	0.0	1.5630654094493258E-4	6.2026405136878E-5
59	3.4734786876651684E-5	2.2329505849276083E-4	0.0	1.5630654094493258E-4	6.2026405136878E-5
60	3.4734786876651684E-5	2.2825717090371107E-4	0.0	1.6374970956135795E-4	6.2026405136878E-5
61	3.4734786876651684E-5	2.307382271091862E-4	0.0	1.6374970956135795E-4	6.2026405136878E-5
62	3.4734786876651684E-5	2.431435081365618E-4	0.0	1.6374970956135795E-4	6.2026405136878E-5
63	3.4734786876651684E-5	2.5058667675298716E-4	0.0	1.6623076576683307E-4	6.450746134235312E-5
64	3.4734786876651684E-5	2.580298453694125E-4	2.4810562054751204E-6	1.711928781777833E-4	6.698851754782825E-5
65	3.7215843082126805E-5	2.753972388077384E-4	4.962112410950241E-6	1.7367393438325843E-4	6.946957375330337E-5
>>END_MODULE
