##FastQC	0.11.7
>>Basic Statistics	pass
#Measure	Value
Filename	SRR1071717_1_val_1.fq.gz
File type	Conventional base calls
Encoding	Sanger / Illumina 1.9
Total Sequences	21220768
Sequences flagged as poor quality	0
Sequence length	20-76
%GC	49
>>END_MODULE
>>Per base sequence quality	pass
#Base	Mean	Median	Lower Quartile	Upper Quartile	10th Percentile	90th Percentile
1	31.867777688347566	33.0	31.0	34.0	30.0	34.0
2	32.23020943445591	34.0	31.0	34.0	30.0	34.0
3	31.409427359085214	34.0	31.0	34.0	27.0	34.0
4	35.46539875465393	37.0	35.0	37.0	33.0	37.0
5	35.5404736058563	37.0	35.0	37.0	33.0	37.0
6	35.61543140191721	37.0	35.0	37.0	33.0	37.0
7	35.66677638622693	37.0	35.0	37.0	33.0	37.0
8	35.692620125718356	37.0	35.0	37.0	33.0	37.0
9	37.34818466513559	39.0	37.0	39.0	34.0	39.0
10-11	37.38872299532232	39.0	37.0	39.0	34.0	39.0
12-13	37.37114097378568	39.0	37.0	39.0	34.0	39.0
14-15	38.783773377099266	41.0	38.0	41.0	34.0	41.0
16-17	38.76995983368745	41.0	38.0	41.0	34.0	41.0
18-19	38.77277130120832	41.0	38.0	41.0	34.0	41.0
20-21	38.771237792127515	41.0	38.0	41.0	34.0	41.0
22-23	38.73862625330345	41.0	38.0	41.0	34.0	41.0
24-25	38.70041719352548	41.0	38.0	41.0	34.0	41.0
26-27	38.64585306344618	40.0	38.0	41.0	34.0	41.0
28-29	38.596261119212606	40.0	38.0	41.0	34.0	41.0
30-31	38.53722094168026	40.0	38.0	41.0	34.0	41.0
32-33	38.480443715230365	40.0	38.0	41.0	33.0	41.0
34-35	38.421537278200574	40.0	38.0	41.0	33.0	41.0
36-37	38.35785951072429	40.0	38.0	41.0	33.0	41.0
38-39	38.27461548152445	40.0	38.0	41.0	33.0	41.0
40-41	38.19381765811721	40.0	38.0	41.0	33.0	41.0
42-43	38.10799369516262	40.0	37.0	41.0	33.0	41.0
44-45	38.01509307840841	40.0	37.0	41.0	33.0	41.0
46-47	37.92607002314318	40.0	37.0	41.0	33.0	41.0
48-49	37.80461943525767	40.0	36.5	41.0	32.5	41.0
50-51	37.681401444395945	40.0	36.0	41.0	32.0	41.0
52-53	37.54563123845888	39.5	35.5	41.0	32.0	41.0
54-55	37.38021489761496	39.0	35.0	41.0	32.0	41.0
56-57	37.20224550875231	39.0	35.0	41.0	32.0	41.0
58-59	37.00451534409396	39.0	35.0	41.0	31.0	41.0
60-61	36.796783792726714	38.0	35.0	41.0	31.0	41.0
62-63	36.565688889117595	37.5	35.0	40.0	31.0	41.0
64-65	36.33286554490083	37.0	35.0	40.0	31.0	41.0
66-67	36.08622260289802	36.5	35.0	40.0	31.0	41.0
68-69	35.86573335393939	36.0	35.0	39.0	31.0	41.0
70-71	35.69158132562602	36.0	34.5	39.0	31.0	41.0
72-73	35.51507647377879	35.0	34.0	38.5	31.0	40.5
74-75	35.422423713247454	35.0	34.0	37.5	31.0	40.0
76	34.8378341175961	35.0	34.0	37.0	30.0	39.0
>>END_MODULE
>>Per sequence quality scores	pass
#Quality	Count
13	3.0
14	33.0
15	96.0
16	168.0
17	181.0
18	246.0
19	759.0
20	6534.0
21	19762.0
22	39364.0
23	62373.0
24	89153.0
25	121228.0
26	155975.0
27	192306.0
28	233763.0
29	282067.0
30	336540.0
31	407139.0
32	498426.0
33	619591.0
34	805490.0
35	1108778.0
36	1668724.0
37	2687499.0
38	4194644.0
39	5902161.0
40	1787765.0
>>END_MODULE
>>Per base sequence content	fail
#Base	G	A	T	C
1	26.78812463086614	13.371417151796052	16.458127511991442	43.38233070534637
2	23.33445663212904	20.919813478049278	33.3503108377159	22.39541905210578
3	27.54389295098274	23.01781674639949	24.36936487760907	25.068925425008704
4	27.062999171290098	30.096609544792624	19.13782091516236	23.702570368754913
5	28.08853480080542	31.528926564564912	20.497741918528995	19.884796716100674
6	22.16154921508569	33.545057497032076	21.123278603030606	23.17011468485163
7	20.002586989038434	16.515709476794193	39.569241812813715	23.912461721353655
8	21.345789418088028	21.162631387499033	26.913629513213124	30.57794968119982
9	21.658285741598384	20.908638434311623	29.363656979756858	28.069418844333132
10-11	25.851341404567684	29.67976176943184	20.323272845233262	24.145623980767215
12-13	23.51165252939057	23.647790076863366	27.31240809702126	25.5281492967248
14-15	23.881194743776707	24.99299875831214	26.40289317254088	24.72291332537027
16-17	24.760236774138995	25.12576599474897	25.347864292251444	24.76613293886059
18-19	24.588649493222245	25.63643280963412	25.04260331172013	24.7323143854235
20-21	24.490684172220465	25.523951238488046	25.34791623567621	24.63744835361528
22-23	24.589042591312484	25.619150522112015	25.411667104351622	24.38013978222387
24-25	24.524550754291756	25.673739113400906	25.330837942561836	24.470872189745503
26-27	24.432238138664015	25.74738564518897	25.363357418415656	24.457018797731358
28-29	24.615165304058802	25.479281539875366	25.355268542576393	24.55028461348944
30-31	24.356158177456592	25.68708913194961	25.37433873234419	24.582413958249607
32-33	24.352191886447432	25.707587447600407	25.42051231124598	24.519708354706182
34-35	24.713654374204015	25.578081360693837	25.18065356880609	24.52761069629606
36-37	24.550588732367206	25.561784664122168	25.239520859499017	24.648105744011612
38-39	24.503657881665067	25.662960376801525	25.32439382066362	24.50898792086978
40-41	24.551204047166948	25.589792760952673	25.36304017023615	24.495963021644222
42-43	24.329037807504292	25.54418517488852	25.57891147712723	24.54786554047996
44-45	24.431057883565032	25.567770784430223	25.477239306743645	24.5239320252611
46-47	24.596200789886304	25.54577115708464	25.31463858438133	24.54338946864772
48-49	24.472890122867057	25.549129610208766	25.424697614897664	24.553282652026517
50-51	24.38934976282309	25.642223770851803	25.429938279835305	24.538488186489804
52-53	24.530455675623983	25.608028115138186	25.313495744477382	24.548020464760448
54-55	24.42589793786879	25.573302302001782	25.40499350111088	24.595806259018552
56-57	24.456953571062705	25.55703122921873	25.436398085345203	24.54961711437336
58-59	24.57991697187026	25.470600189534576	25.337163754493584	24.612319084101575
60-61	24.354691570061267	25.648252193224046	25.492898547322046	24.50415768939264
62-63	24.318242855286783	25.660170953175598	25.56516612606051	24.456420065477108
64-65	24.476241644522535	25.557976486077028	25.498066321072987	24.46771554832745
66-67	24.42093936441058	25.55781083765917	25.445659396137653	24.575590401792596
68-69	24.378545119456177	25.615315396288292	25.46799702720736	24.53814245704817
70-71	24.489942133602444	25.482198736824024	25.49991769227775	24.52794143729578
72-73	24.372719218438636	25.32854361707554	25.69833102480957	24.600406139676256
74-75	24.6065097211824	21.15926281728793	27.650127232894768	26.5841002286349
76	25.615748056323167	0.0	37.420051942134215	36.96420000154262
>>END_MODULE
>>Per sequence GC content	pass
#GC Content	Count
0	1185.0
1	975.0
2	715.5
3	662.5
4	681.0
5	793.5
6	978.5
7	1183.0
8	1392.5
9	1597.0
10	1915.5
11	2383.5
12	2821.0
13	3403.5
14	4336.5
15	5682.5
16	7490.5
17	9570.0
18	13482.5
19	20135.0
20	27942.5
21	35305.0
22	48100.0
23	69339.5
24	91124.0
25	110041.5
26	140871.5
27	185823.0
28	227325.0
29	258906.0
30	301865.0
31	358075.5
32	406108.5
33	439851.0
34	483022.5
35	539767.0
36	586151.0
37	618038.0
38	651045.0
39	693614.5
40	728397.0
41	757421.0
42	776759.0
43	786349.0
44	797924.0
45	798083.5
46	790568.0
47	802293.0
48	820063.5
49	828854.5
50	834045.0
51	843785.0
52	854241.5
53	853112.0
54	845114.5
55	831327.0
56	814213.5
57	794836.0
58	778410.0
59	759129.5
60	732137.0
61	688649.5
62	648452.5
63	599656.0
64	530649.5
65	472700.0
66	415117.5
67	371456.5
68	330153.0
69	277284.5
70	221356.0
71	180731.5
72	154456.0
73	125495.5
74	99650.5
75	82463.5
76	71490.0
77	59544.0
78	47394.0
79	38147.0
80	32389.0
81	26418.5
82	20852.5
83	16504.0
84	12685.5
85	8062.5
86	4835.0
87	3362.5
88	2388.0
89	1463.5
90	977.0
91	706.0
92	539.5
93	360.0
94	196.0
95	121.0
96	90.0
97	84.0
98	51.5
99	20.0
100	20.0
>>END_MODULE
>>Per base N content	pass
#Base	N-Count
1	0.11398739197374949
2	0.0025022657049923926
3	0.0034494510283510946
4	0.10724871032000349
5	0.03281219605247086
6	0.02632326973274483
7	0.03259542727200071
8	0.02711965938273299
9	0.028863234356079855
10-11	0.03393609505556067
12-13	0.02572951176884833
14-15	0.023036395289746346
16-17	0.0168985401470861
18-19	0.012442999235465936
20-21	0.01242088051105879
22-23	0.009215763080625196
24-25	0.008008091970542109
26-27	0.007026082365982376
28-29	0.004470502934414038
30-31	0.00461295957584593
32-33	0.004812576513463082
34-35	0.007661190670681506
36-37	0.0047825251505393945
38-39	0.004774993939977899
40-41	0.0035455905633181603
42-43	0.0022972951238592484
44-45	0.0015102225178505924
46-47	0.0016477222656495459
48-49	9.369504133179133E-4
50-51	0.0019575661255691293
52-53	0.001075822795250601
54-55	7.925703734847808E-4
56-57	8.562783552259963E-4
58-59	5.118373316559807E-4
60-61	3.1303724264275187E-4
62-63	6.323638865094119E-4
64-65	5.5662537877752E-4
66-67	2.840744167169199E-4
68-69	4.656089072397846E-4
70-71	1.59320828543802E-4
72-73	7.197972336157024E-5
74-75	0.0
76	0.0
>>END_MODULE
>>Sequence Length Distribution	warn
#Length	Count
20-21	10005.0
22-23	10614.0
24-25	11628.0
26-27	12984.0
28-29	14002.0
30-31	15109.0
32-33	16132.0
34-35	17622.0
36-37	18592.0
38-39	20372.0
40-41	21552.0
42-43	22782.0
44-45	24332.0
46-47	25979.0
48-49	27392.0
50-51	29571.0
52-53	32141.0
54-55	34736.0
56-57	37706.0
58-59	41851.0
60-61	46847.0
62-63	53425.0
64-65	63727.0
66-67	77888.0
68-69	100336.0
70-71	176393.0
72-73	873879.0
74-75	7585042.0
76-77	1.1798129E7
>>END_MODULE
>>Sequence Duplication Levels	pass
#Total Deduplicated Percentage	81.83738347911715
#Duplication Level	Percentage of deduplicated	Percentage of total
1	89.5093525376203	73.2521120858872
2	7.237705513562755	11.846297632447115
3	1.7289470611044349	4.244775109640886
4	0.6351453598812463	2.0791453752633373
5	0.28053483832371817	1.1479118571575129
6	0.16435884095927616	0.8070418497460508
7	0.10959402598975292	0.627822183236062
8	0.07077384424117189	0.4633556985164873
9	0.042493623063884954	0.3129810233486589
>10	0.19809131480295017	2.869013913738101
>50	0.013727772589351334	0.7739144950145046
>100	0.008835170377611414	1.3034378032659713
>500	3.850880941365909E-4	0.21959465638514197
>1k	5.50093895754454E-5	0.0525963163529679
>5k	0.0	0.0
>10k+	0.0	0.0
>>END_MODULE
>>Overrepresented sequences	pass
>>END_MODULE
>>Adapter Content	pass
#Position	Illumina Universal Adapter	Illumina Small RNA 3' Adapter	Illumina Small RNA 5' Adapter	Nextera Transposase Sequence	SOLID Small RNA Adapter
1	0.0	0.0	0.0	0.0	0.0
2	0.0	9.424729585658728E-6	0.0	2.356182396414682E-5	0.0
3	0.0	9.424729585658728E-6	0.0	2.356182396414682E-5	0.0
4	0.0	9.424729585658728E-6	0.0	2.356182396414682E-5	0.0
5	0.0	9.424729585658728E-6	0.0	2.356182396414682E-5	0.0
6	0.0	9.424729585658728E-6	0.0	2.356182396414682E-5	0.0
7	0.0	9.424729585658728E-6	0.0	2.356182396414682E-5	0.0
8	0.0	9.424729585658728E-6	0.0	2.8274188756976186E-5	0.0
9	0.0	9.424729585658728E-6	0.0	2.8274188756976186E-5	0.0
10	0.0	9.424729585658728E-6	0.0	3.298655354980555E-5	0.0
11	0.0	1.4137094378488093E-5	0.0	3.769891834263491E-5	0.0
12	0.0	1.8849459171317456E-5	0.0	3.769891834263491E-5	0.0
13	0.0	5.654837751395237E-5	0.0	3.769891834263491E-5	0.0
14	0.0	5.654837751395237E-5	0.0	3.769891834263491E-5	0.0
15	0.0	5.654837751395237E-5	0.0	3.769891834263491E-5	0.0
16	0.0	6.59731070996111E-5	0.0	3.769891834263491E-5	0.0
17	0.0	7.068547189244047E-5	0.0	3.769891834263491E-5	0.0
18	0.0	7.068547189244047E-5	0.0	3.769891834263491E-5	0.0
19	0.0	7.068547189244047E-5	0.0	4.241128313546428E-5	0.0
20	0.0	7.068547189244047E-5	0.0	4.712364792829364E-5	0.0
21	0.0	7.068547189244047E-5	0.0	4.712364792829364E-5	0.0
22	0.0	7.068547189244047E-5	0.0	4.712364792829364E-5	0.0
23	0.0	7.068547189244047E-5	0.0	4.712364792829364E-5	4.712364792829364E-6
24	0.0	7.068547189244047E-5	0.0	5.1836012721123007E-5	4.712364792829364E-6
25	0.0	7.068547189244047E-5	0.0	5.1836012721123007E-5	4.712364792829364E-6
26	0.0	7.539783668526982E-5	0.0	5.1836012721123007E-5	1.4137094378488093E-5
27	0.0	7.539783668526982E-5	0.0	5.1836012721123007E-5	1.4137094378488093E-5
28	0.0	7.539783668526982E-5	0.0	5.1836012721123007E-5	1.4137094378488093E-5
29	0.0	8.01102014780992E-5	0.0	5.1836012721123007E-5	1.4137094378488093E-5
30	0.0	8.01102014780992E-5	0.0	5.1836012721123007E-5	1.4137094378488093E-5
31	0.0	8.01102014780992E-5	0.0	5.1836012721123007E-5	1.8849459171317456E-5
32	0.0	9.424729585658728E-5	0.0	5.654837751395237E-5	1.8849459171317456E-5
33	0.0	9.424729585658728E-5	0.0	6.126074230678174E-5	1.8849459171317456E-5
34	0.0	9.895966064941664E-5	0.0	6.126074230678174E-5	1.8849459171317456E-5
35	0.0	1.0838439023507537E-4	0.0	6.126074230678174E-5	1.8849459171317456E-5
36	0.0	1.178091198207341E-4	0.0	6.126074230678174E-5	1.8849459171317456E-5
37	0.0	1.319462141992222E-4	0.0	6.59731070996111E-5	1.8849459171317456E-5
38	0.0	1.3665857899205155E-4	0.0	6.59731070996111E-5	1.8849459171317456E-5
39	0.0	1.4137094378488093E-4	0.0	7.068547189244047E-5	1.8849459171317456E-5
40	0.0	1.4137094378488093E-4	0.0	7.539783668526982E-5	1.8849459171317456E-5
41	0.0	1.460833085777103E-4	0.0	8.01102014780992E-5	1.8849459171317456E-5
42	0.0	1.5079567337053965E-4	0.0	8.01102014780992E-5	1.8849459171317456E-5
43	0.0	1.5079567337053965E-4	0.0	8.01102014780992E-5	1.8849459171317456E-5
44	0.0	1.602204029561984E-4	0.0	8.01102014780992E-5	1.8849459171317456E-5
45	0.0	1.696451325418571E-4	0.0	8.01102014780992E-5	1.8849459171317456E-5
46	0.0	1.7435749733468647E-4	0.0	8.953493106375793E-5	1.8849459171317456E-5
47	0.0	1.7906986212751585E-4	0.0	9.424729585658728E-5	1.8849459171317456E-5
48	0.0	1.7906986212751585E-4	0.0	9.895966064941664E-5	1.8849459171317456E-5
49	0.0	1.7906986212751585E-4	0.0	1.0367202544224601E-4	1.8849459171317456E-5
50	0.0	1.7906986212751585E-4	0.0	1.0367202544224601E-4	1.8849459171317456E-5
51	0.0	1.7906986212751585E-4	0.0	1.0367202544224601E-4	1.8849459171317456E-5
52	0.0	1.9791932129883328E-4	0.0	1.0367202544224601E-4	2.356182396414682E-5
53	0.0	1.9791932129883328E-4	0.0	1.0367202544224601E-4	2.356182396414682E-5
54	0.0	2.0263168609166267E-4	0.0	1.0367202544224601E-4	2.356182396414682E-5
55	0.0	2.0263168609166267E-4	0.0	1.0367202544224601E-4	2.356182396414682E-5
56	0.0	2.1205641567732138E-4	0.0	1.0367202544224601E-4	2.8274188756976186E-5
57	0.0	2.356182396414682E-4	0.0	1.0367202544224601E-4	2.8274188756976186E-5
58	0.0	2.4033060443429756E-4	0.0	1.0367202544224601E-4	2.8274188756976186E-5
59	0.0	2.4504296922712695E-4	0.0	1.0838439023507537E-4	2.8274188756976186E-5
60	0.0	2.4504296922712695E-4	0.0	1.0838439023507537E-4	2.8274188756976186E-5
61	0.0	2.5446769881278566E-4	0.0	1.2723384940639283E-4	2.8274188756976186E-5
62	0.0	2.638924283984444E-4	0.0	1.319462141992222E-4	2.8274188756976186E-5
63	0.0	2.8274188756976186E-4	0.0	1.319462141992222E-4	2.8274188756976186E-5
64	0.0	2.8274188756976186E-4	0.0	1.319462141992222E-4	2.8274188756976186E-5
65	0.0	2.874542523625912E-4	0.0	1.3665857899205155E-4	3.298655354980555E-5
>>END_MODULE
