##FastQC	0.11.7
>>Basic Statistics	pass
#Measure	Value
Filename	SRR656528_1_val_1.fq.gz
File type	Conventional base calls
Encoding	Sanger / Illumina 1.9
Total Sequences	41302890
Sequences flagged as poor quality	0
Sequence length	20-76
%GC	46
>>END_MODULE
>>Per base sequence quality	pass
#Base	Mean	Median	Lower Quartile	Upper Quartile	10th Percentile	90th Percentile
1	31.530017366823483	31.0	31.0	34.0	29.0	34.0
2	31.827247415374565	33.0	31.0	34.0	29.0	34.0
3	31.99045703581517	34.0	31.0	34.0	30.0	34.0
4	35.522178351200125	37.0	35.0	37.0	33.0	37.0
5	35.237663441952854	37.0	35.0	37.0	32.0	37.0
6	35.23048580862017	37.0	35.0	37.0	32.0	37.0
7	35.2547349592244	37.0	35.0	37.0	32.0	37.0
8	35.173621966889	37.0	35.0	37.0	32.0	37.0
9	36.77411975287928	39.0	37.0	39.0	32.0	39.0
10-11	36.83943648979527	39.0	37.0	39.0	32.0	39.0
12-13	36.71957691096192	39.0	37.0	39.0	32.0	39.0
14-15	37.76359695411145	40.0	37.0	41.0	32.0	41.0
16-17	37.7625308180614	40.0	37.0	41.0	32.0	41.0
18-19	37.91115392893815	40.0	37.0	41.0	32.0	41.0
20-21	37.80656145838152	40.0	37.0	41.0	32.0	41.0
22-23	37.7410640063015	40.0	37.0	41.0	31.5	41.0
24-25	37.57733959488851	40.0	37.0	41.0	31.0	41.0
26-27	37.32720301557779	40.0	36.5	41.0	30.5	41.0
28-29	37.12834403233701	40.0	36.0	41.0	30.0	41.0
30-31	37.167145544031115	40.0	36.5	41.0	30.0	41.0
32-33	37.15735837460267	40.0	36.0	41.0	30.0	41.0
34-35	37.05263375911501	40.0	36.0	41.0	30.0	41.0
36-37	37.02688837548105	40.0	36.0	41.0	30.0	41.0
38-39	37.0749182838767	40.0	36.0	41.0	30.0	41.0
40-41	37.03050950939113	40.0	36.0	41.0	30.0	41.0
42-43	37.03495999309021	39.0	36.0	41.0	30.0	41.0
44-45	37.02294197689377	39.0	36.0	41.0	30.0	41.0
46-47	36.91482904616642	39.0	35.0	41.0	30.0	41.0
48-49	36.88483897959138	39.0	35.0	41.0	30.0	41.0
50-51	35.926028466167836	38.0	34.0	39.5	29.0	40.5
52-53	36.0194305940651	38.0	34.5	39.5	29.0	40.5
54-55	36.479927398071254	38.5	35.0	40.0	30.0	41.0
56-57	36.38101740858084	38.0	35.0	40.0	30.0	41.0
58-59	36.20587367160654	38.0	34.0	40.0	29.0	41.0
60-61	35.98897624588451	38.0	34.0	40.0	29.0	41.0
62-63	35.711528286565226	37.0	34.0	40.0	29.0	41.0
64-65	35.50264831902723	37.0	34.0	40.0	29.0	41.0
66-67	35.423382984730665	36.5	34.0	39.0	29.0	41.0
68-69	35.077402435220534	36.0	33.5	39.0	29.0	40.5
70-71	34.87545187455578	35.5	33.0	39.0	29.0	40.0
72-73	34.81682830924358	35.0	33.0	38.0	29.0	40.0
74-75	34.74369165915566	35.0	33.0	37.5	30.0	39.5
76	32.36984387236159	33.0	30.0	35.0	26.0	38.0
>>END_MODULE
>>Per sequence quality scores	pass
#Quality	Count
6	1.0
7	0.0
8	5.0
9	2.0
10	2.0
11	3.0
12	5.0
13	7.0
14	14.0
15	39.0
16	82.0
17	191.0
18	508.0
19	3718.0
20	34748.0
21	95317.0
22	177752.0
23	266530.0
24	355102.0
25	446990.0
26	541935.0
27	642932.0
28	753172.0
29	860567.0
30	994752.0
31	1167059.0
32	1394579.0
33	1688468.0
34	2089691.0
35	2669479.0
36	3613256.0
37	5253621.0
38	8013604.0
39	9835768.0
40	402991.0
>>END_MODULE
>>Per base sequence content	fail
#Base	G	A	T	C
1	23.971783964480327	18.046524639146487	12.628272202056777	45.35341919431641
2	20.74386240124846	23.94723623541755	34.43867805922981	20.870223304104183
3	24.15130509667286	22.54537626573274	28.46740120180812	24.835917435786286
4	25.448885723705388	29.332051708454475	20.357870218409367	24.86119234943077
5	25.2845272702817	29.71599742620017	26.120108235311225	18.879367068206907
6	22.25677489694153	32.99534292013459	21.70395658664788	23.043925596276
7	21.888255275144992	18.39419329211412	37.978772452956015	21.738778979784872
8	19.27149113714001	23.134886196008722	30.7605417501675	26.83308091668376
9	20.699225149757154	25.24948870055471	29.81355884999098	24.237727299697156
10-11	24.84033737563836	29.949103094970813	22.81907872733827	22.39148080205256
12-13	21.79194393210157	23.723632670035116	27.695720997072026	26.788702400791287
14-15	23.141680465033325	25.28554544076187	28.162506705078854	23.41026738912595
16-17	22.463121220135562	25.7839274714444	27.307842714105224	24.445108594314817
18-19	21.994633817607205	25.772151851536062	27.817310826018087	24.415903504838646
20-21	24.58114073878706	26.213341335058132	26.822243184069407	22.38327474208541
22-23	22.566513102764738	26.50563222107666	27.30267876242623	23.625175913732374
24-25	23.23078678500023	26.20407263247429	28.21496570680539	22.35017487572009
26-27	23.12036804650235	27.843486478933006	26.19915259164724	22.836992882917407
28-29	22.730546011113457	27.8825213490827	26.45721487513615	22.929717764667696
30-31	22.70517305045808	27.22939164823373	26.40766742813878	23.657767873169405
32-33	22.829472935746235	27.485788718449793	26.729051575168523	22.95568677063545
34-35	23.581650307423327	27.30575859221458	26.360584573224237	22.75200652713786
36-37	23.243440701032643	26.713847738393646	26.442902469307512	23.599809091266195
38-39	23.08536380060959	26.85817219577232	26.673389712244784	23.383074291373315
40-41	23.023438603049982	27.27743908074033	26.252457634508396	23.446664681701293
42-43	23.12641037736188	26.369151341177137	27.474045876926116	23.03039240453487
44-45	22.37514789249608	26.32412479164768	27.5198711672028	23.780856148653434
46-47	23.480268388271966	26.853484921509285	26.796786100558496	22.86946058966025
48-49	22.603508021028016	27.17396301854124	26.72043236773482	23.502096592695924
50-51	22.785686590783012	26.192561963633153	27.610442506004418	23.411308939579417
52-53	22.8463786718599	26.85420079171015	26.66461612898012	23.634804407449828
54-55	23.45881979007111	26.618456792180666	27.03831666987147	22.884406747876753
56-57	22.411719382309332	26.81032318366863	27.14658542327107	23.631372010750976
58-59	22.603883292174444	27.142600915308872	26.795689869044665	23.45782592347202
60-61	23.77944268211981	26.732440703789802	26.54257651372392	22.945540100366465
62-63	22.651415098360026	27.28805839140163	27.324337922713955	22.736188587524385
64-65	22.644791469799628	26.50293118042099	27.375271638471755	23.477005711307623
66-67	22.563256835550277	27.766950573145433	26.836533365711034	22.83325922559326
68-69	22.60765353903908	26.989415251326992	27.242140992115154	23.160790217518773
70-71	22.539833947713195	26.802157371745388	27.30543842521299	23.352570255328427
72-73	22.982536811093404	26.56247347578635	27.342592493578117	23.11239721954213
74-75	22.48910196253515	23.462249886343724	29.434165971376764	24.614482179744364
76	24.51048579342085	0.0	40.731265463501174	34.75824874307798
>>END_MODULE
>>Per sequence GC content	pass
#GC Content	Count
0	5496.0
1	4193.5
2	3209.5
3	3648.0
4	3846.5
5	4301.5
6	5117.0
7	5996.0
8	7023.0
9	8215.5
10	9541.0
11	11325.5
12	13100.5
13	15509.5
14	19440.5
15	24930.5
16	32022.5
17	39827.0
18	53528.0
19	75201.5
20	100443.5
21	125092.5
22	163169.5
23	224145.0
24	286596.5
25	338328.5
26	414627.0
27	522393.5
28	620904.5
29	695221.5
30	784507.0
31	899190.0
32	1000492.5
33	1069172.0
34	1148477.5
35	1242895.5
36	1315449.5
37	1365968.0
38	1412779.5
39	1475975.0
40	1536512.5
41	1593988.5
42	1638786.5
43	1712361.0
44	1957801.5
45	2173114.5
46	2415762.5
47	2643824.5
48	2552284.0
49	2491021.5
50	2265080.5
51	1844678.5
52	1619033.0
53	1710680.5
54	1856349.5
55	1808843.5
56	1765385.0
57	1713916.5
58	1443183.0
59	1163178.0
60	1082935.5
61	995753.5
62	927734.0
63	855455.5
64	758033.0
65	668518.0
66	569280.5
67	497568.0
68	440615.0
69	364451.0
70	288311.5
71	235904.0
72	197614.5
73	152607.0
74	113650.5
75	89408.5
76	73341.0
77	55376.0
78	40365.0
79	31007.5
80	24413.0
81	18117.5
82	13645.0
83	10308.5
84	7724.5
85	5617.0
86	4202.5
87	3362.5
88	2596.5
89	1905.5
90	1496.5
91	1227.5
92	1088.5
93	786.0
94	429.0
95	285.0
96	221.5
97	207.0
98	127.0
99	47.5
100	48.0
>>END_MODULE
>>Per base N content	pass
#Base	N-Count
1	0.13967787726234168
2	0.0128465586790658
3	0.0027165169313817994
4	0.015386332530241832
5	0.09912139320033053
6	0.01968143149305049
7	0.021105060687036672
8	0.02273690775633376
9	0.026729364458516102
10-11	0.00781422316937144
12-13	0.007178674422056181
14-15	0.005103759083202168
16-17	0.004772063165555728
18-19	0.0026354088055339465
20-21	0.0018852640938349038
22-23	0.0024711423578241618
24-25	0.002402684757727004
26-27	0.0029516329592607915
28-29	0.001809579223284081
30-31	7.889099227061093E-4
32-33	0.0011384715633874368
34-35	0.0012140653449508152
36-37	0.0013745768380448923
38-39	0.001712004730024497
40-41	0.00178945337593289
42-43	0.0018308095085784195
44-45	0.0015960315530679527
46-47	7.459806068015336E-4
48-49	5.400656230241709E-4
50-51	3.523851330766851E-4
52-53	5.678500308851673E-4
54-55	0.0023830515172719824
56-57	0.0010372702126862602
58-59	5.27485542025522E-4
60-61	0.0019488124989070444
62-63	0.013919823881213279
64-65	0.0075547952913527896
66-67	0.003176140450106546
68-69	0.001731138592233952
70-71	5.037136710157026E-4
72-73	2.8554233619860312E-5
74-75	0.0
76	0.0
>>END_MODULE
>>Sequence Length Distribution	warn
#Length	Count
20-21	531993.0
22-23	79473.0
24-25	809286.0
26-27	100873.0
28-29	82621.0
30-31	101510.0
32-33	118679.0
34-35	98619.0
36-37	99832.0
38-39	121881.0
40-41	131373.0
42-43	116130.0
44-45	139459.0
46-47	127102.0
48-49	155144.0
50-51	141494.0
52-53	174292.0
54-55	186711.0
56-57	195707.0
58-59	254116.0
60-61	225059.0
62-63	238137.0
64-65	399471.0
66-67	386776.0
68-69	433828.0
70-71	562602.0
72-73	1846661.0
74-75	1.2805947E7
76-77	2.0638114E7
>>END_MODULE
>>Sequence Duplication Levels	warn
#Total Deduplicated Percentage	65.7925147807898
#Duplication Level	Percentage of deduplicated	Percentage of total
1	80.43266266555042	52.91867147281506
2	11.501313669189154	15.134006991572543
3	4.134745164943118	8.16105847137958
4	1.8066324033706866	4.754515564088788
5	0.8617785592390366	2.8349289298251024
6	0.4520421231319868	1.7844592840620506
7	0.25287258665505497	1.1645986376611477
8	0.14048957600634945	0.7394530004755712
9	0.09913668865720975	0.5870206848418226
>10	0.29293891581560183	3.117691983417982
>50	0.015560809603863218	0.709852343942947
>100	0.00916145809658173	1.1047195101338594
>500	3.784281141486639E-4	0.1581250754853911
>1k	2.072644889862071E-4	0.24879271112807294
>5k	0.0	0.0
>10k+	7.96871379260321E-5	6.582105339170139
>>END_MODULE
>>Overrepresented sequences	fail
#Sequence	Count	Percentage	Possible Source
CGTATGCCGTCTTCTGCTTG	423696	1.0258265220666156	No Hit
AATCTCGTATGCCGTCTTCTGCTTG	396198	0.9592500670049966	Illumina Paired End PCR Primer 2 (96% over 25bp)
AATCTCGTATGCCGTCTTCTGCTT	296783	0.7185526242836761	Illumina Paired End PCR Primer 2 (95% over 24bp)
>>END_MODULE
>>Adapter Content	pass
#Position	Illumina Universal Adapter	Illumina Small RNA 3' Adapter	Illumina Small RNA 5' Adapter	Nextera Transposase Sequence	SOLID Small RNA Adapter
1	0.0	0.0	0.0	0.0	0.0
2	0.0	0.0	0.0	9.684552340042065E-6	0.0
3	0.0	0.0	0.0	1.210569042505258E-5	0.0
4	0.0	0.0	0.0	1.4526828510063098E-5	7.263414255031549E-6
5	0.0	0.0	0.0	1.936910468008413E-5	7.263414255031549E-6
6	0.0	0.0	0.0	1.936910468008413E-5	7.263414255031549E-6
7	0.0	0.0	0.0	1.936910468008413E-5	7.263414255031549E-6
8	0.0	0.0	0.0	1.936910468008413E-5	7.263414255031549E-6
9	0.0	0.0	0.0	2.663251893511568E-5	7.263414255031549E-6
10	0.0	9.684552340042065E-6	0.0	3.389593319014723E-5	7.263414255031549E-6
11	0.0	9.684552340042065E-6	0.0	3.389593319014723E-5	9.684552340042065E-6
12	2.4211380850105163E-6	9.684552340042065E-6	0.0	3.389593319014723E-5	1.210569042505258E-5
13	2.4211380850105163E-6	2.1790242765094644E-5	0.0	3.873820936016826E-5	1.210569042505258E-5
14	2.4211380850105163E-6	2.1790242765094644E-5	0.0	3.873820936016826E-5	1.210569042505258E-5
15	7.263414255031549E-6	2.1790242765094644E-5	0.0	3.873820936016826E-5	1.210569042505258E-5
16	7.263414255031549E-6	5.326503787023136E-5	0.0	3.873820936016826E-5	1.6947966595073613E-5
17	9.684552340042065E-6	5.326503787023136E-5	0.0	5.5686175955241874E-5	2.1790242765094644E-5
18	9.684552340042065E-6	5.326503787023136E-5	0.0	5.810731404025239E-5	2.1790242765094644E-5
19	9.684552340042065E-6	5.326503787023136E-5	0.0	5.810731404025239E-5	2.1790242765094644E-5
20	9.684552340042065E-6	5.810731404025239E-5	0.0	6.537072829528394E-5	2.1790242765094644E-5
21	1.210569042505258E-5	5.810731404025239E-5	0.0	6.537072829528394E-5	2.1790242765094644E-5
22	1.210569042505258E-5	6.294959021027342E-5	0.0	6.537072829528394E-5	2.421138085010516E-5
23	1.4526828510063098E-5	6.294959021027342E-5	0.0	8.716097106037858E-5	2.421138085010516E-5
24	1.4526828510063098E-5	6.294959021027342E-5	0.0	1.0653007574046271E-4	2.421138085010516E-5
25	3.147479510513671E-5	6.537072829528394E-5	0.0	1.0653007574046271E-4	2.421138085010516E-5
26	3.389593319014723E-5	6.537072829528394E-5	0.0	1.1379348999549427E-4	2.421138085010516E-5
27	3.389593319014723E-5	6.537072829528394E-5	0.0	1.1379348999549427E-4	2.421138085010516E-5
28	3.389593319014723E-5	6.779186638029445E-5	0.0	1.4768942318564148E-4	2.9053657020126196E-5
29	3.389593319014723E-5	6.779186638029445E-5	0.0	1.50110561270652E-4	2.9053657020126196E-5
30	3.389593319014723E-5	6.779186638029445E-5	0.0	1.7190080403574665E-4	2.9053657020126196E-5
31	3.389593319014723E-5	6.779186638029445E-5	0.0	1.7432194212075715E-4	2.9053657020126196E-5
32	4.115934744517878E-5	7.5055280635326E-5	0.0	1.8642763254580975E-4	3.147479510513671E-5
33	4.115934744517878E-5	7.5055280635326E-5	0.0	1.8642763254580975E-4	3.389593319014723E-5
34	4.115934744517878E-5	7.5055280635326E-5	0.0	1.8884877063082026E-4	4.115934744517878E-5
35	4.115934744517878E-5	7.747641872033652E-5	0.0	2.1306015148092543E-4	4.358048553018929E-5
36	4.115934744517878E-5	7.747641872033652E-5	0.0	2.1790242765094646E-4	4.358048553018929E-5
37	4.358048553018929E-5	8.716097106037858E-5	0.0	2.4937722275608317E-4	4.358048553018929E-5
38	4.358048553018929E-5	8.716097106037858E-5	0.0	2.4937722275608317E-4	4.358048553018929E-5
39	4.358048553018929E-5	8.716097106037858E-5	0.0	2.4937722275608317E-4	4.358048553018929E-5
40	4.358048553018929E-5	8.716097106037858E-5	0.0	2.4937722275608317E-4	4.358048553018929E-5
41	4.358048553018929E-5	8.95821091453891E-5	0.0	2.4937722275608317E-4	5.084389978522084E-5
42	4.358048553018929E-5	8.95821091453891E-5	0.0	2.6390405126614625E-4	5.084389978522084E-5
43	4.358048553018929E-5	8.95821091453891E-5	0.0	2.663251893511568E-4	5.326503787023136E-5
44	4.358048553018929E-5	8.95821091453891E-5	0.0	2.735886036061883E-4	5.326503787023136E-5
45	4.358048553018929E-5	8.95821091453891E-5	0.0	2.735886036061883E-4	5.326503787023136E-5
46	4.358048553018929E-5	8.95821091453891E-5	0.0	2.760097416911989E-4	5.326503787023136E-5
47	4.358048553018929E-5	8.95821091453891E-5	0.0	2.760097416911989E-4	5.326503787023136E-5
48	4.358048553018929E-5	8.95821091453891E-5	0.0	2.760097416911989E-4	5.5686175955241874E-5
49	5.810731404025239E-5	8.95821091453891E-5	0.0	2.808520178612199E-4	5.5686175955241874E-5
50	6.052845212526291E-5	8.95821091453891E-5	0.0	2.856942940312409E-4	5.5686175955241874E-5
51	6.052845212526291E-5	8.95821091453891E-5	0.0	2.856942940312409E-4	5.5686175955241874E-5
52	6.294959021027342E-5	9.926666148543116E-5	0.0	2.856942940312409E-4	5.5686175955241874E-5
53	6.294959021027342E-5	1.0653007574046271E-4	0.0	3.123268129663566E-4	5.810731404025239E-5
54	6.294959021027342E-5	1.0653007574046271E-4	0.0	3.123268129663566E-4	5.810731404025239E-5
55	6.294959021027342E-5	1.0653007574046271E-4	0.0	3.123268129663566E-4	6.294959021027342E-5
56	6.294959021027342E-5	1.1137235191048375E-4	0.0	3.123268129663566E-4	6.294959021027342E-5
57	6.294959021027342E-5	1.1137235191048375E-4	0.0	3.123268129663566E-4	6.537072829528394E-5
58	6.294959021027342E-5	1.1379348999549427E-4	0.0	3.1959022722138816E-4	6.537072829528394E-5
59	6.294959021027342E-5	1.1379348999549427E-4	0.0	3.438016080714933E-4	6.537072829528394E-5
60	6.294959021027342E-5	1.1621462808050478E-4	0.0	3.5106502232652487E-4	6.537072829528394E-5
61	6.294959021027342E-5	1.1621462808050478E-4	0.0	3.5106502232652487E-4	6.537072829528394E-5
62	6.294959021027342E-5	1.1621462808050478E-4	0.0	3.583284365815564E-4	6.537072829528394E-5
63	6.294959021027342E-5	1.2347804233553633E-4	0.0	3.70434127006609E-4	6.537072829528394E-5
64	6.294959021027342E-5	1.4284714701562044E-4	0.0	3.70434127006609E-4	6.537072829528394E-5
65	6.537072829528394E-5	1.5737397552568355E-4	0.0	3.728552650916195E-4	6.779186638029445E-5
>>END_MODULE
