##FastQC	0.11.7
>>Basic Statistics	pass
#Measure	Value
Filename	SRR655277_1_val_1.fq.gz
File type	Conventional base calls
Encoding	Sanger / Illumina 1.9
Total Sequences	45644642
Sequences flagged as poor quality	0
Sequence length	20-76
%GC	47
>>END_MODULE
>>Per base sequence quality	pass
#Base	Mean	Median	Lower Quartile	Upper Quartile	10th Percentile	90th Percentile
1	32.04069053712811	33.0	31.0	34.0	30.0	34.0
2	32.30304183347522	34.0	31.0	34.0	30.0	34.0
3	32.45817688744278	34.0	31.0	34.0	30.0	34.0
4	35.93246466912809	37.0	35.0	37.0	35.0	37.0
5	35.75147527720778	37.0	35.0	37.0	33.0	37.0
6	35.70168757156645	37.0	35.0	37.0	33.0	37.0
7	35.70637979809328	37.0	35.0	37.0	33.0	37.0
8	35.651583267976996	37.0	35.0	37.0	33.0	37.0
9	37.31378789212543	39.0	37.0	39.0	34.0	39.0
10-11	37.40936403882848	39.0	37.0	39.0	34.0	39.0
12-13	37.27166004500594	39.0	37.0	39.0	33.5	39.0
14-15	38.569599691459956	40.0	38.0	41.0	33.5	41.0
16-17	38.52393026765332	40.0	38.0	41.0	33.0	41.0
18-19	38.52469283251252	40.0	38.0	41.0	34.0	41.0
20-21	38.46406434711095	40.0	38.0	41.0	34.0	41.0
22-23	38.33935044103433	40.0	38.0	41.0	33.0	41.0
24-25	38.29681294546251	40.0	38.0	41.0	33.0	41.0
26-27	38.226883213516224	40.0	38.0	41.0	33.0	41.0
28-29	38.196464765568265	40.0	38.0	41.0	33.0	41.0
30-31	38.26415742822197	40.0	38.0	41.0	33.0	41.0
32-33	38.11551669483352	40.0	38.0	41.0	33.0	41.0
34-35	38.03220905398997	40.0	38.0	41.0	33.0	41.0
36-37	37.996002115569155	40.0	38.0	41.0	33.0	41.0
38-39	38.009920042787584	40.0	38.0	41.0	33.0	41.0
40-41	37.975775899498714	40.0	37.0	41.0	33.0	41.0
42-43	37.997846678309074	40.0	37.0	41.0	33.0	41.0
44-45	37.912099175395696	40.0	37.0	41.0	33.0	41.0
46-47	37.74571106718804	40.0	37.0	41.0	32.0	41.0
48-49	37.6596742248194	40.0	36.5	41.0	32.0	41.0
50-51	36.74934096101302	39.0	35.0	40.0	31.0	40.5
52-53	36.84469000941953	38.5	35.0	40.0	31.0	40.5
54-55	37.28087044382518	39.0	35.0	41.0	31.5	41.0
56-57	37.21450111799278	39.0	35.0	41.0	32.0	41.0
58-59	36.99171828328744	39.0	35.0	40.5	31.0	41.0
60-61	36.73794551122075	38.0	35.0	40.0	31.0	41.0
62-63	36.45433756147011	38.0	35.0	40.0	31.0	41.0
64-65	36.199887425604885	37.0	35.0	40.0	31.0	41.0
66-67	35.980828129801154	37.0	34.0	39.5	30.5	41.0
68-69	35.67487960041902	36.0	34.0	39.0	30.0	41.0
70-71	35.388128875841296	36.0	34.0	39.0	30.0	40.5
72-73	35.201260281332466	35.0	34.0	38.5	30.0	40.0
74-75	35.09423978886716	35.0	34.0	37.5	30.5	39.5
76	33.30114903506171	34.0	31.0	36.0	27.0	38.0
>>END_MODULE
>>Per sequence quality scores	pass
#Quality	Count
15	2.0
16	1.0
17	11.0
18	94.0
19	1273.0
20	17004.0
21	54546.0
22	108185.0
23	165869.0
24	225558.0
25	290037.0
26	354848.0
27	426019.0
28	508279.0
29	601245.0
30	724903.0
31	886171.0
32	1103804.0
33	1412062.0
34	1889454.0
35	2634194.0
36	3962969.0
37	6343656.0
38	9914538.0
39	1.2873509E7
40	1146411.0
>>END_MODULE
>>Per base sequence content	fail
#Base	G	A	T	C
1	25.919192393689855	14.90833231992547	19.142823777226464	40.02965150915821
2	22.734206738589073	20.941587350107127	34.557517621877345	21.766688289426455
3	26.270841399315	23.97129087117948	27.223663384447967	22.534204345057553
4	25.908537298885005	30.45664734057729	21.1184822657674	22.516333094770296
5	26.751248627991203	32.19539706320812	22.083842626139617	18.969511682661064
6	21.404559135925165	34.28133576960371	21.536117122561052	22.77798797191008
7	18.84002909434698	16.836196368307053	41.20024062275521	23.12353391459075
8	20.707164428289925	22.312649810021735	27.115785370501328	29.86440039118701
9	20.675316384076197	21.786223863882466	30.043205499491222	27.495254252550115
10-11	24.909227823434957	30.43171356061291	20.893396886801405	23.76566172915073
12-13	22.640406401921325	24.115223673214263	28.559357375976003	24.685012548888412
14-15	22.738794116202058	25.979341386682403	27.745439271170685	23.536425225944853
16-17	23.481477283166168	26.10062270274448	26.664988622593906	23.752911391495445
18-19	23.477942219718187	26.56711331788672	26.375956463446364	23.578987998948726
20-21	23.42618109606444	26.477490370871866	26.539644844850148	23.55668368821355
22-23	23.460017845705945	26.735395781330553	26.464737625611907	23.339848747351596
24-25	23.384035533280105	26.685070513185146	26.54147192323817	23.389422030296583
26-27	23.310352794952752	26.67552152614876	26.54437552979532	23.46975014910317
28-29	23.49427430481655	26.63821714660416	26.44425453769193	23.42325401088737
30-31	23.2250333463741	26.710180512691423	26.610557257407603	23.45422888352687
32-33	23.206486074315066	26.714955893684017	26.639312150339055	23.43924588166186
34-35	23.53807037300336	26.630544273946665	26.49183277748504	23.33955257556493
36-37	23.354485552611322	26.632814991702467	26.54674789402625	23.46595156165996
38-39	23.362229380991177	26.682706213570185	26.613911309538114	23.34115309590052
40-41	23.42475456585792	26.681394367395196	26.538595275056977	23.355255791689906
42-43	23.15451777242929	26.756254043906225	26.761873023929684	23.327355159734804
44-45	23.25310133616997	26.678530591844513	26.752822746140847	23.31554532584467
46-47	23.397748552698673	26.631369456013744	26.601387645653134	23.369494345634454
48-49	23.295950806338663	26.664747614898772	26.696711020374746	23.34259055838782
50-51	23.26038152232928	26.73772707738909	26.666251116539897	23.335640283741732
52-53	23.274456503974154	26.80440655995593	26.505990947680917	23.415145988389
54-55	23.201683715460337	26.735445276947157	26.66020200909387	23.402668998498637
56-57	23.240404089171818	26.610045388004295	26.74680123592566	23.402749286898228
58-59	23.27206081697333	26.651902898538697	26.694003971113588	23.38203231337438
60-61	23.222966377190275	26.695414670436197	26.70912456187257	23.372494390500957
62-63	23.130222896378825	26.826948616997893	26.812024420553094	23.23080406607019
64-65	23.1971403184873	26.724731971777477	26.797732982984733	23.280394726750483
66-67	23.087960326141204	26.857625773208348	26.72358282984499	23.330831070805463
68-69	23.20289168520019	26.85932588107594	26.731712526256985	23.20606990746689
70-71	23.12584007697714	26.803383897417195	26.813334297143697	23.25744172846197
72-73	23.0186194599777	26.68667401140755	26.900647722075345	23.394058806539405
74-75	23.09387163119799	23.320955642211203	28.748473547609677	24.83669917898113
76	24.168295483855793	0.0	40.466946963514054	35.36475755263015
>>END_MODULE
>>Per sequence GC content	pass
#GC Content	Count
0	3828.0
1	2758.5
2	1988.0
3	2404.5
4	2629.5
5	2992.5
6	3538.5
7	4174.0
8	4822.0
9	5532.0
10	6563.0
11	8053.5
12	9391.5
13	11214.5
14	14647.0
15	19483.0
16	25122.5
17	31036.0
18	44011.5
19	66286.5
20	90925.5
21	113214.5
22	150909.5
23	212817.5
24	273909.0
25	322569.0
26	396956.5
27	504537.5
28	606942.0
29	686243.0
30	784540.5
31	913112.0
32	1030869.5
33	1117192.5
34	1216880.0
35	1345279.5
36	1443971.0
37	1511924.0
38	1591525.5
39	1712922.5
40	1815384.5
41	1893672.5
42	1949590.5
43	1987066.5
44	2034669.5
45	2066163.5
46	2066257.5
47	2051150.5
48	2016961.5
49	1952020.5
50	1902364.0
51	1878408.5
52	1816493.5
53	1738313.0
54	1704143.5
55	1641556.0
56	1570342.0
57	1495197.5
58	1421630.5
59	1335765.0
60	1226050.5
61	1127439.5
62	1051749.0
63	978793.0
64	868609.5
65	757553.5
66	638125.0
67	555724.5
68	493999.0
69	407297.0
70	319284.0
71	261669.0
72	218773.5
73	164726.0
74	119273.5
75	92860.0
76	75590.0
77	55252.5
78	38833.5
79	29130.5
80	22460.0
81	15521.0
82	10660.0
83	7387.0
84	5099.5
85	3285.5
86	2286.5
87	1813.0
88	1390.5
89	961.5
90	707.5
91	583.5
92	524.5
93	380.0
94	204.5
95	128.0
96	96.5
97	90.0
98	59.5
99	30.5
100	32.0
>>END_MODULE
>>Per base N content	pass
#Base	N-Count
1	0.19450694782533293
2	0.0030189742752281855
3	0.0062504598020508085
4	0.02257000942191638
5	0.029701185957379184
6	0.003617072952396034
7	0.0030912719175232
8	0.0021908376453034727
9	0.0025128907791630833
10-11	0.002136066704170886
12-13	0.002534799155616118
14-15	0.0010614608391495326
16-17	5.060834960651022E-4
18-19	0.0021338758665255825
20-21	5.368599613062018E-4
22-23	5.109586541577117E-4
24-25	9.579072826728102E-4
26-27	9.44419838281061E-5
28-29	4.66050645174023E-4
30-31	1.1881900771430207E-4
32-33	1.2115333080739652E-5
34-35	1.2349596115831493E-4
36-37	0.0010872514425922573
38-39	3.9560007409434684E-4
40-41	2.3455338711686756E-4
42-43	1.3410171027336578E-4
44-45	3.385178432422205E-4
46-47	6.514600620741386E-4
48-49	0.004694383913064687
50-51	0.007749119202976814
52-53	0.005197330956559209
54-55	7.567142861220671E-4
56-57	0.0012664391570603405
58-59	0.008678987590869219
60-61	0.019160862008382084
62-63	0.015684905032789194
64-65	0.004477721125758975
66-67	0.0015047978960168705
68-69	9.918245710175484E-4
70-71	6.045892779852925E-4
72-73	0.002835442236892668
74-75	0.0
76	0.0
>>END_MODULE
>>Sequence Length Distribution	warn
#Length	Count
20-21	35133.0
22-23	33121.0
24-25	35817.0
26-27	42310.0
28-29	39879.0
30-31	46734.0
32-33	54401.0
34-35	47473.0
36-37	49175.0
38-39	53707.0
40-41	76773.0
42-43	63254.0
44-45	72079.0
46-47	77494.0
48-49	86770.0
50-51	68750.0
52-53	73420.0
54-55	90159.0
56-57	100783.0
58-59	112711.0
60-61	120514.0
62-63	140135.0
64-65	177295.0
66-67	222650.0
68-69	293722.0
70-71	459930.0
72-73	1780703.0
74-75	1.4744691E7
76-77	2.6445059E7
>>END_MODULE
>>Sequence Duplication Levels	warn
#Total Deduplicated Percentage	67.43067442261926
#Duplication Level	Percentage of deduplicated	Percentage of total
1	83.2310182595104	56.12323694120125
2	11.114318433631217	14.988919754550045
3	3.040638555540764	6.150969254265978
4	1.099861457232329	2.96657599330483
5	0.5277240166250401	1.7792393175019998
6	0.2760351254232363	1.1167940802972671
7	0.16683078313533267	0.7874658554888451
8	0.11123367673551582	0.6000449472626757
9	0.06898056245870525	0.4186265263777896
>10	0.3026483801054102	3.5212827850677537
>50	0.02543100066193231	1.2030598181365553
>100	0.026593491502121886	3.9243802622568853
>500	0.005246895104599175	2.5008231019779745
>1k	0.003428303820169884	3.870097053300496
>5k	1.105851323247374E-5	0.04848430900962319
>10k+	0.0	0.0
>>END_MODULE
>>Overrepresented sequences	pass
>>END_MODULE
>>Adapter Content	pass
#Position	Illumina Universal Adapter	Illumina Small RNA 3' Adapter	Illumina Small RNA 5' Adapter	Nextera Transposase Sequence	SOLID Small RNA Adapter
1	2.1908376453034728E-6	0.0	0.0	4.3816752906069455E-6	2.1908376453034728E-6
2	2.1908376453034728E-6	2.40992140983382E-5	0.0	5.0389265841979874E-5	2.1908376453034728E-6
3	2.1908376453034728E-6	2.6290051743641673E-5	0.0	5.696177877789029E-5	2.1908376453034728E-6
4	2.1908376453034728E-6	2.6290051743641673E-5	0.0	7.667931758562155E-5	2.1908376453034728E-6
5	2.1908376453034728E-6	2.6290051743641673E-5	0.0	7.887015523092502E-5	4.3816752906069455E-6
6	2.1908376453034728E-6	2.6290051743641673E-5	0.0	8.325183052153197E-5	6.572512935910418E-6
7	2.1908376453034728E-6	3.286256467955209E-5	0.0	9.201518110274586E-5	6.572512935910418E-6
8	2.1908376453034728E-6	3.5053402324855564E-5	0.0	1.1392355755578058E-4	6.572512935910418E-6
9	2.1908376453034728E-6	3.5053402324855564E-5	0.0	1.2487774578229794E-4	6.572512935910418E-6
10	2.1908376453034728E-6	3.5053402324855564E-5	0.0	1.2487774578229794E-4	6.572512935910418E-6
11	4.3816752906069455E-6	3.724423997015904E-5	0.0	1.2706858342760143E-4	6.572512935910418E-6
12	4.3816752906069455E-6	4.162591526076598E-5	0.0	1.3145025871820837E-4	1.3145025871820837E-5
13	4.3816752906069455E-6	4.3816752906069455E-5	0.0	1.4897695988063615E-4	1.3145025871820837E-5
14	4.3816752906069455E-6	4.3816752906069455E-5	0.0	1.4897695988063615E-4	1.3145025871820837E-5
15	4.3816752906069455E-6	4.600759055137293E-5	0.0	2.1251125159443688E-4	1.3145025871820837E-5
16	4.3816752906069455E-6	5.0389265841979874E-5	0.0	2.2127460217565077E-4	1.3145025871820837E-5
17	4.3816752906069455E-6	5.2580103487283346E-5	0.0	2.4099214098338202E-4	1.3145025871820837E-5
18	4.3816752906069455E-6	5.2580103487283346E-5	0.0	2.607096797911133E-4	1.9717538807731255E-5
19	6.572512935910418E-6	5.2580103487283346E-5	0.0	2.738547056629341E-4	1.9717538807731255E-5
20	6.572512935910418E-6	5.696177877789029E-5	0.0	2.82618056244148E-4	1.9717538807731255E-5
21	6.572512935910418E-6	6.353429171380072E-5	0.0	2.8480889388945145E-4	1.9717538807731255E-5
22	6.572512935910418E-6	6.791596700440766E-5	0.0	2.979539197612723E-4	1.9717538807731255E-5
23	6.572512935910418E-6	7.010680464971113E-5	0.0	3.067172703424862E-4	1.9717538807731255E-5
24	6.572512935910418E-6	7.010680464971113E-5	0.0	3.220531338596105E-4	1.9717538807731255E-5
25	6.572512935910418E-6	7.229764229501461E-5	0.0	3.3738899737673485E-4	1.9717538807731255E-5
26	6.572512935910418E-6	7.229764229501461E-5	0.0	3.417706726673418E-4	2.1908376453034728E-5
27	6.572512935910418E-6	7.448847994031807E-5	0.0	3.417706726673418E-4	2.1908376453034728E-5
28	6.572512935910418E-6	7.667931758562155E-5	0.0	3.483431856032522E-4	2.1908376453034728E-5
29	6.572512935910418E-6	7.887015523092502E-5	0.0	3.5053402324855564E-4	2.1908376453034728E-5
30	6.572512935910418E-6	7.887015523092502E-5	0.0	3.5491569853916263E-4	2.40992140983382E-5
31	6.572512935910418E-6	8.10609928762285E-5	0.0	3.5710653618446607E-4	2.40992140983382E-5
32	6.572512935910418E-6	8.763350581213891E-5	0.0	3.636790491203765E-4	2.40992140983382E-5
33	6.572512935910418E-6	8.763350581213891E-5	0.0	3.636790491203765E-4	2.40992140983382E-5
34	6.572512935910418E-6	8.763350581213891E-5	0.0	3.702515620562869E-4	2.40992140983382E-5
35	8.763350581213891E-6	8.763350581213891E-5	0.0	3.702515620562869E-4	2.40992140983382E-5
36	8.763350581213891E-6	9.63968563933528E-5	0.0	3.8339658792810777E-4	2.40992140983382E-5
37	8.763350581213891E-6	1.0296936932926323E-4	0.0	3.899691008640182E-4	2.40992140983382E-5
38	8.763350581213891E-6	1.0516020697456669E-4	0.0	4.03114126735839E-4	2.40992140983382E-5
39	8.763350581213891E-6	1.0516020697456669E-4	0.0	4.096866396717494E-4	2.40992140983382E-5
40	8.763350581213891E-6	1.1173271991047712E-4	0.0	4.118774773170529E-4	2.40992140983382E-5
41	8.763350581213891E-6	1.1173271991047712E-4	0.0	4.1625915260765984E-4	2.6290051743641673E-5
42	8.763350581213891E-6	1.1173271991047712E-4	0.0	4.4254920435130154E-4	3.067172703424862E-5
43	8.763350581213891E-6	1.2487774578229794E-4	0.0	4.44740041996605E-4	3.067172703424862E-5
44	8.763350581213891E-6	1.3145025871820837E-4	0.0	4.491217172872119E-4	3.286256467955209E-5
45	8.763350581213891E-6	1.4240444694472572E-4	0.0	4.513125549325154E-4	3.724423997015904E-5
46	8.763350581213891E-6	1.4240444694472572E-4	0.0	4.535033925778189E-4	3.724423997015904E-5
47	8.763350581213891E-6	1.533586351712431E-4	0.0	4.666484184496397E-4	3.724423997015904E-5
48	8.763350581213891E-6	1.6650366104306393E-4	0.0	4.885567949026744E-4	3.943507761546251E-5
49	8.763350581213891E-6	1.7745784926958131E-4	0.0	4.951293078385849E-4	3.943507761546251E-5
50	8.763350581213891E-6	1.7964868691488478E-4	0.0	4.995109831291918E-4	3.943507761546251E-5
51	8.763350581213891E-6	1.8183952456018825E-4	0.0	5.038926584197988E-4	3.943507761546251E-5
52	8.763350581213891E-6	1.8841203749609867E-4	0.0	5.126560090010126E-4	3.943507761546251E-5
53	8.763350581213891E-6	1.949845504320091E-4	0.0	5.345643854540473E-4	3.943507761546251E-5
54	8.763350581213891E-6	1.949845504320091E-4	0.0	5.345643854540473E-4	3.943507761546251E-5
55	8.763350581213891E-6	1.949845504320091E-4	0.0	5.367552230993508E-4	3.943507761546251E-5
56	8.763350581213891E-6	1.9717538807731256E-4	0.0	5.477094113258682E-4	4.3816752906069455E-5
57	8.763350581213891E-6	1.9936622572261603E-4	0.0	5.520910866164752E-4	4.3816752906069455E-5
58	8.763350581213891E-6	2.03747901013223E-4	0.0	5.542819242617787E-4	4.3816752906069455E-5
59	8.763350581213891E-6	2.1251125159443688E-4	0.0	5.849536512960272E-4	4.3816752906069455E-5
60	8.763350581213891E-6	2.2346543982095424E-4	0.0	6.243887289114898E-4	4.3816752906069455E-5
61	8.763350581213891E-6	2.2346543982095424E-4	0.0	6.265795665567933E-4	4.3816752906069455E-5
62	8.763350581213891E-6	2.3003795275686466E-4	0.0	6.39724592428614E-4	4.3816752906069455E-5
63	8.763350581213891E-6	2.3222879040216813E-4	0.0	6.572512935910419E-4	4.3816752906069455E-5
64	8.763350581213891E-6	2.3661046569277506E-4	0.0	6.703963194628627E-4	4.3816752906069455E-5
65	1.0954188226517364E-5	2.3880130333807855E-4	0.0	6.725871571081662E-4	4.600759055137293E-5
>>END_MODULE
