##FastQC	0.11.7
>>Basic Statistics	pass
#Measure	Value
Filename	SRR614131_2_val_2.fq.gz
File type	Conventional base calls
Encoding	Sanger / Illumina 1.9
Total Sequences	44124427
Sequences flagged as poor quality	0
Sequence length	20-76
%GC	54
>>END_MODULE
>>Per base sequence quality	pass
#Base	Mean	Median	Lower Quartile	Upper Quartile	10th Percentile	90th Percentile
1	31.592333584297876	33.0	31.0	34.0	28.0	34.0
2	31.66387744819893	33.0	31.0	34.0	28.0	34.0
3	31.85785338356915	34.0	31.0	34.0	30.0	34.0
4	35.32392146418128	37.0	35.0	37.0	33.0	37.0
5	35.33473273205338	37.0	35.0	37.0	33.0	37.0
6	35.22066663891182	37.0	35.0	37.0	32.0	37.0
7	35.14474402126514	37.0	35.0	37.0	32.0	37.0
8	35.081252613206736	37.0	35.0	37.0	32.0	37.0
9	36.68927331339623	39.0	37.0	39.0	32.0	39.0
10-11	36.863926924195525	39.0	37.0	39.0	32.0	39.0
12-13	36.771213448278885	39.0	37.0	39.0	32.0	39.0
14-15	38.122597456053086	40.0	38.0	41.0	33.0	41.0
16-17	38.08647177446633	40.0	38.0	41.0	32.5	41.0
18-19	38.0727431202676	40.0	38.0	41.0	32.0	41.0
20-21	38.00816747803771	40.0	38.0	41.0	32.0	41.0
22-23	37.577519982007026	40.0	37.0	41.0	31.0	41.0
24-25	37.65333212485432	40.0	37.0	41.0	31.5	41.0
26-27	37.47084535278059	40.0	37.0	41.0	31.0	41.0
28-29	37.490519373959145	40.0	37.0	41.0	31.0	41.0
30-31	37.49744912639862	40.0	37.0	41.0	31.0	41.0
32-33	37.409333945292744	40.0	37.0	41.0	31.0	41.0
34-35	37.312201433433	40.0	36.5	41.0	31.0	41.0
36-37	37.32342102024354	40.0	36.0	41.0	31.0	41.0
38-39	37.3218906517824	40.0	36.0	41.0	31.0	41.0
40-41	37.17042221000999	39.5	35.5	41.0	31.0	41.0
42-43	37.11519013063554	39.0	35.0	41.0	31.0	41.0
44-45	36.949337136034536	39.0	35.0	41.0	30.5	41.0
46-47	36.87605003942016	39.0	35.0	41.0	30.5	41.0
48-49	36.56678792648588	39.0	35.0	41.0	30.0	41.0
50-51	35.69981561588424	37.5	34.0	40.0	29.0	40.5
52-53	35.9609523081439	38.0	34.5	39.5	30.0	40.5
54-55	36.30444770094677	38.0	35.0	40.0	30.0	41.0
56-57	36.11814155474714	37.5	34.5	40.0	30.0	41.0
58-59	35.847455139455086	37.0	34.0	40.0	29.5	41.0
60-61	35.42853217741306	36.0	34.0	40.0	28.5	41.0
62-63	35.08885948733798	35.5	34.0	39.5	28.0	41.0
64-65	34.85099390407255	35.0	33.0	39.0	28.0	41.0
66-67	34.66014456859172	35.0	33.0	39.0	28.5	40.5
68-69	34.509557194968814	35.0	33.0	38.0	29.0	40.0
70-71	34.489716817168414	35.0	33.0	37.0	29.0	39.5
72-73	34.46239017259292	35.0	33.0	37.0	30.0	39.0
74-75	34.442346695019715	35.0	33.0	36.0	30.0	39.0
76	33.92760134959509	35.0	33.0	35.0	29.0	38.0
>>END_MODULE
>>Per sequence quality scores	pass
#Quality	Count
9	1.0
10	2.0
11	18.0
12	61.0
13	189.0
14	547.0
15	999.0
16	1380.0
17	1859.0
18	6128.0
19	26077.0
20	98550.0
21	161694.0
22	222812.0
23	287450.0
24	357591.0
25	433788.0
26	518251.0
27	608064.0
28	707016.0
29	825753.0
30	969947.0
31	1147736.0
32	1379918.0
33	1712905.0
34	2254980.0
35	3153169.0
36	4931987.0
37	6541221.0
38	8178003.0
39	8818650.0
40	777681.0
>>END_MODULE
>>Per base sequence content	fail
#Base	G	A	T	C
1	32.71400099621855	12.515930588220947	16.602838529221632	38.16722988633887
2	26.63752963446856	20.81184562045175	27.84189284763864	24.708731897441048
3	31.889194749308274	21.924052284125104	21.25876694078596	24.927986025780662
4	30.21233012828879	28.26153152580883	16.53092063772267	24.995217708179712
5	30.109477965527955	30.683093679009353	17.78188983703896	21.425538518423735
6	26.19613089848315	30.55287155117276	17.852682483404994	25.39831506693909
7	23.350013586881047	15.629615614268163	34.707825374625514	26.31254542422528
8	23.673756292015767	21.835275057233012	23.00346026440039	31.487508386350832
9	24.18793562514514	20.555764155313216	25.59946904718972	29.65683117235192
10-11	28.34932327784857	27.851656199934627	17.541077093747198	26.257943428469606
12-13	26.872478461852804	20.640210184982774	24.296384261193644	28.190927091970774
14-15	26.782405023158915	23.5273522806317	23.638194920063853	26.052047776145532
16-17	27.22572703349862	23.573949243920154	22.938286258002265	26.262037464578963
18-19	27.040848455638873	24.14904816010635	21.75290142643539	27.057201957819387
20-21	27.684071372232076	23.477864480662404	22.70202599919212	26.136038147913403
22-23	27.10815320610658	23.433132493266477	23.222716646755504	26.23599765387144
24-25	27.49560129139391	23.46867214673457	22.547793142763773	26.487933419107744
26-27	26.685483820262096	23.37624914047018	22.679660452139835	27.258606587127886
28-29	27.310868332700032	23.004787250488466	22.803119169654654	26.88122524715685
30-31	27.5687542363791	23.73412111513557	22.374707114176832	26.322417534308496
32-33	27.778603519971856	23.50325388537093	23.083567457243667	25.634575137413552
34-35	27.44894140335893	23.97306131966774	22.27248193033843	26.305515346634905
36-37	26.98408249123086	22.99184978082108	22.90212665148869	27.121941076459372
38-39	26.56263078155927	23.050396463417798	22.998762199941897	27.388210555081034
40-41	27.681709172775008	23.591171417405032	22.218027375684603	26.509092034135357
42-43	27.095826410864948	23.044359700185744	23.12438953374124	26.73542435520807
44-45	26.527702159653625	23.892242227154252	23.011764590211023	26.5682910229811
46-47	27.471102609527442	23.70779367634026	22.330998215094716	26.490105499037586
48-49	27.241765963480102	23.593002473916986	22.582713234961894	26.58251832764102
50-51	26.447850070894496	23.58199669765551	22.757924121505898	27.212229109944104
52-53	27.474563488302895	23.141613627483164	23.23139641733677	26.152426466877166
54-55	27.22313130786157	23.035704460020963	22.63200179500555	27.109162437111912
56-57	26.923461411728127	22.924224331979804	23.079300992763287	27.07301326352878
58-59	26.906340860314277	23.26995772878128	22.50046169642005	27.323239714484394
60-61	27.833056927542298	23.041961356308526	22.903598187128928	26.221383529020247
62-63	26.513628425740134	23.62110447635202	23.535190896371475	26.33007620153637
64-65	26.90101692640964	23.127365581633107	23.54992201061339	26.421695481343864
66-67	26.416081840786216	23.14373291750792	23.288466155891943	27.151719085813923
68-69	27.24358523117977	22.93869476576996	22.904861497490657	26.912858505559612
70-71	27.112757151860656	23.585518105906093	22.978187870091922	26.32353687214133
72-73	26.976909268537437	23.139809452715753	22.778977543045823	27.104303735700984
74-75	27.50041499290678	19.991147266387244	24.858079151859425	27.65035858884655
76	29.45404941370763	0.0	32.68446770503909	37.86148288125329
>>END_MODULE
>>Per sequence GC content	warn
#GC Content	Count
0	13662.0
1	11256.0
2	6684.5
3	3979.5
4	3547.0
5	3867.0
6	4306.5
7	4820.0
8	5434.0
9	5991.5
10	6485.5
11	7317.0
12	8112.0
13	8921.0
14	10234.5
15	12460.5
16	15499.0
17	18365.5
18	23798.5
19	33250.0
20	44619.0
21	55387.5
22	73260.0
23	102470.5
24	131614.0
25	154590.5
26	190579.5
27	244133.5
28	292603.0
29	326652.5
30	371641.5
31	433402.0
32	485124.5
33	521236.0
34	574708.5
35	632526.0
36	677724.5
37	720451.0
38	777065.0
39	825620.5
40	856230.5
41	952050.0
42	1024013.0
43	1032353.0
44	1127663.0
45	1179617.0
46	1153758.0
47	1178836.0
48	1241186.5
49	1286533.5
50	1349874.5
51	1575256.0
52	1876996.0
53	2110375.5
54	2166271.0
55	2182720.5
56	2311848.0
57	2357726.0
58	2312883.0
59	2154336.0
60	2007453.5
61	1817215.0
62	1627222.0
63	1847730.5
64	1975509.0
65	1781989.5
66	1709152.5
67	1720138.5
68	1505127.0
69	1319665.5
70	1169653.0
71	956141.0
72	809982.0
73	535113.5
74	328210.0
75	284888.0
76	246296.5
77	194537.0
78	151513.5
79	123010.0
80	106284.5
81	88383.5
82	68006.0
83	53235.5
84	40668.5
85	31060.5
86	24592.5
87	20530.5
88	18568.5
89	15810.0
90	14339.5
91	14410.5
92	14723.5
93	12713.5
94	8683.0
95	4988.0
96	2537.5
97	2082.5
98	1625.0
99	1158.0
100	1119.0
>>END_MODULE
>>Per base N content	pass
#Base	N-Count
1	0.02177705333148009
2	0.045231182265551007
3	0.06688585440440961
4	0.06676573953017
5	0.056358805520579335
6	0.03484464512139727
7	0.043925782877588415
8	0.02173399328222438
9	0.017024583684678782
10-11	0.007626161355024508
12-13	0.007460720113147305
14-15	0.006500934278421338
16-17	0.006114526994310884
18-19	0.005392704589682264
20-21	0.018569071457986752
22-23	0.0440739556793502
24-25	0.05996468100801062
26-27	0.07568989350297191
28-29	0.07086590467525218
30-31	0.049903202205171936
32-33	0.03358237451152439
34-35	0.015029486944044865
36-37	0.0037041029742477735
38-39	0.002407120305947195
40-41	0.002101322244805554
42-43	0.002329087781264771
44-45	0.0019476469457776612
46-47	0.005008621531454759
48-49	0.00945479584982266
50-51	0.0064826650735874645
52-53	0.007988849736573544
54-55	0.008103120000787487
56-57	0.007466529802967053
58-59	0.0038414257069527558
60-61	4.374367320974408E-4
62-63	5.23048457170504E-4
64-65	4.562789939444842E-4
66-67	5.690562275892043E-4
68-69	2.8822491476025285E-4
70-71	0.0010528405003505288
72-73	0.001037751735142914
74-75	0.0
76	0.0
>>END_MODULE
>>Sequence Length Distribution	warn
#Length	Count
20-21	108775.0
22-23	107329.0
24-25	113338.0
26-27	102901.0
28-29	106430.0
30-31	105395.0
32-33	123637.0
34-35	104284.0
36-37	123681.0
38-39	127803.0
40-41	117482.0
42-43	134150.0
44-45	122861.0
46-47	127031.0
48-49	145669.0
50-51	127405.0
52-53	124630.0
54-55	171848.0
56-57	186097.0
58-59	204914.0
60-61	194466.0
62-63	195937.0
64-65	229564.0
66-67	255420.0
68-69	295980.0
70-71	431870.0
72-73	1237330.0
74-75	1.1805986E7
76-77	2.6892214E7
>>END_MODULE
>>Sequence Duplication Levels	pass
#Total Deduplicated Percentage	72.19503908937854
#Duplication Level	Percentage of deduplicated	Percentage of total
1	81.43836339530075	58.79445828698753
2	11.99561172045423	17.32047314118401
3	3.459432540656382	7.492616024992668
4	1.3056580050250486	3.770481228405735
5	0.612620860306711	2.2114093478405854
6	0.3300492718814144	1.4296752050939783
7	0.20759327971482996	1.0491043460593108
8	0.13793158387133175	0.7966380871400552
9	0.09976120420305966	0.6482037633339031
>10	0.4025425013744665	4.684314599423212
>50	0.008871993714244414	0.4232274208607295
>100	0.001255549019709231	0.12889544486066729
>500	5.158429329315416E-5	0.02559538712824891
>1k	1.2827952785781347E-4	0.24277224385727045
>5k	7.123925368377004E-5	0.37538609397253614
>10k+	5.6991402946986125E-5	0.6067493788596189
>>END_MODULE
>>Overrepresented sequences	pass
>>END_MODULE
>>Adapter Content	pass
#Position	Illumina Universal Adapter	Illumina Small RNA 3' Adapter	Illumina Small RNA 5' Adapter	Nextera Transposase Sequence	SOLID Small RNA Adapter
1	0.0	2.266318381879497E-6	0.0	6.798955145638492E-6	2.266318381879497E-6
2	0.0	2.2663183818794973E-5	0.0	4.306004925571045E-5	2.266318381879497E-6
3	0.0	2.2663183818794973E-5	0.0	4.306004925571045E-5	2.266318381879497E-6
4	0.0	2.2663183818794973E-5	0.0	4.5326367637589946E-5	2.266318381879497E-6
5	0.0	3.172845734631296E-5	2.266318381879497E-6	4.5326367637589946E-5	2.266318381879497E-6
6	0.0	3.626109411007195E-5	2.266318381879497E-6	4.759268601946944E-5	6.798955145638492E-6
7	0.0	4.079373087383095E-5	2.266318381879497E-6	4.985900440134894E-5	6.798955145638492E-6
8	0.0	4.759268601946944E-5	2.266318381879497E-6	6.345691469262592E-5	6.798955145638492E-6
9	0.0	4.759268601946944E-5	4.532636763758994E-6	6.572323307450542E-5	6.798955145638492E-6
10	0.0	5.439164116510793E-5	4.532636763758994E-6	6.572323307450542E-5	6.798955145638492E-6
11	0.0	5.439164116510793E-5	4.532636763758994E-6	7.25221882201439E-5	6.798955145638492E-6
12	0.0	5.665795954698743E-5	4.532636763758994E-6	7.25221882201439E-5	6.798955145638492E-6
13	0.0	6.798955145638491E-5	4.532636763758994E-6	7.705482498390291E-5	6.798955145638492E-6
14	0.0	7.025586983826442E-5	4.532636763758994E-6	7.705482498390291E-5	6.798955145638492E-6
15	0.0	8.38537801295414E-5	4.532636763758994E-6	8.838641689330039E-5	6.798955145638492E-6
16	0.0	8.38537801295414E-5	4.532636763758994E-6	9.291905365705938E-5	6.798955145638492E-6
17	2.266318381879497E-6	9.291905365705938E-5	4.532636763758994E-6	9.745169042081839E-5	6.798955145638492E-6
18	2.266318381879497E-6	9.745169042081839E-5	4.532636763758994E-6	1.2011487423961336E-4	6.798955145638492E-6
19	2.266318381879497E-6	9.745169042081839E-5	4.532636763758994E-6	1.2011487423961336E-4	6.798955145638492E-6
20	2.266318381879497E-6	9.971800880269788E-5	4.532636763758994E-6	1.2464751100337235E-4	6.798955145638492E-6
21	2.266318381879497E-6	1.1104960071209537E-4	4.532636763758994E-6	1.2918014776713136E-4	6.798955145638492E-6
22	2.266318381879497E-6	1.2011487423961336E-4	4.532636763758994E-6	1.2918014776713136E-4	6.798955145638492E-6
23	2.266318381879497E-6	1.2011487423961336E-4	4.532636763758994E-6	1.3144646614901085E-4	6.798955145638492E-6
24	2.266318381879497E-6	1.2238119262149286E-4	4.532636763758994E-6	1.3371278453089034E-4	6.798955145638492E-6
25	2.266318381879497E-6	1.2238119262149286E-4	4.532636763758994E-6	1.3597910291276983E-4	6.798955145638492E-6
26	4.532636763758994E-6	1.2238119262149286E-4	4.532636763758994E-6	1.4731069482216733E-4	6.798955145638492E-6
27	4.532636763758994E-6	1.2691382938525184E-4	6.798955145638492E-6	1.4957701320404682E-4	6.798955145638492E-6
28	4.532636763758994E-6	1.2691382938525184E-4	6.798955145638492E-6	1.5637596834968532E-4	6.798955145638492E-6
29	4.532636763758994E-6	1.2691382938525184E-4	6.798955145638492E-6	1.5637596834968532E-4	6.798955145638492E-6
30	4.532636763758994E-6	1.2691382938525184E-4	6.798955145638492E-6	1.586422867315648E-4	9.065273527517988E-6
31	4.532636763758994E-6	1.2918014776713136E-4	6.798955145638492E-6	1.586422867315648E-4	1.1331591909397487E-5
32	6.798955145638492E-6	1.2918014776713136E-4	6.798955145638492E-6	1.609086051134443E-4	1.1331591909397487E-5
33	6.798955145638492E-6	1.2918014776713136E-4	6.798955145638492E-6	1.609086051134443E-4	1.1331591909397487E-5
34	6.798955145638492E-6	1.2918014776713136E-4	6.798955145638492E-6	1.654412418772033E-4	1.1331591909397487E-5
35	6.798955145638492E-6	1.2918014776713136E-4	6.798955145638492E-6	1.654412418772033E-4	1.1331591909397487E-5
36	6.798955145638492E-6	1.3597910291276983E-4	6.798955145638492E-6	1.722401970228418E-4	1.1331591909397487E-5
37	6.798955145638492E-6	1.518433315859263E-4	6.798955145638492E-6	1.722401970228418E-4	1.1331591909397487E-5
38	6.798955145638492E-6	1.586422867315648E-4	6.798955145638492E-6	1.790391521684803E-4	1.1331591909397487E-5
39	6.798955145638492E-6	1.586422867315648E-4	6.798955145638492E-6	1.8130547055035978E-4	1.1331591909397487E-5
40	9.065273527517988E-6	1.631749234953238E-4	6.798955145638492E-6	1.8130547055035978E-4	1.1331591909397487E-5
41	9.065273527517988E-6	1.631749234953238E-4	6.798955145638492E-6	1.8583810731411876E-4	1.1331591909397487E-5
42	9.065273527517988E-6	1.699738786409623E-4	6.798955145638492E-6	1.9263706245975726E-4	1.1331591909397487E-5
43	9.065273527517988E-6	1.699738786409623E-4	6.798955145638492E-6	1.9263706245975726E-4	1.1331591909397487E-5
44	9.065273527517988E-6	1.790391521684803E-4	6.798955145638492E-6	1.9716969922351627E-4	1.1331591909397487E-5
45	9.065273527517988E-6	1.790391521684803E-4	6.798955145638492E-6	1.9716969922351627E-4	1.1331591909397487E-5
46	9.065273527517988E-6	1.790391521684803E-4	6.798955145638492E-6	1.9716969922351627E-4	1.1331591909397487E-5
47	9.065273527517988E-6	1.790391521684803E-4	6.798955145638492E-6	2.0850129113291374E-4	1.1331591909397487E-5
48	9.065273527517988E-6	1.8583810731411876E-4	6.798955145638492E-6	2.2209920142419074E-4	1.1331591909397487E-5
49	9.065273527517988E-6	1.8583810731411876E-4	6.798955145638492E-6	2.2209920142419074E-4	1.1331591909397487E-5
50	9.065273527517988E-6	1.8583810731411876E-4	6.798955145638492E-6	2.2436551980607023E-4	1.1331591909397487E-5
51	9.065273527517988E-6	1.8583810731411876E-4	6.798955145638492E-6	2.2436551980607023E-4	1.1331591909397487E-5
52	9.065273527517988E-6	1.9716969922351627E-4	6.798955145638492E-6	2.2436551980607023E-4	1.3597910291276983E-5
53	9.065273527517988E-6	1.9716969922351627E-4	6.798955145638492E-6	2.2889815656982923E-4	1.3597910291276983E-5
54	9.065273527517988E-6	1.9716969922351627E-4	6.798955145638492E-6	2.2889815656982923E-4	1.3597910291276983E-5
55	9.065273527517988E-6	1.9943601760539576E-4	6.798955145638492E-6	2.356971117154677E-4	1.3597910291276983E-5
56	9.065273527517988E-6	1.9943601760539576E-4	6.798955145638492E-6	2.356971117154677E-4	1.3597910291276983E-5
57	9.065273527517988E-6	1.9943601760539576E-4	6.798955145638492E-6	2.424960668611062E-4	1.3597910291276983E-5
58	9.065273527517988E-6	2.0170233598727525E-4	6.798955145638492E-6	2.515613403886242E-4	1.3597910291276983E-5
59	9.065273527517988E-6	2.0170233598727525E-4	6.798955145638492E-6	2.6742556906178067E-4	1.3597910291276983E-5
60	9.065273527517988E-6	2.0170233598727525E-4	6.798955145638492E-6	2.7422452420741917E-4	1.3597910291276983E-5
61	9.065273527517988E-6	2.0850129113291374E-4	6.798955145638492E-6	2.7875716097117815E-4	1.3597910291276983E-5
62	9.065273527517988E-6	2.1530024627855224E-4	6.798955145638492E-6	2.8102347935305766E-4	1.3597910291276983E-5
63	9.065273527517988E-6	2.1756656466043173E-4	6.798955145638492E-6	2.8102347935305766E-4	1.3597910291276983E-5
64	9.065273527517988E-6	2.1756656466043173E-4	6.798955145638492E-6	2.8555611611681664E-4	1.3597910291276983E-5
65	1.1331591909397487E-5	2.2663183818794972E-4	9.065273527517988E-6	2.8782243449869616E-4	1.8130547055035976E-5
>>END_MODULE
