##FastQC	0.11.7
>>Basic Statistics	pass
#Measure	Value
Filename	SRR615623_1_val_1.fq.gz
File type	Conventional base calls
Encoding	Sanger / Illumina 1.9
Total Sequences	34760880
Sequences flagged as poor quality	0
Sequence length	20-76
%GC	49
>>END_MODULE
>>Per base sequence quality	pass
#Base	Mean	Median	Lower Quartile	Upper Quartile	10th Percentile	90th Percentile
1	32.11535010045775	33.0	31.0	34.0	30.0	34.0
2	32.33232061443784	34.0	31.0	34.0	30.0	34.0
3	32.44367285868482	34.0	31.0	34.0	30.0	34.0
4	35.88641938869212	37.0	35.0	37.0	35.0	37.0
5	35.732595952691646	37.0	35.0	37.0	33.0	37.0
6	35.68081858111763	37.0	35.0	37.0	33.0	37.0
7	35.648763552591305	37.0	35.0	37.0	33.0	37.0
8	35.62250207704753	37.0	35.0	37.0	33.0	37.0
9	37.32878908704267	39.0	37.0	39.0	34.0	39.0
10-11	37.39054070265195	39.0	37.0	39.0	34.0	39.0
12-13	37.23641024047723	39.0	37.0	39.0	33.5	39.0
14-15	38.56273080543416	40.0	38.0	41.0	33.5	41.0
16-17	38.545986019341285	40.0	38.0	41.0	33.0	41.0
18-19	38.56960028054526	40.0	38.0	41.0	34.0	41.0
20-21	38.51732467207249	40.0	38.0	41.0	34.0	41.0
22-23	38.437849776943196	40.0	38.0	41.0	33.5	41.0
24-25	38.34445867864994	40.0	38.0	41.0	33.0	41.0
26-27	38.202178751733754	40.0	38.0	41.0	33.0	41.0
28-29	38.11235931600152	40.0	38.0	41.0	33.0	41.0
30-31	38.047869750076856	40.0	38.0	41.0	32.5	41.0
32-33	37.892294688560206	40.0	38.0	41.0	32.0	41.0
34-35	37.92650372119411	40.0	38.0	41.0	32.0	41.0
36-37	38.000350801479314	40.0	38.0	41.0	33.0	41.0
38-39	38.02846291953942	40.0	38.0	41.0	33.0	41.0
40-41	37.99908821531447	40.0	38.0	41.0	33.0	41.0
42-43	37.982651438155756	40.0	37.0	41.0	33.0	41.0
44-45	37.873940269374614	40.0	37.0	41.0	32.5	41.0
46-47	37.76848460997478	40.0	37.0	41.0	32.0	41.0
48-49	37.70793464194864	40.0	36.5	41.0	32.0	41.0
50-51	37.53397502745179	40.0	36.0	41.0	32.0	41.0
52-53	37.345971321355584	39.0	35.5	41.0	31.5	41.0
54-55	37.22168204733059	39.0	35.0	41.0	31.5	41.0
56-57	37.007167357904365	39.0	35.0	41.0	31.0	41.0
58-59	36.78932746397564	38.5	35.0	40.5	31.0	41.0
60-61	36.58054139837512	38.0	35.0	40.0	31.0	41.0
62-63	36.294975082190035	37.0	35.0	40.0	31.0	41.0
64-65	36.04411643789331	37.0	35.0	40.0	31.0	41.0
66-67	35.826622677830215	36.0	34.5	39.0	31.0	41.0
68-69	35.55309028035126	36.0	34.0	39.0	31.0	40.5
70-71	35.30128132255395	35.0	34.0	38.5	31.0	40.0
72-73	35.13363582246434	35.0	34.0	37.0	31.0	40.0
74-75	35.02649055563603	35.0	34.0	37.0	31.0	39.0
76	32.80591963516494	34.0	31.0	35.0	27.0	37.0
>>END_MODULE
>>Per sequence quality scores	pass
#Quality	Count
11	1.0
12	1.0
13	2.0
14	5.0
15	17.0
16	41.0
17	75.0
18	243.0
19	1696.0
20	17250.0
21	51433.0
22	96103.0
23	141763.0
24	188593.0
25	236015.0
26	285981.0
27	340109.0
28	398750.0
29	471821.0
30	561784.0
31	681828.0
32	845599.0
33	1069654.0
34	1424173.0
35	1976385.0
36	2927017.0
37	4747467.0
38	7516083.0
39	9552384.0
40	1228607.0
>>END_MODULE
>>Per base sequence content	fail
#Base	G	A	T	C
1	29.197177817309104	13.050484257464307	18.840792335547896	38.911545589678695
2	21.103994784439703	22.768281409650047	35.4033686243439	20.72435518156635
3	27.97687608835301	23.50661834570371	23.943531781526193	24.572973784417083
4	28.40758864108303	30.9845585142899	17.904095304528404	22.703757540098664
5	27.076342546760777	30.220062929701513	21.094398896378365	21.60919562715934
6	21.418110075137996	33.149201676609586	20.997409918569698	24.43527832968272
7	18.224891421340093	14.951195234797368	41.72653583420146	25.097377509661083
8	21.206322521533284	19.985318620346174	26.047702515984327	32.760656342136215
9	22.770338787420854	19.901522737844072	28.519527440789126	28.808611033945947
10-11	25.689922486418677	29.916426395153984	20.25548620713157	24.138164911295775
12-13	22.904488297279023	22.506756564406952	28.898572438372778	25.69018269994125
14-15	23.698614812257837	24.098678859100243	27.125542355160515	25.077163973481408
16-17	24.325059165703916	24.452883466898154	26.164459547982926	25.057597819415005
18-19	24.27285284142031	24.37848207914221	26.068687975170278	25.2799771042672
20-21	24.55652251935531	24.375344525636205	26.228709058958717	24.83942389604977
22-23	24.539765550926532	24.96520941754086	26.062422487766213	24.432602543766397
24-25	24.644338303445032	24.757033243639505	25.785277412121083	24.813351040794377
26-27	24.511639186270155	25.042439792189803	26.008840893169754	24.43708012837029
28-29	24.556288111764317	25.183595964253914	25.758394412203252	24.50172151177852
30-31	24.162235598185276	25.36063287420432	26.036684530935844	24.44044699667456
32-33	24.355157344626242	25.1618902446912	26.015415287096534	24.467537123586027
34-35	24.774046596187045	25.272818269465297	25.629265906786348	24.32386922756131
36-37	24.361811448622564	25.360674624752217	26.022753086250088	24.254760840375127
38-39	24.59218963989461	25.27706213551716	25.73985473088284	24.39089349370539
40-41	24.5485947573593	25.448060707916103	25.52676643943912	24.476578095285475
42-43	24.40100257412505	25.48129817819149	25.765652981626943	24.352046266056515
44-45	24.40124361814286	25.34847535646636	25.69450992751865	24.555771097872128
46-47	24.42227127617158	25.45578559010537	25.692285889814983	24.42965724390807
48-49	24.356721311161202	25.404335962094404	25.814766015278124	24.424176711466277
50-51	24.37971997253408	25.400819877221632	25.731703179375167	24.48775697086912
52-53	24.341973896983486	25.437061278955568	25.512069947100997	24.708894876959945
54-55	24.333234447341365	25.286164312124093	25.656980736396147	24.7236205041384
56-57	24.301506805927538	25.32105746928662	25.81218674608852	24.565248978697312
58-59	24.256332643309666	25.481972056743125	25.878959026962367	24.38273627298484
60-61	24.404987489313623	25.46917977404601	25.60356405719597	24.52226867944439
62-63	24.20616204931271	25.61935880826939	25.771385205880083	24.403093936537818
64-65	24.2058955240861	25.465195808437024	25.875082074075927	24.453826593400947
66-67	24.264838504357485	25.781948698739672	25.558723603906643	24.3944891929962
68-69	24.28995578753461	25.730357593231457	25.77019459332434	24.209492025909597
70-71	24.17235072928531	25.66186207389335	25.75964131089623	24.406145885925113
72-73	24.246209559517652	25.45282272554119	25.741760497102156	24.559207217838996
74-75	24.616413459018382	22.174138573026134	27.280388755979633	25.929059211975847
76	25.25863135490734	0.0	38.50767411106656	36.23369453402611
>>END_MODULE
>>Per sequence GC content	pass
#GC Content	Count
0	7512.0
1	5622.0
2	2981.0
3	2216.5
4	2270.5
5	2440.5
6	2734.0
7	3082.5
8	3481.0
9	3945.5
10	4438.0
11	5065.5
12	5666.5
13	6458.5
14	7837.5
15	9799.0
16	12341.5
17	14911.0
18	20184.5
19	29118.5
20	39610.0
21	49289.0
22	65262.5
23	92664.0
24	120575.5
25	142718.0
26	177836.5
27	228906.0
28	278373.5
29	318072.0
30	374489.0
31	450411.0
32	525424.5
33	586528.0
34	653874.0
35	742889.5
36	825445.5
37	892910.0
38	975794.0
39	1093862.0
40	1199398.5
41	1283050.5
42	1348927.0
43	1423472.5
44	1507636.5
45	1601997.0
46	1691213.0
47	1773371.5
48	1864427.5
49	1910801.0
50	1982248.0
51	2021341.5
52	1877665.5
53	1679186.0
54	1530464.5
55	1438772.0
56	1411085.0
57	1331327.0
58	1227848.5
59	1143802.0
60	1070011.5
61	1011396.5
62	960535.0
63	903171.5
64	812031.0
65	719302.0
66	618202.5
67	546418.0
68	486617.5
69	402775.5
70	318251.0
71	261923.5
72	221061.5
73	169967.0
74	125169.0
75	98004.0
76	80136.0
77	58659.5
78	40863.5
79	30467.5
80	23497.0
81	16465.0
82	11848.0
83	8572.5
84	6093.5
85	4151.5
86	3052.0
87	2485.5
88	1896.0
89	1363.0
90	1055.0
91	844.0
92	740.0
93	510.0
94	245.5
95	151.0
96	121.5
97	117.5
98	71.5
99	26.0
100	26.0
>>END_MODULE
>>Per base N content	pass
#Base	N-Count
1	0.09454881464450843
2	8.083799949828659E-4
3	0.003921074495237175
4	0.0016081295985602205
5	0.0032824255312293585
6	0.0027876164239800604
7	0.0030407745718750503
8	0.0034636637507450907
9	0.003981487235075752
10-11	0.005578109645095291
12-13	0.006546151881080111
14-15	0.005596808826473898
16-17	0.001917385290591032
18-19	0.004500749117973999
20-21	0.003872805157862377
22-23	0.0024688666174019496
24-25	0.002017719368324148
26-27	0.007327123937902487
28-29	0.005200913166877635
30-31	0.004043657678960616
32-33	0.003455246381648888
34-35	0.0037694486770949863
36-37	0.005399787144917515
38-39	0.004514155062583597
40-41	0.002050048962866168
42-43	0.003127583837727354
44-45	6.120540971832005E-4
46-47	9.079311790555568E-4
48-49	0.0011215487519123978
50-51	0.0034558749649118304
52-53	0.003352188249731968
54-55	0.004550624197982712
56-57	0.0033902146971720283
58-59	0.0014109251449873983
60-61	7.228113406318126E-4
62-63	9.78697843746103E-4
64-65	0.0016175385047723625
66-67	6.008548026781214E-4
68-69	6.152935878806541E-4
70-71	7.074716663088E-4
72-73	8.733451795990695E-5
74-75	0.0
76	0.0
>>END_MODULE
>>Sequence Length Distribution	warn
#Length	Count
20-21	94195.0
22-23	106235.0
24-25	73664.0
26-27	94545.0
28-29	83717.0
30-31	77994.0
32-33	89184.0
34-35	103121.0
36-37	102472.0
38-39	128341.0
40-41	96045.0
42-43	112285.0
44-45	95894.0
46-47	88306.0
48-49	98857.0
50-51	101774.0
52-53	105821.0
54-55	102613.0
56-57	125519.0
58-59	131391.0
60-61	122169.0
62-63	132356.0
64-65	157166.0
66-67	189562.0
68-69	209698.0
70-71	299325.0
72-73	1081866.0
74-75	1.0074523E7
76-77	2.0482242E7
>>END_MODULE
>>Sequence Duplication Levels	fail
#Total Deduplicated Percentage	35.86443101640884
#Duplication Level	Percentage of deduplicated	Percentage of total
1	85.89561884730585	30.80597496760948
2	8.921359944525072	6.399189966059449
3	2.325062138327666	2.501610920067498
4	0.9539182962178474	1.3684694771998096
5	0.474044122962163	0.8500661373355262
6	0.26633907905618487	0.5731259716670641
7	0.17602640576967335	0.4419160820754988
8	0.11522637541872677	0.33060227139806025
9	0.0812803931650534	0.2623567548289181
>10	0.46836209038718746	3.2642970766392505
>50	0.09083695144647563	2.3575696592691724
>100	0.16099544555898088	13.51785911314383
>500	0.04089326435766553	10.365908528971561
>1k	0.02840815267309923	18.203833697627907
>5k	9.047182379967907E-4	2.2975216800220255
>10k+	7.237745903974326E-4	6.459697696084975
>>END_MODULE
>>Overrepresented sequences	warn
#Sequence	Count	Percentage	Possible Source
CTCGTATGCCGTCTTCTGCTTG	49262	0.14171678047276134	Illumina Single End Adapter 1 (100% over 22bp)
AGTCACGTCTGATGATCTCGTATGCCGTCTTCTGCTTG	48317	0.13899820718002537	Illumina PCR Primer Index 7 (96% over 28bp)
CGTATGCCGTCTTCTGCTTG	43277	0.12449914961876685	No Hit
>>END_MODULE
>>Adapter Content	pass
#Position	Illumina Universal Adapter	Illumina Small RNA 3' Adapter	Illumina Small RNA 5' Adapter	Nextera Transposase Sequence	SOLID Small RNA Adapter
1	2.8767971351703408E-5	2.876797135170341E-6	0.0	5.753594270340682E-6	5.753594270340682E-6
2	3.164476848687375E-5	4.8905551297895796E-5	0.0	5.178234843306614E-5	5.753594270340682E-6
3	3.164476848687375E-5	4.8905551297895796E-5	0.0	5.178234843306614E-5	1.1507188540681364E-5
4	3.164476848687375E-5	4.8905551297895796E-5	0.0	6.041273983857716E-5	1.1507188540681364E-5
5	3.164476848687375E-5	5.178234843306614E-5	0.0	6.32895369737475E-5	1.4383985675851704E-5
6	3.164476848687375E-5	5.178234843306614E-5	0.0	6.616633410891784E-5	1.7260782811022046E-5
7	3.164476848687375E-5	9.493430546062124E-5	0.0	7.76735226495992E-5	1.7260782811022046E-5
8	3.7398362757214434E-5	9.781110259579159E-5	0.0	8.918071119028057E-5	2.0137579946192385E-5
9	4.027515989238477E-5	1.0068789973096193E-4	0.0	1.0068789973096193E-4	2.0137579946192385E-5
10	4.027515989238477E-5	1.0356469686613228E-4	0.0	1.0644149400130261E-4	2.0137579946192385E-5
11	4.027515989238477E-5	1.0356469686613228E-4	0.0	1.121950882716433E-4	2.0137579946192385E-5
12	4.027515989238477E-5	1.0356469686613228E-4	0.0	1.1794868254198398E-4	2.0137579946192385E-5
13	4.027515989238477E-5	1.1507188540681363E-4	0.0	1.2082547967715432E-4	2.0137579946192385E-5
14	4.027515989238477E-5	1.2082547967715432E-4	0.0	1.3520946535300603E-4	2.0137579946192385E-5
15	4.027515989238477E-5	1.2370227681232467E-4	0.0	2.2726697367845693E-4	2.0137579946192385E-5
16	4.315195702755511E-5	1.26579073947495E-4	0.0	2.3302056794879763E-4	2.0137579946192385E-5
17	4.315195702755511E-5	1.3520946535300603E-4	0.0	2.44527756489479E-4	2.0137579946192385E-5
18	4.6028754162725454E-5	1.3520946535300603E-4	0.0	2.5028135075981967E-4	2.8767971351703408E-5
19	4.8905551297895796E-5	1.3808626248817637E-4	0.0	2.61788539300501E-4	2.8767971351703408E-5
20	5.178234843306614E-5	1.409630596233467E-4	0.0	2.7617252497635274E-4	3.164476848687375E-5
21	6.041273983857716E-5	1.5247024816402807E-4	0.0	2.8480291638186374E-4	3.164476848687375E-5
22	6.32895369737475E-5	1.6110063956953908E-4	0.0	2.9631010492254514E-4	3.164476848687375E-5
23	7.191992837925852E-5	1.7260782811022045E-4	0.0	3.020636991928858E-4	3.164476848687375E-5
24	7.479672551442887E-5	1.7260782811022045E-4	0.0	3.2220127913907816E-4	3.164476848687375E-5
25	7.479672551442887E-5	1.7548462524539078E-4	0.0	3.3370846767975955E-4	3.164476848687375E-5
26	7.479672551442887E-5	1.7836142238056115E-4	0.0	3.4233885908527056E-4	3.452156562204409E-5
27	7.76735226495992E-5	1.9562220519158319E-4	0.0	3.4233885908527056E-4	3.452156562204409E-5
28	7.76735226495992E-5	1.9849900232675352E-4	0.0	3.4233885908527056E-4	3.7398362757214434E-5
29	7.76735226495992E-5	2.2726697367845693E-4	0.0	3.452156562204409E-4	3.7398362757214434E-5
30	8.055031978476954E-5	2.3014377081362726E-4	0.0	3.5384604762595196E-4	4.027515989238477E-5
31	8.342711691993989E-5	2.3302056794879763E-4	0.0	3.5384604762595196E-4	4.8905551297895796E-5
32	8.342711691993989E-5	2.4165095935430863E-4	0.0	3.567228447611223E-4	4.8905551297895796E-5
33	8.342711691993989E-5	2.4165095935430863E-4	0.0	3.567228447611223E-4	4.8905551297895796E-5
34	8.630391405511022E-5	2.44527756489479E-4	0.0	3.653532361666333E-4	4.8905551297895796E-5
35	8.918071119028057E-5	2.5028135075981967E-4	0.0	3.653532361666333E-4	4.8905551297895796E-5
36	8.918071119028057E-5	2.675421335708417E-4	0.0	3.739836275721443E-4	5.465914556823648E-5
37	8.918071119028057E-5	2.7041893070601207E-4	0.0	3.739836275721443E-4	5.465914556823648E-5
38	9.205750832545091E-5	2.7041893070601207E-4	0.0	3.739836275721443E-4	5.465914556823648E-5
39	9.493430546062124E-5	2.7041893070601207E-4	0.0	3.79737221842485E-4	5.465914556823648E-5
40	9.493430546062124E-5	2.7041893070601207E-4	0.0	3.79737221842485E-4	5.465914556823648E-5
41	9.493430546062124E-5	2.8480291638186374E-4	0.0	3.8261401897765536E-4	5.465914556823648E-5
42	9.493430546062124E-5	2.991869020577155E-4	0.0	4.0850519319418844E-4	5.465914556823648E-5
43	9.493430546062124E-5	3.1357088773356715E-4	0.0	4.1138199032935877E-4	5.465914556823648E-5
44	9.493430546062124E-5	3.164476848687375E-4	0.0	4.142587874645291E-4	5.7535942703406816E-5
45	9.493430546062124E-5	3.4233885908527056E-4	0.0	4.200123817348698E-4	5.7535942703406816E-5
46	9.493430546062124E-5	3.4233885908527056E-4	0.0	4.286427731403808E-4	5.7535942703406816E-5
47	9.493430546062124E-5	3.4809245335561123E-4	0.0	4.401499616810622E-4	5.7535942703406816E-5
48	9.493430546062124E-5	3.567228447611223E-4	0.0	4.487803530865732E-4	5.7535942703406816E-5
49	9.493430546062124E-5	3.567228447611223E-4	0.0	4.487803530865732E-4	5.7535942703406816E-5
50	9.493430546062124E-5	3.6823003330180363E-4	0.0	4.516571502217435E-4	5.7535942703406816E-5
51	9.493430546062124E-5	3.739836275721443E-4	0.0	4.516571502217435E-4	5.7535942703406816E-5
52	9.493430546062124E-5	3.998748017886774E-4	0.0	4.5453394735691386E-4	6.041273983857716E-5
53	9.493430546062124E-5	4.3439636741072145E-4	0.0	4.6604113589759525E-4	6.041273983857716E-5
54	9.493430546062124E-5	4.3439636741072145E-4	0.0	4.6604113589759525E-4	6.041273983857716E-5
55	9.493430546062124E-5	4.3439636741072145E-4	0.0	4.8330191870861726E-4	6.32895369737475E-5
56	9.493430546062124E-5	4.401499616810622E-4	0.0	5.178234843306613E-4	6.32895369737475E-5
57	9.493430546062124E-5	4.430267588162325E-4	0.0	5.379610642768538E-4	6.32895369737475E-5
58	9.493430546062124E-5	4.4590355595140285E-4	0.0	5.552218470878758E-4	6.616633410891784E-5
59	9.493430546062124E-5	4.4590355595140285E-4	0.0	5.839898184395792E-4	6.904313124408818E-5
60	9.493430546062124E-5	4.5453394735691386E-4	0.0	6.012506012506013E-4	6.904313124408818E-5
61	9.493430546062124E-5	4.5453394735691386E-4	0.0	6.07004195520942E-4	6.904313124408818E-5
62	9.493430546062124E-5	4.689179330327656E-4	0.0	6.15634586926453E-4	6.904313124408818E-5
63	9.493430546062124E-5	4.689179330327656E-4	0.0	6.300185726023046E-4	6.904313124408818E-5
64	9.493430546062124E-5	4.717947301679359E-4	0.0	6.386489640078156E-4	6.904313124408818E-5
65	9.781110259579159E-5	4.775483244382766E-4	0.0	6.41525761142986E-4	7.191992837925852E-5
>>END_MODULE
