##FastQC	0.11.7
>>Basic Statistics	pass
#Measure	Value
Filename	SRR1079830_1.fastq.gz
File type	Conventional base calls
Encoding	Sanger / Illumina 1.9
Total Sequences	27198464
Sequences flagged as poor quality	0
Sequence length	76
%GC	49
>>END_MODULE
>>Per base sequence quality	pass
#Base	Mean	Median	Lower Quartile	Upper Quartile	10th Percentile	90th Percentile
1	31.504155639083148	33.0	31.0	34.0	28.0	34.0
2	31.868703063525942	34.0	31.0	34.0	30.0	34.0
3	31.08425023560154	34.0	31.0	34.0	27.0	34.0
4	35.07982336796666	37.0	35.0	37.0	32.0	37.0
5	35.0871851439846	37.0	35.0	37.0	32.0	37.0
6	35.1352859852674	37.0	35.0	37.0	32.0	37.0
7	35.17098278049819	37.0	35.0	37.0	32.0	37.0
8	35.183449366846595	37.0	35.0	37.0	32.0	37.0
9	36.7750925934641	39.0	37.0	39.0	32.0	39.0
10-11	36.810122016449164	39.0	37.0	39.0	33.0	39.0
12-13	36.77960277462728	39.0	37.0	39.0	33.0	39.0
14-15	38.14282547352674	40.0	38.0	41.0	33.0	41.0
16-17	38.11531289046323	40.0	38.0	41.0	33.0	41.0
18-19	38.10379014417873	40.0	38.0	41.0	33.0	41.0
20-21	38.08511980676556	40.0	38.0	41.0	33.0	41.0
22-23	38.03406238308163	40.0	38.0	41.0	33.0	41.0
24-25	37.97618828769154	40.0	38.0	41.0	32.0	41.0
26-27	37.89666580068639	40.0	38.0	41.0	32.0	41.0
28-29	37.82172609085572	40.0	38.0	41.0	32.0	41.0
30-31	37.73590767846302	40.0	38.0	41.0	32.0	41.0
32-33	37.64863267646291	40.0	38.0	41.0	32.0	41.0
34-35	37.557735631688615	40.0	38.0	41.0	31.5	41.0
36-37	37.463530477309305	40.0	37.5	41.0	31.0	41.0
38-39	37.346517527607446	40.0	37.0	41.0	31.0	41.0
40-41	37.229859561186984	40.0	37.0	41.0	31.0	41.0
42-43	37.104332509365236	40.0	37.0	41.0	31.0	41.0
44-45	36.97331746380972	40.0	36.0	41.0	30.0	41.0
46-47	36.84091546493214	40.0	36.0	41.0	30.0	41.0
48-49	36.67381220498334	40.0	35.5	41.0	30.0	41.0
50-51	36.507014146092956	40.0	35.0	41.0	30.0	41.0
52-53	36.32275372241609	39.0	35.0	41.0	30.0	41.0
54-55	36.10434263861371	39.0	35.0	41.0	29.0	41.0
56-57	35.87018676863517	39.0	35.0	41.0	29.0	41.0
58-59	35.61400842341685	38.5	35.0	41.0	28.5	41.0
60-61	35.34235909424885	38.0	35.0	40.5	28.0	41.0
62-63	35.036775201717276	37.0	34.5	40.0	28.0	41.0
64-65	34.72150837267869	37.0	34.0	40.0	28.0	41.0
66-67	34.37731601313956	36.0	34.0	39.5	28.0	41.0
68-69	34.03509635691192	36.0	34.0	39.0	27.0	41.0
70-71	33.7008775385257	35.0	34.0	39.0	26.5	41.0
72-73	33.295657376093004	35.0	34.0	38.5	26.0	40.5
74-75	32.80133142812771	35.0	34.0	37.0	25.5	39.5
76	29.182145763819605	35.0	30.0	36.0	2.0	39.0
>>END_MODULE
>>Per sequence quality scores	pass
#Quality	Count
2	198055.0
3	58668.0
4	43270.0
5	29573.0
6	25436.0
7	24838.0
8	25594.0
9	27684.0
10	31653.0
11	35544.0
12	40108.0
13	44789.0
14	48472.0
15	52222.0
16	55882.0
17	59266.0
18	63561.0
19	68120.0
20	73385.0
21	80549.0
22	92093.0
23	107451.0
24	128192.0
25	155406.0
26	188519.0
27	227503.0
28	273908.0
29	330112.0
30	399990.0
31	487041.0
32	603047.0
33	760637.0
34	995632.0
35	1377508.0
36	2084220.0
37	3373392.0
38	5304398.0
39	7156278.0
40	2066468.0
>>END_MODULE
>>Per base sequence content	fail
#Base	G	A	T	C
1	25.913010149558392	13.330050354754983	15.963309676864704	44.79362981882192
2	22.58737229935127	21.105934285928484	34.544496435756045	21.7621969789642
3	27.00130891366196	23.28818790262865	24.560756129187965	25.149747054521427
4	26.67441905664131	30.571561276028024	19.12716520784508	23.626854459485585
5	27.798586245415297	31.63651075728256	20.570643441812507	19.99425955548964
6	21.89977830887649	33.39647957379746	21.40355553305996	23.300186584266093
7	19.79099189132938	16.137973867475466	39.834097321557124	24.236936919638033
8	21.167505574480163	20.857760939173602	27.02726184631521	30.947471640031026
9	21.498544821944982	20.6951042313883	29.584592544810835	28.221758401855883
10-11	25.858683976250212	29.568731284533946	20.27967436008741	24.292910379128436
12-13	23.353087861516748	23.54340441155076	27.45213192166397	25.651375805268522
14-15	23.847485931378625	24.9091765443629	26.40402935004907	24.839308174209403
16-17	24.77527735094287	25.100990894939194	25.27875046523544	24.844981288882494
18-19	24.617337584639394	25.59079406432465	24.955928264469545	24.835940086566406
20-21	24.497995246983464	25.532265783111896	25.309523416774187	24.660215553130456
22-23	24.588834827294438	25.629933406035104	25.36048032082587	24.42075144584459
24-25	24.517272062454083	25.65172107912806	25.326833072333216	24.504173786084642
26-27	24.40915285147364	25.71389172827232	25.373925773413355	24.503029646840687
28-29	24.583043367991024	25.45640638350285	25.357782464459046	24.60276778404708
30-31	24.33114808109432	25.64169079767827	25.38241944828585	24.64474167294156
32-33	24.349736552501486	25.71438815915888	25.406152287456113	24.52972300088352
34-35	24.704528793821527	25.595476071748436	25.160595988556384	24.53939914587365
36-37	24.525846697925253	25.558123724156896	25.254675834306557	24.661353743611294
38-39	24.48787492586212	25.62447926963595	25.396600895773908	24.49104490872803
40-41	24.544671866059954	25.562582490444978	25.397416812324476	24.49532883117059
42-43	24.315343148198618	25.536329197334673	25.57030972791195	24.578017926554764
44-45	24.44492296797676	25.577826817859755	25.493702160248766	24.48354805391472
46-47	24.591370503264525	25.564318757602695	25.300929340515783	24.543381398617
48-49	24.46910158453059	25.544530535756394	25.417155842741096	24.569212036971923
50-51	24.408699231066166	25.65015372149616	25.416209121173427	24.524937926264244
52-53	24.552206725675067	25.58540193401708	25.28550365655638	24.57688768375147
54-55	24.438655885702254	25.559606676424018	25.39975136068964	24.601986077184087
56-57	24.468178029749453	25.569663255855207	25.45615134940471	24.50600736499063
58-59	24.59538013232195	25.529667368004887	25.31568263565651	24.55926986401665
60-61	24.404244784978193	25.647163141755673	25.430827731599955	24.51776434166618
62-63	24.349077398267934	25.660765775377158	25.5410482218805	24.449108604474404
64-65	24.549904891306344	25.576724689858	25.422265906346215	24.45110451248944
66-67	24.517518284582504	25.549320668737742	25.372651685521745	24.560509361158005
68-69	24.488088334930058	25.64053246472155	25.399938040519576	24.471441159828817
70-71	24.596968831452287	25.540368491943056	25.407752294158186	24.454910382446474
72-73	24.51105519480818	25.65029114001543	25.459204824579707	24.37944884059668
74-75	24.461534544209073	25.71860582756203	25.47294557622462	24.346914052004273
76	24.627528247439972	25.47720383761555	25.335475206990637	24.55979270795384
>>END_MODULE
>>Per sequence GC content	pass
#GC Content	Count
0	185.0
1	196.0
2	238.5
3	290.0
4	310.0
5	351.0
6	444.5
7	530.5
8	564.0
9	654.0
10	838.5
11	1126.5
12	1320.0
13	1547.5
14	2444.0
15	4120.5
16	6952.0
17	8776.0
18	11993.5
19	20669.0
20	33834.0
21	41541.0
22	53412.5
23	82001.0
24	120035.0
25	141352.0
26	170284.5
27	231215.5
28	298482.5
29	333751.0
30	372245.0
31	448681.0
32	523868.5
33	561114.0
34	599295.5
35	673671.5
36	744774.0
37	779682.0
38	809788.0
39	865988.0
40	918032.0
41	966722.0
42	989462.0
43	997521.0
44	1010413.0
45	1016595.5
46	1017945.0
47	1032244.0
48	1052454.5
49	1063969.0
50	1069572.0
51	1077719.5
52	1084944.5
53	1078962.0
54	1073902.0
55	1062753.0
56	1035340.0
57	1003510.0
58	987944.0
59	966339.5
60	911317.0
61	834509.5
62	791120.0
63	738268.5
64	633879.5
65	546205.5
66	466051.5
67	422034.0
68	377755.5
69	297621.0
70	229333.0
71	196901.0
72	173603.5
73	133912.0
74	103178.5
75	88839.0
76	80104.0
77	63925.5
78	49257.5
79	42033.0
80	37000.0
81	28576.0
82	20898.0
83	16611.0
84	12935.5
85	6765.5
86	3182.0
87	2093.0
88	1427.0
89	562.5
90	251.5
91	121.5
92	104.0
93	85.0
94	58.0
95	39.0
96	28.0
97	25.5
98	19.5
99	9.5
100	3.0
>>END_MODULE
>>Per base N content	warn
#Base	N-Count
1	0.14033513068973305
2	0.003570054544256617
3	0.004048022711870788
4	0.11687424701630209
5	0.045649636685365765
6	0.04739973551447611
7	0.0495983890855013
8	0.04603568789766952
9	0.0482784616072437
10-11	0.055385480591845185
12-13	0.04767548638040736
14-15	0.04537940083675313
16-17	0.03903529258122812
18-19	0.03199445380445013
20-21	0.03384198460618953
22-23	0.03083813850664508
24-25	0.028911559123338728
26-27	0.02759714666239976
28-29	0.02308034747844584
30-31	0.022440605469485335
32-33	0.022571127546026127
34-35	0.027225802162945675
36-37	0.022615247684575127
38-39	0.021648281314709535
40-41	0.01898268961070743
42-43	0.01820323382967509
44-45	0.013612901081472837
46-47	0.013785704957456419
48-49	0.01287388876077708
50-51	0.014675461084861263
52-53	0.012535634365234744
54-55	0.011938174155717029
56-57	0.009700915463461466
58-59	0.009553848334964797
60-61	0.008342382863973494
62-63	0.007173199192424985
64-65	0.008132812205865743
66-67	0.007803749505854447
68-69	0.006094094137080682
70-71	0.005735618011370054
72-73	0.003930369009073453
74-75	0.006458085280109936
76	10.221047776815633
>>END_MODULE
>>Sequence Length Distribution	pass
#Length	Count
76	2.7198464E7
>>END_MODULE
>>Sequence Duplication Levels	pass
#Total Deduplicated Percentage	81.25806230830919
#Duplication Level	Percentage of deduplicated	Percentage of total
1	87.64830436824211	71.22131377572266
2	8.500123343258469	13.814071045096203
3	2.1248281913155376	5.179782646931097
4	0.7941757015141184	2.581327145495176
5	0.3546857638097515	1.441053894776151
6	0.17839922871846944	0.8697825385775815
7	0.10669700903685889	0.6068994545899116
8	0.06496908852971942	0.42234097950895966
9	0.04395154657520218	0.3214275759138899
>10	0.17035690051243174	2.337801060346928
>50	0.008978109257537751	0.50624804765109
>100	0.00437113741062334	0.6131273281094158
>500	1.4736730703210325E-4	0.07365104658260667
>1k	1.2244512181535841E-5	0.011173460698372873
>5k	0.0	0.0
>10k+	0.0	0.0
>>END_MODULE
>>Overrepresented sequences	pass
>>END_MODULE
>>Adapter Content	pass
#Position	Illumina Universal Adapter	Illumina Small RNA 3' Adapter	Illumina Small RNA 5' Adapter	Nextera Transposase Sequence	SOLID Small RNA Adapter
1	0.0	0.0	0.0	3.6766782124167013E-6	0.0
2	0.0	1.1030034637250104E-5	0.0	7.353356424833403E-6	0.0
3	0.0	1.1030034637250104E-5	0.0	1.8383391062083506E-5	0.0
4	3.6766782124167013E-6	1.1030034637250104E-5	0.0	2.2060069274500208E-5	0.0
5	3.6766782124167013E-6	1.1030034637250104E-5	0.0	2.2060069274500208E-5	0.0
6	3.6766782124167013E-6	1.1030034637250104E-5	0.0	2.2060069274500208E-5	0.0
7	3.6766782124167013E-6	1.4706712849666805E-5	0.0	2.573674748691691E-5	0.0
8	3.6766782124167013E-6	1.8383391062083506E-5	0.0	2.573674748691691E-5	0.0
9	3.6766782124167013E-6	1.8383391062083506E-5	0.0	3.309010391175031E-5	0.0
10	3.6766782124167013E-6	2.2060069274500208E-5	0.0	3.309010391175031E-5	0.0
11	7.353356424833403E-6	2.2060069274500208E-5	0.0	3.309010391175031E-5	0.0
12	7.353356424833403E-6	2.2060069274500208E-5	0.0	3.309010391175031E-5	0.0
13	1.1030034637250104E-5	2.2060069274500208E-5	0.0	3.309010391175031E-5	0.0
14	1.4706712849666805E-5	2.2060069274500208E-5	0.0	3.309010391175031E-5	0.0
15	2.573674748691691E-5	2.941342569933361E-5	0.0	3.309010391175031E-5	0.0
16	7.721024246075072E-5	4.4120138549000415E-5	0.0	3.676678212416701E-5	0.0
17	3.0148761341816947E-4	5.147349497383382E-5	0.0	4.044346033658371E-5	0.0
18	7.537190335454237E-4	5.147349497383382E-5	0.0	4.779681676141711E-5	0.0
19	0.0013530175821693461	5.147349497383382E-5	0.0	5.147349497383382E-5	0.0
20	0.0018677525319076842	5.5150173186250516E-5	0.0	5.147349497383382E-5	0.0
21	0.0024560210458943565	5.5150173186250516E-5	0.0	5.147349497383382E-5	3.6766782124167013E-6
22	0.0030553195945182787	5.882685139866722E-5	0.0	5.147349497383382E-5	3.6766782124167013E-6
23	0.0036472647867173674	6.985688603591733E-5	0.0	6.618020782350062E-5	7.353356424833403E-6
24	0.0042355333007040395	7.721024246075072E-5	0.0	7.353356424833403E-5	7.353356424833403E-6
25	0.004717178146530628	7.721024246075072E-5	0.0	7.721024246075072E-5	1.4706712849666805E-5
26	0.005213529705206882	7.721024246075072E-5	0.0	7.721024246075072E-5	1.4706712849666805E-5
27	0.005742971367794887	8.088692067316742E-5	0.0	8.088692067316742E-5	1.8383391062083506E-5
28	0.006250352961108392	8.088692067316742E-5	0.0	8.088692067316742E-5	1.8383391062083506E-5
29	0.006801854692970897	8.456359888558413E-5	0.0	8.088692067316742E-5	1.8383391062083506E-5
30	0.007224672687398818	9.191695531041753E-5	0.0	8.824027709800083E-5	1.8383391062083506E-5
31	0.007610723899702572	9.559363352283423E-5	3.6766782124167013E-6	8.824027709800083E-5	1.8383391062083506E-5
32	0.008107075458378826	1.0294698994766764E-4	3.6766782124167013E-6	9.559363352283423E-5	1.8383391062083506E-5
33	0.008540923487443997	1.0294698994766764E-4	3.6766782124167013E-6	1.0294698994766764E-4	1.8383391062083506E-5
34	0.008846087779074583	1.0294698994766764E-4	3.6766782124167013E-6	1.0662366816008433E-4	1.8383391062083506E-5
35	0.009221108956741086	1.1397702458491773E-4	3.6766782124167013E-6	1.0662366816008433E-4	1.8383391062083506E-5
36	0.00960716016904484	1.2133038100975114E-4	3.6766782124167013E-6	1.0662366816008433E-4	2.2060069274500208E-5
37	0.00995276792101201	1.2868373743458455E-4	3.6766782124167013E-6	1.1030034637250103E-4	2.2060069274500208E-5
38	0.01029837567297918	1.2868373743458455E-4	3.6766782124167013E-6	1.1765370279733444E-4	2.2060069274500208E-5
39	0.010596186608184933	1.3236041564700123E-4	3.6766782124167013E-6	1.2133038100975114E-4	2.2060069274500208E-5
40	0.010916057612665186	1.3971377207183466E-4	3.6766782124167013E-6	1.2500705922216784E-4	2.2060069274500208E-5
41	0.011261665364632356	1.3971377207183466E-4	3.6766782124167013E-6	1.3236041564700123E-4	2.2060069274500208E-5
42	0.011537416230563608	1.3971377207183466E-4	3.6766782124167013E-6	1.3603709385941794E-4	2.2060069274500208E-5
43	0.011879347304318362	1.3971377207183466E-4	3.6766782124167013E-6	1.3971377207183466E-4	2.2060069274500208E-5
44	0.01215877484846203	1.4339045028425134E-4	3.6766782124167013E-6	1.3971377207183466E-4	2.2060069274500208E-5
45	0.012522765991491285	1.4706712849666805E-4	3.6766782124167013E-6	1.3971377207183466E-4	2.2060069274500208E-5
46	0.01279484017921012	1.4706712849666805E-4	3.6766782124167013E-6	1.3971377207183466E-4	2.2060069274500208E-5
47	0.01314044793117729	1.5074380670908474E-4	3.6766782124167013E-6	1.4339045028425134E-4	2.2060069274500208E-5
48	0.013449288901020293	1.5442048492150145E-4	3.6766782124167013E-6	1.4339045028425134E-4	2.2060069274500208E-5
49	0.013791219974775046	1.6177384134633484E-4	3.6766782124167013E-6	1.5074380670908474E-4	2.2060069274500208E-5
50	0.014118444335680132	1.6545051955875155E-4	3.6766782124167013E-6	1.5809716313391816E-4	2.2060069274500208E-5
51	0.014416255270885886	1.6545051955875155E-4	3.6766782124167013E-6	1.6177384134633484E-4	2.941342569933361E-5
52	0.014783923092127555	1.6545051955875155E-4	3.6766782124167013E-6	1.6177384134633484E-4	3.309010391175031E-5
53	0.015298658041865894	1.6545051955875155E-4	3.6766782124167013E-6	1.6177384134633484E-4	3.309010391175031E-5
54	0.01579133292232973	1.6912719777116827E-4	3.6766782124167013E-6	1.6177384134633484E-4	3.309010391175031E-5
55	0.016247241020669403	1.7280387598358495E-4	3.6766782124167013E-6	1.6545051955875155E-4	3.309010391175031E-5
56	0.016754622613982906	1.8015723240841835E-4	3.6766782124167013E-6	1.6912719777116827E-4	3.309010391175031E-5
57	0.017302447667632996	1.8751058883325177E-4	3.6766782124167013E-6	1.7280387598358495E-4	3.309010391175031E-5
58	0.0178539493994955	1.8751058883325177E-4	3.6766782124167013E-6	1.7280387598358495E-4	3.309010391175031E-5
59	0.01865546524980234	1.8751058883325177E-4	3.6766782124167013E-6	1.7648055419600166E-4	3.309010391175031E-5
60	0.0195488980554196	1.8751058883325177E-4	3.6766782124167013E-6	1.8015723240841835E-4	3.309010391175031E-5
61	0.020611458058808027	1.9486394525808516E-4	3.6766782124167013E-6	1.8383391062083506E-4	3.309010391175031E-5
62	0.021942415571702872	1.9854062347050188E-4	3.6766782124167013E-6	1.8383391062083506E-4	3.309010391175031E-5
63	0.02356015398516622	2.0221730168291856E-4	3.6766782124167013E-6	1.8383391062083506E-4	3.309010391175031E-5
64	0.02502347191370807	2.0957065810775196E-4	3.6766782124167013E-6	1.8383391062083506E-4	3.309010391175031E-5
65	0.026372812817664997	2.1692401453258538E-4	7.353356424833403E-6	1.9118726704566845E-4	3.676678212416701E-5
>>END_MODULE
