##FastQC	0.11.7
>>Basic Statistics	pass
#Measure	Value
Filename	SRR655277_1.fastq.gz
File type	Conventional base calls
Encoding	Sanger / Illumina 1.9
Total Sequences	49408418
Sequences flagged as poor quality	0
Sequence length	76
%GC	47
>>END_MODULE
>>Per base sequence quality	pass
#Base	Mean	Median	Lower Quartile	Upper Quartile	10th Percentile	90th Percentile
1	31.21078197646401	33.0	31.0	34.0	28.0	34.0
2	31.47900149322733	34.0	31.0	34.0	28.0	34.0
3	31.644366613802532	34.0	31.0	34.0	28.0	34.0
4	35.05332042811004	37.0	35.0	37.0	32.0	37.0
5	34.76943777070539	37.0	35.0	37.0	32.0	37.0
6	34.69467508552895	37.0	35.0	37.0	32.0	37.0
7	34.67944087989217	37.0	35.0	37.0	32.0	37.0
8	34.61235567186142	37.0	35.0	37.0	32.0	37.0
9	36.17765363384029	39.0	37.0	39.0	32.0	39.0
10-11	36.24700403279458	39.0	37.0	39.0	32.0	39.0
12-13	36.08453347969976	39.0	37.0	39.0	31.5	39.0
14-15	37.290057991737356	40.0	38.0	41.0	31.5	41.0
16-17	37.227824841507775	40.0	38.0	41.0	31.0	41.0
18-19	37.202851172041164	40.0	38.0	41.0	31.0	41.0
20-21	37.11863082724082	40.0	38.0	41.0	31.0	41.0
22-23	36.958655162770036	40.0	37.0	41.0	30.5	41.0
24-25	36.89208857081803	40.0	37.0	41.0	30.0	41.0
26-27	36.786412934735125	40.0	37.0	41.0	30.0	41.0
28-29	36.70680950561906	40.0	37.0	41.0	30.0	41.0
30-31	36.72107630525632	40.0	37.0	41.0	30.0	41.0
32-33	36.53886265899062	40.0	37.0	41.0	30.0	41.0
34-35	36.39091223281021	40.0	36.5	41.0	29.5	41.0
36-37	36.309956291253854	40.0	36.0	41.0	29.0	41.0
38-39	36.27255790703519	40.0	36.0	41.0	29.0	41.0
40-41	36.16684153902681	40.0	36.0	41.0	29.0	41.0
42-43	36.148215441749215	40.0	36.0	41.0	29.0	41.0
44-45	35.99700972008454	40.0	36.0	41.0	28.0	41.0
46-47	35.78900673362988	39.5	35.0	41.0	27.5	41.0
48-49	35.61931293772652	39.0	35.0	41.0	27.5	41.0
50-51	34.67861695146766	38.0	34.0	40.0	25.5	40.5
52-53	34.71193540339624	38.5	34.5	40.0	26.0	40.5
54-55	35.041274667001076	39.0	35.0	40.0	26.0	41.0
56-57	34.896614641658836	38.5	35.0	40.5	26.0	41.0
58-59	34.60724281842013	38.0	34.0	40.0	25.5	41.0
60-61	34.26549091290476	38.0	34.0	40.0	24.0	41.0
62-63	33.89964074542925	37.0	34.0	40.0	23.0	41.0
64-65	33.54145847171225	36.5	33.5	40.0	22.0	41.0
66-67	33.153561656234366	36.0	33.0	39.0	21.5	41.0
68-69	32.69769187914497	35.5	33.0	39.0	19.5	41.0
70-71	32.17073566289858	35.0	32.0	38.5	12.5	40.0
72-73	31.606472079312475	35.0	32.0	37.5	2.0	40.0
74-75	30.991267024578686	35.0	32.0	37.0	2.0	39.0
76	28.669401193942296	33.0	28.0	35.0	2.0	38.0
>>END_MODULE
>>Per sequence quality scores	pass
#Quality	Count
2	896763.0
3	223280.0
4	126988.0
5	100593.0
6	80603.0
7	76066.0
8	75538.0
9	77355.0
10	82943.0
11	91493.0
12	100869.0
13	112434.0
14	120425.0
15	124403.0
16	126458.0
17	130880.0
18	137484.0
19	147381.0
20	161195.0
21	180416.0
22	207607.0
23	241235.0
24	280849.0
25	328386.0
26	386047.0
27	454437.0
28	539947.0
29	626565.0
30	746792.0
31	910582.0
32	1134061.0
33	1454881.0
34	1951723.0
35	2727216.0
36	4081998.0
37	6492958.0
38	1.0049632E7
39	1.2606669E7
40	1013266.0
>>END_MODULE
>>Per base sequence content	fail
#Base	G	A	T	C
1	26.37735625740521	15.30976692700316	18.73242217252054	39.580454643071086
2	22.694773391624956	21.911835269219914	33.757168262937995	21.63622307621714
3	25.78943095044588	24.130442708132485	27.891760319800103	22.18836602162153
4	25.690154139985438	29.886277058072007	20.958688417214542	23.464880384728012
5	27.440486452214753	31.515191989944853	21.961674425553806	19.08264713228659
6	22.73444386707352	33.62571915346336	21.017386513947017	22.62245046551611
7	19.04798420724341	17.778400252189186	40.34094529970908	22.832670240858324
8	20.46049700002083	23.367083027307853	26.685813843298178	29.48660612937314
9	21.661447685729964	21.830211492716266	29.505174210184208	27.003166611369554
10-11	25.290299572177105	30.55045471446509	20.51475241986442	23.644493293493383
12-13	22.615992284210225	24.191321967251092	28.064420136174085	25.128265612364597
14-15	22.545733561940036	26.172784650927483	27.234433030201426	24.04704875693105
16-17	23.834393061109267	25.85609267010776	26.089712290148125	24.21980197863485
18-19	23.380273097371223	26.075518079241593	26.71435915428227	23.829849669104917
20-21	23.77317260901314	26.035040115871066	26.731599565139412	23.46018770997638
22-23	23.412755836724795	27.552057882446984	25.9620694386865	23.07311684214172
24-25	23.16671455655092	26.421605673009612	26.616919685197733	23.794760085241734
26-27	23.08999937942602	26.31701546257435	26.19056187529442	24.40242328270521
28-29	23.80881181791982	26.925092081890046	25.950608440752802	23.31548765943733
30-31	23.165471986983192	26.278068765601	26.77140372961083	23.785055517804977
32-33	23.00567700813275	26.9521534441048	26.22930792019693	23.81286162756552
34-35	23.373451022900035	26.763169455854914	26.593479108733675	23.269900412511376
36-37	23.172336615523303	26.631645134744957	26.86074085374249	23.335277395989248
38-39	23.72621137828427	26.365557695148357	26.825146897918106	23.08308402864927
40-41	23.406023386294546	26.307721224202474	27.117733054218945	23.168522335284035
42-43	22.97535949159986	27.020811578336385	26.9772557910986	23.026573138965166
44-45	23.038052490425983	26.348740558153228	26.92829616775459	23.6849107836662
46-47	23.709062602638056	26.277089893726913	26.25006079725067	23.763786706384366
48-49	23.27828579688869	26.9057662892986	26.810658213407145	23.005289700405562
50-51	23.62022178806737	26.597486255615678	26.762795483526837	23.01949647279012
52-53	23.250398151400635	26.523160814402537	25.93532066084555	24.291120373351276
54-55	23.63403076032359	26.443965984436435	26.600671948600134	23.321331306639838
56-57	22.9833735715683	26.309499297524464	26.933311704168734	23.773815426738505
58-59	23.06918103382825	26.287893926464022	27.054456021857725	23.588469017850002
60-61	23.574360272650782	26.336608101128256	26.79422005939424	23.294811566826723
62-63	23.153622515712794	26.4965828521072	26.805196202548753	23.544598429631254
64-65	23.565692721569157	26.443263610461425	27.005846375300152	22.985197292669266
66-67	23.082292085186154	27.801711154630393	26.069980749925385	23.046016010258068
68-69	23.06553630648952	27.97564717431228	26.061490508341535	22.89732601085667
70-71	23.060216764076365	27.9465880830767	26.0839377835606	22.909257369286333
72-73	23.0394906254724	27.897106847463206	26.045280918511445	23.018121608552953
74-75	23.056595031861004	27.781918590788585	26.195259326848458	22.96622705050195
76	23.062551569491823	27.70989345527167	26.225601991616916	23.001952983619596
>>END_MODULE
>>Per sequence GC content	warn
#GC Content	Count
0	2115.0
1	1139.5
2	157.5
3	209.0
4	267.0
5	289.5
6	340.5
7	468.0
8	567.0
9	729.0
10	1178.0
11	2067.5
12	2670.0
13	3398.0
14	5955.5
15	10776.0
16	18333.5
17	22900.0
18	32237.5
19	55575.0
20	89221.5
21	108868.0
22	137512.5
23	204111.0
24	285893.0
25	329721.0
26	385863.5
27	503677.5
28	637784.0
29	710219.0
30	785113.0
31	930879.0
32	1084107.5
33	1166464.0
34	1243255.0
35	1391125.5
36	1528175.5
37	1594146.0
38	1660810.0
39	1816289.0
40	2101327.0
41	2239390.0
42	2181230.0
43	2181158.0
44	2185921.0
45	2176611.0
46	2162466.0
47	2163984.0
48	2127709.5
49	2030648.0
50	1971379.0
51	1965056.5
52	1882050.0
53	1781564.0
54	1757762.0
55	1706972.5
56	1617668.0
57	1524911.0
58	1470669.0
59	1393763.5
60	1261984.0
61	1144456.0
62	1081802.0
63	1020676.5
64	884472.5
65	747304.5
66	619182.5
67	553150.0
68	496740.5
69	389471.0
70	293625.0
71	248639.0
72	212146.5
73	149641.5
74	103857.5
75	84086.0
76	70223.0
77	46552.5
78	29943.5
79	23142.0
80	18680.5
81	11205.5
82	6127.0
83	4062.0
84	2982.5
85	1355.5
86	586.5
87	365.0
88	284.0
89	163.5
90	106.0
91	70.0
92	52.0
93	42.5
94	29.0
95	19.0
96	13.0
97	11.0
98	7.5
99	5.5
100	5.0
>>END_MODULE
>>Per base N content	pass
#Base	N-Count
1	0.2711764622781486
2	0.00706762155388177
3	0.016816972362887636
4	0.0311566340780229
5	0.08069272730003214
6	0.04006199915164254
7	0.021417403002055236
8	0.015331395552879268
9	0.017422132398572245
10-11	0.01467664882530746
12-13	0.015992214120274
14-15	0.01147071739880439
16-17	0.007587775832045463
18-19	0.011332077056180993
20-21	0.006393647333537374
22-23	0.01147375331871585
24-25	0.010428384895869364
26-27	0.005148920169838265
28-29	0.006220599898584083
30-31	0.003077410816917878
32-33	0.0026705975487820717
34-35	0.003358739395379953
36-37	0.004921226176478672
38-39	0.004736035061879537
40-41	0.007253824641784726
42-43	0.0033708830750257984
44-45	0.003582385495524265
46-47	0.004859495804945627
48-49	0.01041826516283116
50-51	0.016129842489593576
52-53	0.0122296973766697
54-55	0.006377455760676247
56-57	0.012115344393337994
58-59	0.03292556341310098
60-61	0.04857573055668368
62-63	0.04064388380133928
64-65	0.026710023381036
66-67	0.016373728055814295
68-69	0.017502078289574056
70-71	0.010925263788045187
72-73	0.019825568995145725
74-75	0.0064725812512353665
76	0.12625783727785012
>>END_MODULE
>>Sequence Length Distribution	pass
#Length	Count
76	4.9408418E7
>>END_MODULE
>>Sequence Duplication Levels	warn
#Total Deduplicated Percentage	64.08955597421189
#Duplication Level	Percentage of deduplicated	Percentage of total
1	80.96340971895438	51.88908979045978
2	12.927552680936849	16.5704222230895
3	3.4268537560335295	6.588766068382474
4	1.2276950067730652	3.147297114233712
5	0.535334232566701	1.7154666631497673
6	0.28055777505956353	1.0788493937208148
7	0.1658965219726331	0.7442564101624499
8	0.10048532106864327	0.5152047687372372
9	0.06195722398427041	0.3573729877092013
>10	0.24376690486029337	2.668337270180273
>50	0.023542948204474334	1.0669789523053488
>100	0.030522281266077117	4.355862516249184
>500	0.007040838004977342	3.158812549515199
>1k	0.0053391582848851295	5.932285294294708
>5k	4.563202950813101E-5	0.21099799781036732
>10k+	0.0	0.0
>>END_MODULE
>>Overrepresented sequences	pass
>>END_MODULE
>>Adapter Content	pass
#Position	Illumina Universal Adapter	Illumina Small RNA 3' Adapter	Illumina Small RNA 5' Adapter	Nextera Transposase Sequence	SOLID Small RNA Adapter
1	0.2717451912748957	0.0	0.0	4.047893215281655E-6	2.0239466076408274E-6
2	0.27318421731292836	2.2263412684049104E-5	0.0	5.0598665191020686E-5	2.0239466076408274E-6
3	0.2733319654152861	2.428735929168993E-5	0.0	5.8694451621584E-5	2.0239466076408274E-6
4	0.27349590509050503	2.428735929168993E-5	0.0	7.893391769799228E-5	2.0239466076408274E-6
5	0.2736436531928628	2.428735929168993E-5	0.0	8.09578643056331E-5	4.047893215281655E-6
6	0.2737711618291442	2.428735929168993E-5	0.0	8.500575752091476E-5	8.09578643056331E-6
7	0.27395736491704714	3.238314572225324E-5	0.0	9.310154395147806E-5	8.09578643056331E-6
8	0.27450383050111016	3.440709232989407E-5	0.0	1.1334101002788634E-4	8.09578643056331E-6
9	0.2750381524055273	3.440709232989407E-5	0.0	1.2346074306609047E-4	8.09578643056331E-6
10	0.275795108436785	3.440709232989407E-5	0.0	1.2346074306609047E-4	8.09578643056331E-6
11	0.2906670681097298	3.8454985545175724E-5	0.0	1.254846896737313E-4	8.09578643056331E-6
12	0.29151914963154657	4.452682536809821E-5	0.0	1.2953258288901296E-4	1.4167626253485793E-5
13	0.2923712311533634	4.857471858337986E-5	0.0	1.4572415575013958E-4	1.4167626253485793E-5
14	0.293235456354826	4.857471858337986E-5	0.0	1.4572415575013958E-4	1.4167626253485793E-5
15	0.2948060389223553	5.0598665191020686E-5	0.0	2.064425539793644E-4	1.4167626253485793E-5
16	0.2957552698813388	5.464655840630234E-5	0.0	2.1656228701756854E-4	1.4167626253485793E-5
17	0.2994611161199292	5.667050501394317E-5	0.0	2.34777806486336E-4	1.4167626253485793E-5
18	0.30032736526799947	5.667050501394317E-5	0.0	2.529933259551034E-4	2.0239466076408276E-5
19	0.30206795935057057	5.667050501394317E-5	0.0	2.651370056009484E-4	2.0239466076408276E-5
20	0.3042153667012775	6.071839822922483E-5	0.0	2.732327920315117E-4	2.0239466076408276E-5
21	0.3081033681345555	6.881418465978813E-5	0.0	2.7525673863915254E-4	2.0239466076408276E-5
22	0.3095383462793729	7.286207787506979E-5	0.0	2.874004182849975E-4	2.0239466076408276E-5
23	0.31244675755455276	7.488602448271062E-5	0.0	2.954962047155608E-4	2.0239466076408276E-5
24	0.3135315929362482	7.488602448271062E-5	0.0	3.096638309690466E-4	2.2263412684049104E-5
25	0.3141711600642627	7.690997109035145E-5	0.0	3.238314572225324E-4	2.2263412684049104E-5
26	0.31496454713445793	7.690997109035145E-5	0.0	3.2787935043781407E-4	2.428735929168993E-5
27	0.31630844768193145	7.893391769799228E-5	0.0	3.2787935043781407E-4	2.428735929168993E-5
28	0.319421277564483	8.09578643056331E-5	0.0	3.3395119026073656E-4	2.428735929168993E-5
29	0.3204150353488347	8.298181091327393E-5	0.0	3.359751368683774E-4	2.428735929168993E-5
30	0.321512014410176	8.298181091327393E-5	0.0	3.4002303008365904E-4	2.6311305899330757E-5
31	0.32342059606118134	8.500575752091476E-5	0.0	3.4204697669129987E-4	2.6311305899330757E-5
32	0.3264868751717572	9.107759734383725E-5	0.0	3.4811881651422235E-4	2.6311305899330757E-5
33	0.34532779414228565	9.310154395147806E-5	0.0	3.501427631218632E-4	2.8335252506971586E-5
34	0.34937366341095966	9.310154395147806E-5	0.0	3.582385495524265E-4	2.8335252506971586E-5
35	0.35029051122422095	9.310154395147806E-5	0.0	3.582385495524265E-4	2.8335252506971586E-5
36	0.35112842511978426	1.0119733038204137E-4	0.0	3.703822291982714E-4	2.8335252506971586E-5
37	0.3532333295917307	1.0726917020496386E-4	0.0	3.764540690211939E-4	2.8335252506971586E-5
38	0.3543019734005651	1.0929311681260469E-4	0.0	3.8859774866703887E-4	2.8335252506971586E-5
39	0.3555203892583648	1.0929311681260469E-4	0.0	3.9466958848996135E-4	2.8335252506971586E-5
40	0.35825676507189524	1.1536495663552717E-4	0.0	3.966935350976022E-4	2.8335252506971586E-5
41	0.361723785610784	1.1536495663552717E-4	0.0	4.0074142831288383E-4	3.0359199114612414E-5
42	0.4024010645311493	1.1536495663552717E-4	0.0	4.250287876045738E-4	3.440709232989407E-5
43	0.40401819787065435	1.2750863628137213E-4	0.0	4.270527342122146E-4	3.6431038937534895E-5
44	0.40506862616001993	1.335804761042946E-4	0.0	4.3110062742749626E-4	3.8454985545175724E-5
45	0.4059085640021909	1.4370020914249875E-4	0.0	4.351485206427779E-4	4.250287876045738E-5
46	0.4065339635039519	1.4370020914249875E-4	0.0	4.3717246725041874E-4	4.250287876045738E-5
47	0.407232225083588	1.5584388878834372E-4	0.0	4.493161468962637E-4	4.250287876045738E-5
48	0.4081612165764951	1.7001151504182952E-4	0.0	4.69555612972672E-4	4.655077197573903E-5
49	0.4104199409906223	1.8013124808003366E-4	0.0	4.776513994032353E-4	4.655077197573903E-5
50	0.4118731346549084	1.821551946876745E-4	0.0	4.8169929261851697E-4	4.857471858337986E-5
51	0.41281224588085375	1.841791412953153E-4	0.0	4.857471858337986E-4	4.857471858337986E-5
52	0.41396791939381666	1.9429887433351943E-4	0.0	4.958669188720028E-4	5.0598665191020686E-5
53	0.41486655168760916	2.064425539793644E-4	0.0	5.16106384948411E-4	5.0598665191020686E-5
54	0.4159169799769748	2.0846650058700523E-4	0.0	5.181303315560518E-4	5.0598665191020686E-5
55	0.4165970260371421	2.0846650058700523E-4	0.0	5.201542781636927E-4	5.0598665191020686E-5
56	0.41731957497606986	2.1049044719464606E-4	0.0	5.343219044171784E-4	5.464655840630234E-5
57	0.41829106934773747	2.1453834040992772E-4	0.0	5.383697976324601E-4	5.464655840630234E-5
58	0.41951150915214486	2.1858623362520937E-4	0.0	5.40393744240101E-4	5.464655840630234E-5
59	0.4229340028656655	2.2668202005577268E-4	0.0	5.707529433547134E-4	5.464655840630234E-5
60	0.42473126745325057	2.3680175309397683E-4	0.0	6.071839822922483E-4	5.464655840630234E-5
61	0.4257614562765398	2.3680175309397683E-4	0.0	6.09207928899889E-4	5.464655840630234E-5
62	0.42687462691074224	2.428735929168993E-4	0.0	6.233755551533749E-4	5.464655840630234E-5
63	0.42792707914671546	2.4894543273982177E-4	0.0	6.415910746221423E-4	5.464655840630234E-5
64	0.42959278720480387	2.529933259551034E-4	0.0	6.537347542679873E-4	5.464655840630234E-5
65	0.43353948308970347	2.5501727256274425E-4	0.0	6.861178999902405E-4	5.667050501394317E-5
>>END_MODULE
