##FastQC	0.11.7
>>Basic Statistics	pass
#Measure	Value
Filename	SRR600900_2_val_2.fq.gz
File type	Conventional base calls
Encoding	Sanger / Illumina 1.9
Total Sequences	44590580
Sequences flagged as poor quality	0
Sequence length	20-76
%GC	50
>>END_MODULE
>>Per base sequence quality	pass
#Base	Mean	Median	Lower Quartile	Upper Quartile	10th Percentile	90th Percentile
1	31.20611797379626	31.0	31.0	34.0	27.0	34.0
2	31.318535417121733	33.0	31.0	34.0	27.0	34.0
3	31.52556344860282	33.0	31.0	34.0	28.0	34.0
4	35.03499575470873	37.0	35.0	37.0	32.0	37.0
5	35.03231079299709	37.0	35.0	37.0	32.0	37.0
6	34.98120872166274	37.0	35.0	37.0	32.0	37.0
7	34.857207172456604	37.0	35.0	37.0	32.0	37.0
8	34.845920147259804	37.0	35.0	37.0	31.0	37.0
9	36.399648939305116	39.0	37.0	39.0	32.0	39.0
10-11	36.6231953363244	39.0	37.0	39.0	32.0	39.0
12-13	36.52187430618754	39.0	37.0	39.0	32.0	39.0
14-15	37.79139232994951	40.0	38.0	41.0	32.0	41.0
16-17	37.749646326645674	40.0	37.0	41.0	32.0	41.0
18-19	37.75520071728154	40.0	37.5	41.0	32.0	41.0
20-21	37.72297208539206	40.0	37.0	41.0	32.0	41.0
22-23	37.43782348898134	40.0	37.0	41.0	31.0	41.0
24-25	37.49798981364844	40.0	37.0	41.0	31.0	41.0
26-27	37.43811637557424	40.0	37.0	41.0	31.0	41.0
28-29	37.42416549413932	40.0	37.0	41.0	31.0	41.0
30-31	37.44941609208696	40.0	37.0	41.0	31.0	41.0
32-33	37.364138072535994	40.0	37.0	41.0	31.0	41.0
34-35	37.28440755615823	40.0	36.5	41.0	30.5	41.0
36-37	37.231696975222874	40.0	36.0	41.0	30.0	41.0
38-39	37.140050724491985	40.0	36.0	41.0	30.0	41.0
40-41	37.01494175756322	39.0	36.0	41.0	30.0	41.0
42-43	36.976133945432345	39.0	36.0	41.0	30.0	41.0
44-45	36.84910536522641	39.0	35.0	41.0	30.0	41.0
46-47	36.793409792141304	39.0	35.0	41.0	30.0	41.0
48-49	36.575636660856816	39.0	35.0	40.0	30.0	41.0
50-51	35.80714097445436	38.0	34.0	39.5	28.5	40.5
52-53	36.03220990856484	38.0	34.5	40.0	29.5	40.5
54-55	36.349017834976536	38.0	35.0	40.0	30.0	41.0
56-57	36.16673014490928	38.0	34.5	40.0	29.5	41.0
58-59	35.90543570156004	37.5	34.0	40.0	29.0	41.0
60-61	35.58155071150982	37.0	34.0	40.0	28.5	41.0
62-63	35.24712907260023	36.5	34.0	39.5	28.0	41.0
64-65	35.03371690561209	36.0	34.0	39.0	28.0	41.0
66-67	34.9160308413245	35.5	33.5	39.0	29.0	40.5
68-69	34.78743579827743	35.0	33.0	38.5	29.0	40.0
70-71	34.648071447940126	35.0	33.0	37.5	29.0	40.0
72-73	34.5257738344586	35.0	33.0	37.0	29.0	39.0
74-75	34.462157819955294	35.0	33.0	37.0	30.0	39.0
76	32.98896630584414	34.0	31.0	35.0	27.0	37.0
>>END_MODULE
>>Per sequence quality scores	pass
#Quality	Count
12	3.0
13	7.0
14	17.0
15	70.0
16	122.0
17	407.0
18	4154.0
19	22873.0
20	96012.0
21	165288.0
22	236796.0
23	312071.0
24	389084.0
25	471192.0
26	558506.0
27	651289.0
28	752705.0
29	871693.0
30	1013958.0
31	1195378.0
32	1435372.0
33	1771307.0
34	2289020.0
35	3073849.0
36	4428859.0
37	6664942.0
38	9010283.0
39	8725433.0
40	449890.0
>>END_MODULE
>>Per base sequence content	fail
#Base	G	A	T	C
1	29.44002468181107	11.679845201222419	20.08995384206131	38.7901762749052
2	23.63327552062898	21.370705576054743	31.357996263370985	23.63802263994529
3	29.232486596181445	23.401176584453648	23.2782023346733	24.088134484691608
4	29.069956689420213	29.577717023275905	17.693730809393468	23.65859547791041
5	28.687161004436618	30.342644127248263	19.739506900856895	21.23068796745822
6	22.965744307678104	32.22667495228539	19.805186430682937	25.00239430935356
7	19.942229185741482	15.010117880828094	39.26852982003084	25.77912311339959
8	22.35968283206399	20.563793705607964	24.541014711063937	32.53550875126411
9	22.326779152138826	20.263696121552385	27.803299828212918	29.606224898095867
10-11	26.683869619822598	28.352629785162385	19.264630155831522	25.698870439183498
12-13	24.230326501259032	21.966449488217616	26.906271764301394	26.89695224622196
14-15	24.43475286855259	23.87731649813716	25.87141259219597	25.816518041114282
16-17	24.98082280362498	24.299437889403556	24.96557164966006	25.754167657311406
18-19	25.087013474543685	24.570834183581304	24.546556282109684	25.79559605976533
20-21	25.15783020669279	24.635022221911107	24.662152115125966	25.544995456270136
22-23	25.31119514181921	24.858605069346346	24.61947047889627	25.210729309938174
24-25	25.03107336203855	24.890148775415934	24.731969495187432	25.346808367358076
26-27	25.104579812953403	24.85778792364525	24.44776308844955	25.589869174951797
28-29	25.065364636054056	24.72011626523073	24.677748744646085	25.536770354069134
30-31	24.870679234767056	24.840411704022845	24.972018171739116	25.316890889470983
32-33	24.982059577601962	24.798119893364955	24.898969719069004	25.320850809964078
34-35	25.2447122377179	24.86685979904227	24.625963925790757	25.262464037449078
36-37	24.896407971381564	24.811357061574896	24.781758607901306	25.51047635914224
38-39	24.997743877290997	24.71962931157359	24.843836303532083	25.438790507603333
40-41	25.18839971810133	24.772817454662952	24.708184168576587	25.330598658659138
42-43	24.854788479680565	24.822901422916694	25.017209382945616	25.30510071445713
44-45	24.913440519584892	24.80214857056355	24.876433473661375	25.407977436190187
46-47	25.03099096676919	24.82476605747128	24.780434661645916	25.363808314113612
48-49	24.85164100056284	24.744523846870702	24.905666688196053	25.4981684643704
50-51	24.870153758604246	24.763885199610694	24.995587225582703	25.370373816202356
52-53	24.813495365358918	24.890394788590058	24.912612315743925	25.383497530307103
54-55	24.698371900468572	24.888166206174404	25.0026461231027	25.41081577025432
56-57	24.697090546950246	24.800118751567116	25.13614453820819	25.36664616327445
58-59	24.783719656722106	24.90245833939385	24.95785622105332	25.355965782830726
60-61	24.653508081805693	25.007534707621364	25.00182224946374	25.337134961109196
62-63	24.543990088979506	25.149290071135695	25.056175897566664	25.25054394231814
64-65	24.65333198378338	25.072910812210793	25.01793824262023	25.2558189613856
66-67	24.640664732662447	25.091017952183886	25.023861669511295	25.244455645642372
68-69	24.630503370878586	25.110562282480963	25.020369811119902	25.238564535520545
70-71	24.55558383997177	24.969415099059315	25.173058042897793	25.30194301807112
72-73	24.48905092900909	24.850589278818923	25.279863963632472	25.380495828539516
74-75	24.838617503514666	21.37684381751692	26.85468415369013	26.929854525278284
76	25.675904593521576	0.0	36.62317657531964	37.700918831158795
>>END_MODULE
>>Per sequence GC content	pass
#GC Content	Count
0	4079.0
1	3624.5
2	2881.0
3	2502.5
4	2495.0
5	2776.0
6	3242.0
7	3713.5
8	4131.0
9	4663.0
10	5446.5
11	6392.0
12	7316.0
13	8382.0
14	9757.0
15	11533.0
16	13733.5
17	16176.0
18	20924.0
19	29414.5
20	39370.5
21	48523.5
22	64528.5
23	91729.5
24	121478.0
25	146941.5
26	186870.0
27	249049.0
28	312632.0
29	362297.0
30	430668.5
31	525493.5
32	616790.5
33	689016.0
34	774207.5
35	883818.5
36	968090.0
37	1028214.0
38	1108067.0
39	1230950.0
40	1346262.5
41	1453338.5
42	1540881.5
43	1618225.0
44	1701393.0
45	1773900.0
46	1823749.0
47	1859959.5
48	1915546.0
49	1962561.5
50	1991348.0
51	2029048.0
52	2037040.5
53	2015704.0
54	2005207.0
55	1985490.0
56	1975250.5
57	1941678.5
58	1899884.0
59	1848373.5
60	1771454.0
61	1676453.5
62	1590972.0
63	1490588.0
64	1343338.5
65	1192834.0
66	1024417.5
67	904177.5
68	803403.0
69	666961.5
70	534513.5
71	447381.5
72	379550.5
73	294762.5
74	222263.0
75	177673.0
76	148078.0
77	114476.5
78	86344.0
79	68010.0
80	54731.5
81	41586.5
82	31685.0
83	24042.5
84	17785.0
85	12436.0
86	9037.5
87	7216.0
88	5513.5
89	3847.5
90	2867.0
91	2290.0
92	1989.0
93	1450.5
94	842.0
95	591.0
96	489.0
97	473.0
98	331.0
99	175.5
100	160.0
>>END_MODULE
>>Per base N content	pass
#Base	N-Count
1	0.023285187140422933
2	0.036283448208119295
3	0.03999499445847082
4	0.04473142085166867
5	0.05628991594188728
6	0.012778483706648355
7	0.19775028716827636
8	0.00241979359766121
9	0.19563100547245627
10-11	0.0021282522003526305
12-13	0.0030600633586735137
14-15	0.0032630210237229477
16-17	0.0011471032671026033
18-19	0.001450979108143469
20-21	0.001231734032141595
22-23	0.004170686748403513
24-25	0.004742846071178369
26-27	0.04833308799228763
28-29	1.3777301996596443E-4
30-31	2.9974481875245213E-4
32-33	0.0010764874107006951
34-35	4.5639491702308995E-4
36-37	3.810408192536855E-4
38-39	4.8438873794132755E-4
40-41	1.0508537724296885E-4
42-43	8.597319504600241E-4
44-45	4.6244249734095567E-4
46-47	9.179782837397482E-4
48-49	1.5454999688939298E-4
50-51	0.0012142716047800807
52-53	8.439459047832177E-4
54-55	0.0016181630996109468
56-57	0.0014613964318204156
58-59	1.2410796085948698E-4
60-61	9.193457935333216E-4
62-63	0.0010708770924962
64-65	6.975473239593412E-4
66-67	0.001315953755977195
68-69	2.85954504662338E-4
70-71	7.400692503422425E-5
72-73	2.9642279930032362E-5
74-75	0.0
76	0.0
>>END_MODULE
>>Sequence Length Distribution	warn
#Length	Count
20-21	71782.0
22-23	72144.0
24-25	83037.0
26-27	69984.0
28-29	70960.0
30-31	76053.0
32-33	84123.0
34-35	83236.0
36-37	86642.0
38-39	94674.0
40-41	96445.0
42-43	102035.0
44-45	107077.0
46-47	111596.0
48-49	116744.0
50-51	106991.0
52-53	111513.0
54-55	138488.0
56-57	158006.0
58-59	174931.0
60-61	178790.0
62-63	193250.0
64-65	228225.0
66-67	275249.0
68-69	364446.0
70-71	579467.0
72-73	1813690.0
74-75	1.3397789E7
76-77	2.5543213E7
>>END_MODULE
>>Sequence Duplication Levels	warn
#Total Deduplicated Percentage	60.93677770144108
#Duplication Level	Percentage of deduplicated	Percentage of total
1	89.00602580929352	54.23740408829647
2	7.018574627844937	8.553786437559229
3	1.8542949963401298	3.3898428595461896
4	0.7403880936764571	1.8046745870862402
5	0.38362769052059564	1.1688517648685388
6	0.2189567748835994	0.8005512190383824
7	0.14097262284894949	0.6013292166374871
8	0.10005484668485147	0.48776159603092495
9	0.06259295518665725	0.3432791696297037
>10	0.3363456389688008	3.832540034085394
>50	0.04650571765466598	2.012230305400145
>100	0.0705651059394079	9.792770061196583
>500	0.014167434848754767	6.072014095607955
>1k	0.006896479519183762	6.806630508604259
>5k	3.1205789679536595E-5	0.09633405641233418
>10k+	0.0	0.0
>>END_MODULE
>>Overrepresented sequences	pass
>>END_MODULE
>>Adapter Content	pass
#Position	Illumina Universal Adapter	Illumina Small RNA 3' Adapter	Illumina Small RNA 5' Adapter	Nextera Transposase Sequence	SOLID Small RNA Adapter
1	0.0	1.5698382932000434E-5	0.0	4.485252266285839E-6	0.0
2	0.0	2.9154139730857953E-5	0.0	4.036727039657255E-5	4.485252266285839E-6
3	0.0	3.139676586400087E-5	0.0	4.036727039657255E-5	4.485252266285839E-6
4	0.0	3.139676586400087E-5	0.0	5.1580401062287145E-5	6.7278783994287584E-6
5	0.0	3.363939199714379E-5	0.0	5.1580401062287145E-5	6.7278783994287584E-6
6	0.0	3.363939199714379E-5	0.0	5.1580401062287145E-5	1.5698382932000434E-5
7	0.0	4.485252266285839E-5	0.0	5.382302719543007E-5	1.5698382932000434E-5
8	0.0	5.606565332857298E-5	0.0	6.055090559485882E-5	1.5698382932000434E-5
9	0.0	6.055090559485882E-5	0.0	6.95214101274305E-5	1.5698382932000434E-5
10	0.0	6.279353172800174E-5	0.0	7.400666239371634E-5	1.5698382932000434E-5
11	0.0	6.279353172800174E-5	0.0	8.07345407931451E-5	1.7941009065143357E-5
12	0.0	6.727878399428758E-5	0.0	8.521979305943094E-5	1.7941009065143357E-5
13	0.0	8.297716692628802E-5	0.0	9.19476714588597E-5	1.7941009065143357E-5
14	0.0	8.521979305943094E-5	0.0	9.643292372514553E-5	1.7941009065143357E-5
15	0.0	8.746241919257385E-5	2.2426261331429196E-6	1.1885918505657473E-4	1.7941009065143357E-5
16	0.0	8.746241919257385E-5	2.2426261331429196E-6	1.1885918505657473E-4	1.7941009065143357E-5
17	0.0	8.746241919257385E-5	2.2426261331429196E-6	1.2110181118971764E-4	1.7941009065143357E-5
18	0.0	8.746241919257385E-5	2.2426261331429196E-6	1.2334443732286057E-4	1.7941009065143357E-5
19	0.0	8.746241919257385E-5	2.2426261331429196E-6	1.3231494185543224E-4	1.7941009065143357E-5
20	0.0	9.19476714588597E-5	2.2426261331429196E-6	1.4128544638800393E-4	1.7941009065143357E-5
21	0.0	9.867554985828846E-5	2.2426261331429196E-6	1.4128544638800393E-4	1.7941009065143357E-5
22	0.0	1.0540342825771722E-4	2.2426261331429196E-6	1.4128544638800393E-4	1.7941009065143357E-5
23	0.0	1.0540342825771722E-4	2.2426261331429196E-6	1.4577069865428976E-4	2.0183635198286276E-5
24	0.0	1.0988868052400305E-4	2.2426261331429196E-6	1.480133247874327E-4	2.0183635198286276E-5
25	0.0	1.0988868052400305E-4	2.2426261331429196E-6	1.5249857705371852E-4	2.2426261331429195E-5
26	0.0	1.0988868052400305E-4	2.2426261331429196E-6	1.5474120318686145E-4	2.6911513597715034E-5
27	0.0	1.0988868052400305E-4	2.2426261331429196E-6	1.5474120318686145E-4	2.6911513597715034E-5
28	2.2426261331429196E-6	1.1661655892343181E-4	2.2426261331429196E-6	1.5474120318686145E-4	2.9154139730857953E-5
29	2.2426261331429196E-6	1.2558706345600347E-4	2.2426261331429196E-6	1.5474120318686145E-4	3.139676586400087E-5
30	2.2426261331429196E-6	1.3007231572228933E-4	2.2426261331429196E-6	1.5698382932000435E-4	3.5882018130286714E-5
31	2.2426261331429196E-6	1.3007231572228933E-4	2.2426261331429196E-6	1.5922645545314728E-4	3.5882018130286714E-5
32	2.2426261331429196E-6	1.3231494185543224E-4	2.2426261331429196E-6	1.614690815862902E-4	3.5882018130286714E-5
33	2.2426261331429196E-6	1.3231494185543224E-4	2.2426261331429196E-6	1.637117077194331E-4	3.5882018130286714E-5
34	2.2426261331429196E-6	1.3231494185543224E-4	2.2426261331429196E-6	1.637117077194331E-4	3.5882018130286714E-5
35	2.2426261331429196E-6	1.39042820254861E-4	2.2426261331429196E-6	1.637117077194331E-4	3.5882018130286714E-5
36	2.2426261331429196E-6	1.502559509205756E-4	2.2426261331429196E-6	1.7043958611886187E-4	3.812464426342963E-5
37	2.2426261331429196E-6	1.5922645545314728E-4	2.2426261331429196E-6	1.7043958611886187E-4	3.812464426342963E-5
38	2.2426261331429196E-6	1.614690815862902E-4	2.2426261331429196E-6	1.7043958611886187E-4	3.812464426342963E-5
39	2.2426261331429196E-6	1.6595433385257604E-4	2.2426261331429196E-6	1.726822122520048E-4	3.812464426342963E-5
40	2.2426261331429196E-6	1.7043958611886187E-4	2.2426261331429196E-6	1.7941009065143356E-4	3.812464426342963E-5
41	2.2426261331429196E-6	1.7043958611886187E-4	2.2426261331429196E-6	1.8613796905086232E-4	3.812464426342963E-5
42	2.2426261331429196E-6	1.7043958611886187E-4	2.2426261331429196E-6	1.95108473583434E-4	4.036727039657255E-5
43	2.2426261331429196E-6	1.749248383851477E-4	2.2426261331429196E-6	1.95108473583434E-4	4.260989652971547E-5
44	4.485252266285839E-6	1.8165271678457646E-4	2.2426261331429196E-6	1.95108473583434E-4	4.260989652971547E-5
45	4.485252266285839E-6	1.8838059518400523E-4	2.2426261331429196E-6	1.95108473583434E-4	4.260989652971547E-5
46	4.485252266285839E-6	1.9062322131714816E-4	2.2426261331429196E-6	1.9735109971657692E-4	4.260989652971547E-5
47	4.485252266285839E-6	1.95108473583434E-4	2.2426261331429196E-6	2.0632160424914858E-4	4.260989652971547E-5
48	4.485252266285839E-6	2.0183635198286275E-4	2.2426261331429196E-6	2.0632160424914858E-4	4.260989652971547E-5
49	4.485252266285839E-6	2.0407897811600568E-4	2.2426261331429196E-6	2.085642303822915E-4	4.260989652971547E-5
50	4.485252266285839E-6	2.1529210878172027E-4	2.2426261331429196E-6	2.085642303822915E-4	4.485252266285839E-5
51	4.485252266285839E-6	2.2426261331429193E-4	2.2426261331429196E-6	2.085642303822915E-4	4.485252266285839E-5
52	4.485252266285839E-6	2.3323311784686362E-4	2.2426261331429196E-6	2.1080685651543444E-4	4.7095148796001306E-5
53	4.485252266285839E-6	2.4893150077886405E-4	2.2426261331429196E-6	2.1304948264857734E-4	4.7095148796001306E-5
54	4.485252266285839E-6	2.534167530451499E-4	2.2426261331429196E-6	2.1304948264857734E-4	4.7095148796001306E-5
55	4.485252266285839E-6	2.556593791782928E-4	2.2426261331429196E-6	2.1529210878172027E-4	4.7095148796001306E-5
56	4.485252266285839E-6	2.6014463144457867E-4	2.2426261331429196E-6	2.2426261331429193E-4	4.7095148796001306E-5
57	4.485252266285839E-6	2.7135776211029323E-4	2.2426261331429196E-6	2.309904917137207E-4	4.7095148796001306E-5
58	4.485252266285839E-6	2.78085640509722E-4	2.2426261331429196E-6	2.3771837011314945E-4	4.7095148796001306E-5
59	4.485252266285839E-6	2.78085640509722E-4	2.2426261331429196E-6	2.422036223794353E-4	5.1580401062287145E-5
60	4.485252266285839E-6	2.937840234417224E-4	2.2426261331429196E-6	2.4444624851257824E-4	5.1580401062287145E-5
61	4.485252266285839E-6	2.982692757080083E-4	2.2426261331429196E-6	2.4668887464572115E-4	5.1580401062287145E-5
62	4.485252266285839E-6	3.005119018411512E-4	2.2426261331429196E-6	2.534167530451499E-4	5.606565332857298E-5
63	4.485252266285839E-6	3.0275452797429414E-4	2.2426261331429196E-6	2.579020053114357E-4	5.606565332857298E-5
64	4.485252266285839E-6	3.0723978024057994E-4	2.2426261331429196E-6	2.6462988371086447E-4	5.606565332857298E-5
65	6.7278783994287584E-6	3.117250325068658E-4	4.485252266285839E-6	2.6687250984400743E-4	5.8308279461715906E-5
>>END_MODULE
