##FastQC	0.11.7
>>Basic Statistics	pass
#Measure	Value
Filename	SRR595926_2_val_2.fq.gz
File type	Conventional base calls
Encoding	Sanger / Illumina 1.9
Total Sequences	54812350
Sequences flagged as poor quality	0
Sequence length	20-76
%GC	49
>>END_MODULE
>>Per base sequence quality	pass
#Base	Mean	Median	Lower Quartile	Upper Quartile	10th Percentile	90th Percentile
1	28.592767724791948	31.0	28.0	33.0	16.0	34.0
2	29.499503159415717	31.0	30.0	34.0	16.0	34.0
3	30.332383030466673	31.0	30.0	34.0	25.0	34.0
4	34.24718779618097	37.0	35.0	37.0	28.0	37.0
5	34.348835873667156	37.0	35.0	37.0	30.0	37.0
6	34.24001554394219	37.0	35.0	37.0	30.0	37.0
7	33.381320797229094	37.0	35.0	37.0	26.0	37.0
8	33.52404536568857	37.0	33.0	37.0	26.0	37.0
9	34.96996912192234	38.0	34.0	39.0	27.0	39.0
10-11	35.417281926427165	38.5	35.0	39.0	28.0	39.0
12-13	35.60842352134145	38.5	35.0	39.0	29.0	39.0
14-15	36.870647947041135	39.0	36.0	41.0	30.0	41.0
16-17	36.87766978609747	39.0	36.0	41.0	30.0	41.0
18-19	36.91949359952638	39.5	36.0	41.0	30.0	41.0
20-21	36.431854730442524	39.0	36.0	41.0	27.0	41.0
22-23	36.1951769948506	39.0	35.0	41.0	27.0	41.0
24-25	36.126405233771806	39.0	35.0	41.0	27.0	41.0
26-27	35.96628557593949	39.0	34.5	41.0	26.5	41.0
28-29	36.14350474526833	39.0	35.0	41.0	27.0	41.0
30-31	36.378560741289974	39.0	35.0	41.0	28.5	41.0
32-33	36.196911464744055	39.0	35.0	41.0	28.0	41.0
34-35	35.93967536056808	39.0	35.0	41.0	26.5	41.0
36-37	36.239546489671596	39.0	35.0	41.0	28.0	41.0
38-39	36.2432066506044	39.0	35.0	41.0	28.5	41.0
40-41	35.99700332057547	38.5	34.5	40.0	27.0	41.0
42-43	35.93062016611083	38.0	34.0	40.0	27.0	41.0
44-45	35.85184707986314	38.0	34.0	40.0	27.5	41.0
46-47	36.015746543904356	38.0	34.5	40.0	28.0	41.0
48-49	35.77545361645164	38.0	34.0	40.0	27.5	41.0
50-51	35.019062862922	37.5	33.5	39.5	26.5	40.5
52-53	35.41344360113284	38.0	33.5	39.5	28.0	40.5
54-55	35.876282707633294	38.0	34.0	40.0	28.0	41.0
56-57	35.56269315479675	38.0	34.0	40.0	28.0	41.0
58-59	35.054824136033915	37.0	33.5	40.0	26.5	41.0
60-61	34.456175891571746	36.5	33.0	39.5	26.0	41.0
62-63	34.08786536417239	36.0	32.0	39.0	25.0	41.0
64-65	34.04321602642453	35.5	32.0	39.0	25.5	41.0
66-67	34.32233206289061	35.0	33.0	39.0	26.5	40.0
68-69	34.52073944084937	35.0	33.0	38.0	28.5	40.0
70-71	34.550476427953754	35.0	33.0	37.5	29.0	40.0
72-73	34.44771465409109	35.0	33.0	37.0	29.0	39.0
74-75	34.38101973917712	35.0	33.0	37.0	29.0	39.0
76	33.884546125718515	35.0	32.0	36.0	29.0	38.0
>>END_MODULE
>>Per sequence quality scores	pass
#Quality	Count
11	1.0
12	0.0
13	2.0
14	18.0
15	58.0
16	94.0
17	498.0
18	7886.0
19	47342.0
20	198290.0
21	344186.0
22	487269.0
23	629218.0
24	768802.0
25	905494.0
26	1041658.0
27	1181645.0
28	1329288.0
29	1497458.0
30	1698182.0
31	1941282.0
32	2257077.0
33	2683531.0
34	3271691.0
35	4088081.0
36	5403236.0
37	7300184.0
38	9073726.0
39	8011264.0
40	644889.0
>>END_MODULE
>>Per base sequence content	fail
#Base	G	A	T	C
1	29.237978224389767	13.007810877347623	21.019589614786778	36.73462128347583
2	23.024936501676603	21.65671219824613	31.539893089870308	23.778458210206963
3	28.066656570204955	24.0541760007397	24.36891412919176	23.51025329986358
4	27.998680756164557	29.963963267703562	18.963748818513405	23.073607157618476
5	27.788398127971163	30.92249204547215	20.78874934731389	20.5003604792428
6	22.46357810904464	33.03173461302477	20.564015009360325	23.94067226857027
7	19.26146063851784	15.479545397869805	39.98831536299717	25.270678600615188
8	21.746504892478168	21.631343754191438	25.208854547902487	31.41329680542791
9	22.044826085514423	21.034897106770227	28.464822641710192	28.455454166005158
10-11	25.87325974006296	29.362065007823663	19.847268517115953	24.917406734997424
12-13	23.508740847567815	22.712364981725695	27.65034949340835	26.128544677298137
14-15	23.631490211495517	24.768946447837084	26.80090114240156	24.798662198265834
16-17	24.272403386016013	25.147583699700405	25.778211661734368	24.801801252549215
18-19	24.26650520705337	25.388325790145444	25.594525791493762	24.75064321130742
20-21	24.302428346559303	25.322469449425185	25.599345306479236	24.775756897536276
22-23	24.699994975337777	25.596797968847735	25.334053397757515	24.36915365805697
24-25	24.130755930095553	25.82344993648566	25.323546846605726	24.72224728681306
26-27	24.14564361768209	25.805652122262302	25.332706069115584	24.715998190940024
28-29	24.209835439133357	25.504540965519023	25.53061267166246	24.755010923685155
30-31	23.997655651683473	25.722777364433654	25.87738700318444	24.402179980698428
32-33	23.914075325137915	25.696333558706463	25.850875000873437	24.538716115282185
34-35	24.31121249085428	25.69068437818251	25.546640276242083	24.451462854721125
36-37	23.953091818694265	25.77224281034373	25.69825262095728	24.576412750004717
38-39	23.91590233688342	25.714213545246135	25.798724871313944	24.5711592465565
40-41	24.429148207330385	25.5719831371636	25.57691745728271	24.4219511982233
42-43	23.989019459850176	25.738361978462958	25.92522530618257	24.347393255504294
44-45	24.111320553405186	25.72550125583447	25.78346594396669	24.379712246793652
46-47	24.143050739386563	25.71282863677481	25.738090423375564	24.406030200463064
48-49	23.797831691389277	25.66291531804058	25.84112098311202	24.698132007458124
50-51	23.999733058208754	25.69585422605718	25.880044439801487	24.424368275932583
52-53	23.838909465888126	25.807189949903393	25.843723578324195	24.510177005884284
54-55	23.777820924361333	25.74658300055137	25.9438902623019	24.53170581278539
56-57	23.7808564119525	25.743592300124774	26.065880743917734	24.409670544004992
58-59	23.64456273562257	25.78565771914429	25.814696119460468	24.75508342577267
60-61	23.65726630969011	25.876695511088638	25.768416537211884	24.697621642009366
62-63	23.48337849399269	26.21771513217838	25.811475627384606	24.48743074644433
64-65	23.50942267332669	26.055865646606968	25.90746427399721	24.52724740606913
66-67	23.536057912160945	25.98899291002772	25.955138455874177	24.51981072193716
68-69	23.6896984572323	26.107882990874504	25.947376333292947	24.25504221860025
70-71	23.62363810394386	25.95776315606161	26.027959984428932	24.390638755565593
72-73	23.457885229719647	25.882580049779786	26.21128463013659	24.44825009036398
74-75	23.7838686427194	22.75930361276039	27.700622026877436	25.75620571764277
76	24.677344501340777	0.0	38.66898895646184	36.653666542197385
>>END_MODULE
>>Per sequence GC content	pass
#GC Content	Count
0	6736.0
1	5969.5
2	4624.5
3	3903.0
4	3878.0
5	4245.0
6	4853.5
7	5529.0
8	6059.0
9	6592.5
10	7265.5
11	8207.0
12	9182.5
13	10386.5
14	12189.5
15	14711.5
16	17995.0
17	21500.0
18	27483.5
19	38231.5
20	52023.5
21	65526.5
22	88417.0
23	128116.0
24	171542.0
25	207533.5
26	263699.5
27	349766.5
28	438145.5
29	509721.0
30	607277.5
31	738313.5
32	870866.5
33	985482.0
34	1105067.5
35	1269703.5
36	1430872.5
37	1547384.5
38	1712710.0
39	1924894.0
40	2081288.0
41	2254235.5
42	2409878.0
43	2502690.0
44	2555737.5
45	2573862.5
46	2600420.0
47	2642927.5
48	2657079.5
49	2610083.5
50	2562176.5
51	2521701.5
52	2432286.0
53	2306633.5
54	2217697.0
55	2161984.5
56	2103405.5
57	2002149.5
58	1908568.0
59	1808094.5
60	1689946.5
61	1587848.0
62	1502898.0
63	1405121.0
64	1261217.0
65	1120515.0
66	969467.5
67	864934.5
68	780316.5
69	661253.0
70	541728.0
71	461827.0
72	399287.0
73	321579.0
74	254074.5
75	211957.0
76	180581.0
77	144139.5
78	112852.5
79	92390.0
80	76455.0
81	58891.5
82	45254.0
83	35186.5
84	27268.0
85	20307.0
86	15249.5
87	12420.5
88	9941.0
89	7121.5
90	5237.5
91	4178.5
92	3680.0
93	2746.0
94	1641.0
95	1135.5
96	914.5
97	875.0
98	564.0
99	245.5
100	242.0
>>END_MODULE
>>Per base N content	pass
#Base	N-Count
1	1.884122829982659
2	0.0026526868488579674
3	0.001950290399882508
4	0.003948015365150372
5	0.011207328275470765
6	0.002225775760389766
7	0.8684995261104478
8	0.01033891084764656
9	0.00159088234677039
10-11	0.003720876773208957
12-13	0.010727509402534283
14-15	0.005532512289657349
16-17	0.00737881152696427
18-19	0.005809822056525582
20-21	0.634662111001802
22-23	0.002114062505129139
24-25	0.29863941071035993
26-27	0.0018228753444281638
28-29	0.0020524641861099087
30-31	0.0031843529871231034
32-33	0.34322565882767364
34-35	0.34898858527337917
36-37	0.0024444560649871444
38-39	0.00171458271745042
40-41	0.003247211889937402
42-43	0.003069730578423067
44-45	0.002599195423550926
46-47	0.0021162143025442114
48-49	0.0031037510526480926
50-51	8.906165696011088E-4
52-53	8.693897582818039E-4
54-55	2.1186878481613375E-4
56-57	4.578866613179781E-5
58-59	4.3217707630636325E-4
60-61	2.4259175325507594E-4
62-63	0.0038277408708186863
64-65	7.565297280201819E-4
66-67	0.0016017261395586038
68-69	9.557150522507983E-4
70-71	8.026112014103762E-5
72-73	1.208276379044597E-5
74-75	0.0
76	0.0
>>END_MODULE
>>Sequence Length Distribution	warn
#Length	Count
20-21	103067.0
22-23	116827.0
24-25	121261.0
26-27	98394.0
28-29	97335.0
30-31	105834.0
32-33	114342.0
34-35	109984.0
36-37	112661.0
38-39	122746.0
40-41	136615.0
42-43	136919.0
44-45	143059.0
46-47	156369.0
48-49	157749.0
50-51	145500.0
52-53	157072.0
54-55	206831.0
56-57	229466.0
58-59	244299.0
60-61	225709.0
62-63	225507.0
64-65	248227.0
66-67	300224.0
68-69	401710.0
70-71	637879.0
72-73	1996205.0
74-75	1.6290093E7
76-77	3.1670466E7
>>END_MODULE
>>Sequence Duplication Levels	pass
#Total Deduplicated Percentage	80.15132708210855
#Duplication Level	Percentage of deduplicated	Percentage of total
1	92.27694764825523	73.96119813093912
2	4.958377483894798	7.948410710164287
3	1.3223652418964293	3.179679870757569
4	0.5640831491267918	1.808480519486692
5	0.2751095117019732	1.1025196227912009
6	0.15246678777694495	0.7332249225761007
7	0.10719129896539417	0.6014067404611972
8	0.0629687197152606	0.4037621159871575
9	0.05219723503715404	0.37653098924201667
>10	0.2002540957995128	2.637447651128397
>50	0.009919351491777239	0.5647152460032284
>100	0.013287218274262564	2.397402240879111
>500	0.0030182189571696795	1.7050706622764338
>1k	0.0017629395273083663	2.3308863270144986
>5k	5.1099580000636847E-5	0.24926425029269988
>10k+	0.0	0.0
>>END_MODULE
>>Overrepresented sequences	pass
>>END_MODULE
>>Adapter Content	pass
#Position	Illumina Universal Adapter	Illumina Small RNA 3' Adapter	Illumina Small RNA 5' Adapter	Nextera Transposase Sequence	SOLID Small RNA Adapter
1	0.0	7.297625443900872E-6	0.0	3.648812721950436E-6	5.4732190829256545E-6
2	0.0	2.3717282692677837E-5	0.0	2.3717282692677837E-5	9.12203180487609E-6
3	0.0	2.7366095414628274E-5	0.0	2.5541689053653055E-5	1.824406360975218E-5
4	0.0	2.7366095414628274E-5	1.824406360975218E-6	2.5541689053653055E-5	2.3717282692677837E-5
5	0.0	3.101490813657871E-5	1.824406360975218E-6	2.919050177560349E-5	3.466372085852914E-5
6	0.0	3.101490813657871E-5	1.824406360975218E-6	3.466372085852914E-5	4.01369399414548E-5
7	0.0	4.01369399414548E-5	1.824406360975218E-6	3.831253358047958E-5	4.01369399414548E-5
8	0.0	4.925897174633089E-5	1.824406360975218E-6	4.01369399414548E-5	4.01369399414548E-5
9	0.0	5.290778446828133E-5	1.824406360975218E-6	4.3785752663405236E-5	4.5610159024380455E-5
10	0.0	5.473219082925655E-5	1.824406360975218E-6	4.3785752663405236E-5	4.5610159024380455E-5
11	0.0	6.385422263413264E-5	1.824406360975218E-6	4.5610159024380455E-5	6.385422263413264E-5
12	0.0	6.932744171705828E-5	1.824406360975218E-6	4.743456538535567E-5	6.932744171705828E-5
13	0.0	7.480066079998395E-5	1.824406360975218E-6	4.925897174633089E-5	6.932744171705828E-5
14	0.0	7.844947352193438E-5	1.824406360975218E-6	5.473219082925655E-5	7.115184807803351E-5
15	0.0	8.209828624388482E-5	1.824406360975218E-6	5.655659719023176E-5	7.297625443900872E-5
16	0.0	8.757150532681047E-5	1.824406360975218E-6	5.655659719023176E-5	7.844947352193438E-5
17	0.0	9.304472440973612E-5	1.824406360975218E-6	6.202981627315742E-5	8.574709896583526E-5
18	0.0	9.304472440973612E-5	1.824406360975218E-6	6.202981627315742E-5	9.122031804876091E-5
19	0.0	9.486913077071135E-5	1.824406360975218E-6	6.385422263413264E-5	9.669353713168656E-5
20	0.0	9.669353713168656E-5	1.824406360975218E-6	6.567862899510786E-5	9.851794349266178E-5
21	0.0	1.0399116257558743E-4	1.824406360975218E-6	7.115184807803351E-5	1.0581556893656266E-4
22	0.0	1.0581556893656266E-4	1.824406360975218E-6	7.115184807803351E-5	1.0581556893656266E-4
23	0.0	1.1858641346338918E-4	1.824406360975218E-6	7.297625443900872E-5	1.0763997529753787E-4
24	0.0	1.2405963254631485E-4	1.824406360975218E-6	7.844947352193438E-5	1.1311319438046352E-4
25	0.0	1.3135725799021572E-4	1.824406360975218E-6	7.844947352193438E-5	1.1493760074143875E-4
26	0.0	1.3318166435119093E-4	1.824406360975218E-6	7.844947352193438E-5	1.3135725799021572E-4
27	0.0	1.3683047707314136E-4	3.648812721950436E-6	7.844947352193438E-5	1.4412810251704223E-4
28	0.0	1.3865488343411657E-4	3.648812721950436E-6	8.392269260486003E-5	1.7514301065362094E-4
29	0.0	1.4595250887801744E-4	3.648812721950436E-6	8.392269260486003E-5	1.897382615414227E-4
30	0.0	1.4777691523899268E-4	3.648812721950436E-6	8.757150532681047E-5	1.915626679023979E-4
31	0.0	1.514257279609431E-4	3.648812721950436E-6	8.757150532681047E-5	2.0433351242922444E-4
32	0.0	1.5325013432191832E-4	3.648812721950436E-6	8.757150532681047E-5	2.1710435695605095E-4
33	0.0	1.5325013432191832E-4	3.648812721950436E-6	9.304472440973612E-5	2.2440198239995183E-4
34	0.0	1.5325013432191832E-4	3.648812721950436E-6	9.304472440973612E-5	2.2622638876092704E-4
35	0.0	1.6784538520972007E-4	3.648812721950436E-6	9.304472440973612E-5	2.3534842056580315E-4
36	0.0	1.7514301065362094E-4	3.648812721950436E-6	9.851794349266178E-5	2.3899723328775358E-4
37	0.0	1.787918233755714E-4	3.648812721950436E-6	1.00342349853637E-4	2.3899723328775358E-4
38	0.0	1.806162297365466E-4	3.648812721950436E-6	1.0216675621461222E-4	2.3899723328775358E-4
39	0.0	1.8426504245849703E-4	3.648812721950436E-6	1.0399116257558743E-4	2.4264604600970403E-4
40	0.0	1.8608944881947224E-4	3.648812721950436E-6	1.0763997529753787E-4	2.444704523706792E-4
41	0.0	1.915626679023979E-4	3.648812721950436E-6	1.1311319438046352E-4	2.535924841755553E-4
42	0.0	1.9521148062434836E-4	3.648812721950436E-6	1.204108198243644E-4	2.572412968975058E-4
43	0.0	2.0433351242922444E-4	3.648812721950436E-6	1.222352261853396E-4	2.608901096194562E-4
44	0.0	2.0615791879019965E-4	3.648812721950436E-6	1.2405963254631485E-4	2.608901096194562E-4
45	0.0	2.0980673151215008E-4	3.648812721950436E-6	1.2953285162924048E-4	2.645389223414066E-4
46	0.0	2.0980673151215008E-4	3.648812721950436E-6	1.2953285162924048E-4	2.645389223414066E-4
47	0.0	2.1345554423410053E-4	3.648812721950436E-6	1.3135725799021572E-4	2.645389223414066E-4
48	0.0	2.2257757603897662E-4	3.648812721950436E-6	1.3500607071216615E-4	2.700121414243323E-4
49	0.0	2.2440198239995183E-4	3.648812721950436E-6	1.404792897950918E-4	2.700121414243323E-4
50	0.0	2.2805079512190228E-4	3.648812721950436E-6	1.4412810251704223E-4	2.700121414243323E-4
51	0.0	2.298752014828775E-4	3.648812721950436E-6	1.4412810251704223E-4	2.700121414243323E-4
52	0.0	2.3717282692677837E-4	3.648812721950436E-6	1.4595250887801744E-4	2.700121414243323E-4
53	0.0	2.535924841755553E-4	3.648812721950436E-6	1.514257279609431E-4	2.736609541462827E-4
54	0.0	2.5906570325848096E-4	3.648812721950436E-6	1.5325013432191832E-4	2.791341732292084E-4
55	0.0	2.6636332870238187E-4	3.648812721950436E-6	1.5689894704386877E-4	2.864317986731093E-4
56	0.0	2.6818773506335705E-4	3.648812721950436E-6	1.605477597658192E-4	2.900806113950597E-4
57	0.0	2.7183654778530753E-4	3.648812721950436E-6	1.6419657248776964E-4	2.937294241170101E-4
58	0.0	2.7548536050725795E-4	3.648812721950436E-6	1.6419657248776964E-4	3.01027049560911E-4
59	0.0	2.791341732292084E-4	3.648812721950436E-6	1.7696741701459616E-4	3.083246750048119E-4
60	0.0	2.791341732292084E-4	3.648812721950436E-6	1.806162297365466E-4	3.083246750048119E-4
61	0.0	2.809585795901836E-4	3.648812721950436E-6	1.806162297365466E-4	3.192711131706632E-4
62	0.0	2.900806113950597E-4	3.648812721950436E-6	1.8608944881947224E-4	3.320419576974897E-4
63	0.0	2.937294241170101E-4	3.648812721950436E-6	1.897382615414227E-4	3.502860213072419E-4
64	0.0	2.9555383047798537E-4	3.648812721950436E-6	1.9338707426337312E-4	3.667056785560189E-4
65	0.0	3.028514559218862E-4	5.4732190829256545E-6	1.9521148062434836E-4	3.740033039999197E-4
>>END_MODULE
