##FastQC	0.11.7
>>Basic Statistics	pass
#Measure	Value
Filename	SRR1071717_1.fastq.gz
File type	Conventional base calls
Encoding	Sanger / Illumina 1.9
Total Sequences	22050816
Sequences flagged as poor quality	0
Sequence length	76
%GC	49
>>END_MODULE
>>Per base sequence quality	pass
#Base	Mean	Median	Lower Quartile	Upper Quartile	10th Percentile	90th Percentile
1	31.470381730998074	33.0	31.0	34.0	28.0	34.0
2	31.83972262069576	34.0	31.0	34.0	30.0	34.0
3	31.029942202592412	34.0	31.0	34.0	27.0	34.0
4	35.048847806811324	37.0	35.0	37.0	32.0	37.0
5	35.06200609537534	37.0	35.0	37.0	32.0	37.0
6	35.11373039437633	37.0	35.0	37.0	32.0	37.0
7	35.15026409907008	37.0	35.0	37.0	32.0	37.0
8	35.16280699090682	37.0	35.0	37.0	32.0	37.0
9	36.76372407261482	39.0	37.0	39.0	32.0	39.0
10-11	36.79187679494491	39.0	37.0	39.0	33.0	39.0
12-13	36.75700577248479	39.0	37.0	39.0	32.5	39.0
14-15	38.1136563835098	40.0	38.0	41.0	33.0	41.0
16-17	38.08609096370856	40.0	38.0	41.0	33.0	41.0
18-19	38.07514216253947	40.0	38.0	41.0	33.0	41.0
20-21	38.0576004761003	40.0	38.0	41.0	33.0	41.0
22-23	38.00516656617152	40.0	38.0	41.0	32.5	41.0
24-25	37.94556970136615	40.0	38.0	41.0	32.0	41.0
26-27	37.86457197320952	40.0	38.0	41.0	32.0	41.0
28-29	37.787933856960215	40.0	38.0	41.0	32.0	41.0
30-31	37.70066064675339	40.0	38.0	41.0	32.0	41.0
32-33	37.61404752549747	40.0	38.0	41.0	32.0	41.0
34-35	37.523017696941466	40.0	38.0	41.0	31.0	41.0
36-37	37.424380440161485	40.0	37.0	41.0	31.0	41.0
38-39	37.30485261860604	40.0	37.0	41.0	31.0	41.0
40-41	37.18476703991362	40.0	37.0	41.0	31.0	41.0
42-43	37.05766163029976	40.0	37.0	41.0	30.5	41.0
44-45	36.921619272502205	40.0	36.0	41.0	30.0	41.0
46-47	36.78649878535107	40.0	36.0	41.0	30.0	41.0
48-49	36.617265138850186	40.0	35.5	41.0	30.0	41.0
50-51	36.444276189144205	39.5	35.0	41.0	30.0	41.0
52-53	36.255915064549086	39.0	35.0	41.0	30.0	41.0
54-55	36.03528982782315	39.0	35.0	41.0	29.0	41.0
56-57	35.79870742651882	39.0	35.0	41.0	29.0	41.0
58-59	35.53924727774246	38.0	35.0	41.0	28.0	41.0
60-61	35.26362031228232	38.0	35.0	40.5	28.0	41.0
62-63	34.958696857295436	37.0	34.0	40.0	28.0	41.0
64-65	34.64309216493395	37.0	34.0	40.0	28.0	41.0
66-67	34.299197158962286	36.0	34.0	39.5	27.5	41.0
68-69	33.959670063910565	36.0	34.0	39.0	27.0	41.0
70-71	33.62950962903142	35.0	34.0	39.0	26.0	41.0
72-73	33.22725585302602	35.0	34.0	38.0	26.0	40.5
74-75	32.732890406413986	35.0	33.5	37.0	25.5	39.5
76	28.994812754321654	35.0	30.0	36.0	2.0	39.0
>>END_MODULE
>>Per sequence quality scores	pass
#Quality	Count
2	166060.0
3	48665.0
4	36047.0
5	24300.0
6	21060.0
7	20289.0
8	20937.0
9	22823.0
10	25989.0
11	29649.0
12	33218.0
13	37268.0
14	39691.0
15	43182.0
16	46404.0
17	48639.0
18	51819.0
19	55438.0
20	60040.0
21	65964.0
22	75034.0
23	88014.0
24	104789.0
25	126900.0
26	153582.0
27	184956.0
28	223075.0
29	269948.0
30	326259.0
31	398885.0
32	494112.0
33	621748.0
34	816974.0
35	1133916.0
36	1722456.0
37	2780858.0
38	4303653.0
39	5719987.0
40	1608188.0
>>END_MODULE
>>Per base sequence content	fail
#Base	G	A	T	C
1	26.69348971508137	13.442934074248331	16.51261465910856	43.350961551561745
2	23.287083341685555	20.87909027936571	33.41484194437538	22.418984434573353
3	27.50437620992601	22.96556238662648	24.458476051276783	25.07158535217073
4	27.050296469704556	30.036246133008788	19.193738064414546	23.71971933287211
5	28.114130558317974	31.482011389481436	20.509773142730392	19.894084909470198
6	22.21160387877303	33.49925534726452	21.10681371431423	23.182327059648216
7	20.06850065889926	16.543902327917127	39.45503014820288	23.932566864980735
8	21.396983168167964	21.15759463226685	26.86436361613663	30.58105858342856
9	21.712498238457144	20.903785595302576	29.297454512721178	28.086261653519106
10-11	25.896093728659764	29.632237576278094	20.30547445351523	24.16619424154692
12-13	23.56901680158339	23.63036276078413	27.247857434186766	25.552763003445715
14-15	23.942789496375116	24.970916209442308	26.327967703001548	24.758326591181028
16-17	24.818477575016416	25.107673125190356	25.28106977946197	24.79277952033126
18-19	24.647450346233317	25.621444543526483	24.96784559170179	24.763259518538415
20-21	24.549780514591447	25.509221549057475	25.271974846532824	24.669023089818253
22-23	24.648236778018227	25.607362761911222	25.329771287052132	24.41462917301842
24-25	24.585263712939966	25.653240640334346	25.25338209855797	24.508113548167717
26-27	24.491951475124964	25.724274927841556	25.28960620641414	24.49416739061934
28-29	24.674215809136847	25.457122994809588	25.290639550801785	24.578021645251784
30-31	24.41600527836051	25.664152382994843	25.3007910941002	24.619051244544448
32-33	24.421369574949956	25.685415703722786	25.340497711387634	24.552717009939624
34-35	24.778533230199155	25.55687966124668	25.104996273996523	24.559590834557643
36-37	24.619635779212633	25.543320354342924	25.16845876494167	24.668585101502767
38-39	24.57036741969073	25.638718908977232	25.262716409521087	24.528197261810956
40-41	24.622812080100992	25.56842510044919	25.294298971178257	24.51446384827156
42-43	24.406219900167123	25.5267810227952	25.500713919758184	24.566285157279495
44-45	24.510520407854568	25.542663658133947	25.398720616155046	24.548095317856433
46-47	24.680377665061556	25.525308628088595	25.228706630328805	24.565607076521044
48-49	24.559773778198355	25.530993696689276	25.3326885913414	24.57654393377097
50-51	24.484151378414083	25.6204662310304	25.330546765827844	24.564835624727678
52-53	24.629106531126705	25.588447263733716	25.208308104413486	24.574138100726096
54-55	24.53445424870714	25.547086090283784	25.29912127650537	24.619338384503706
56-57	24.570739541162183	25.53285116332672	25.323637897094862	24.572771398416233
58-59	24.70081842721513	25.444946452040185	25.219880952124484	24.634354168620202
60-61	24.485946275924125	25.622065621235652	25.368130741767413	24.523857361072814
62-63	24.461839215257466	25.629012075212277	25.43293256781567	24.476216141714588
64-65	24.626208756358846	25.5319276312015	25.357395945984862	24.48446766645479
66-67	24.59085843438894	25.536111471102764	25.291947559364324	24.58108253514397
68-69	24.56482388868954	25.601640475251465	25.30056966464128	24.532965971417717
70-71	24.700404272850715	25.482149020604172	25.31127054820093	24.50617615834418
72-73	24.596599828127008	25.61110989418006	25.368944394247926	24.423345883445005
74-75	24.55055822048648	25.672754464621	25.375593804298646	24.40109351059387
76	24.704234977185966	25.461147093780983	25.276299348961047	24.558318580072005
>>END_MODULE
>>Per sequence GC content	pass
#GC Content	Count
0	536.0
1	372.5
2	228.5
3	269.0
4	290.0
5	326.5
6	397.0
7	451.5
8	472.0
9	520.5
10	673.0
11	970.0
12	1163.0
13	1379.5
14	2158.5
15	3604.5
16	6023.0
17	7558.0
18	10167.5
19	17243.5
20	28193.0
21	34676.0
22	44252.0
23	67271.0
24	97649.5
25	114585.0
26	137541.5
27	186456.5
28	240400.5
29	268386.0
30	300134.0
31	362332.5
32	423902.5
33	455022.0
34	486507.5
35	547683.0
36	606770.5
37	636168.0
38	661621.0
39	708474.5
40	746245.0
41	780256.5
42	797898.0
43	802752.5
44	810235.0
45	809699.0
46	806535.0
47	819866.0
48	838212.0
49	848139.0
50	853051.0
51	862663.5
52	872518.0
53	865313.5
54	857867.0
55	848113.0
56	825064.0
57	800638.5
58	789508.0
59	774691.0
60	736956.0
61	682868.5
62	651699.0
63	609975.0
64	526953.0
65	457610.0
66	395453.5
67	361342.0
68	324813.5
69	257649.0
70	197481.5
71	167950.0
72	148515.5
73	115226.0
74	89000.5
75	76630.0
76	68933.0
77	54846.0
78	41499.5
79	34543.0
80	30835.5
81	23925.5
82	17484.0
83	14245.0
84	11155.5
85	5911.0
86	2785.0
87	1814.0
88	1261.0
89	499.5
90	210.5
91	113.0
92	96.0
93	79.0
94	54.5
95	35.5
96	24.0
97	17.5
98	11.5
99	7.0
100	2.0
>>END_MODULE
>>Per base N content	warn
#Base	N-Count
1	0.14147322257824835
2	0.0036007737763536734
3	0.0041449713244172005
4	0.1147077731726572
5	0.045136651632302405
6	0.046896223704374476
7	0.05001175466703817
8	0.04570352407820191
9	0.04751751590508034
10-11	0.05464650378471255
12-13	0.04645859817614006
14-15	0.04425459810648277
16-17	0.03760178308140615
18-19	0.03080838368974645
20-21	0.03217794751903966
22-23	0.028892354822606114
24-25	0.0278674494404198
26-27	0.026082934980728154
28-29	0.021677202331197177
30-31	0.020754333989272778
32-33	0.021341613843224666
34-35	0.026067062552242965
36-37	0.020613749622689703
38-39	0.020044609687006592
40-41	0.017450601374570447
42-43	0.01755263841483236
44-45	0.012965506582613542
46-47	0.0132421403362125
48-49	0.01233514442277329
50-51	0.01424663831034643
52-53	0.012271654708832545
54-55	0.01145762587652085
56-57	0.009174263664437634
58-59	0.009630029110940836
60-61	0.008416922076715891
62-63	0.007242362368812111
64-65	0.008212847996192069
66-67	0.007679987897046531
68-69	0.006131292374849075
70-71	0.005566687418733166
72-73	0.0036869383881303983
74-75	0.006639210086375034
76	10.67809009879725
>>END_MODULE
>>Sequence Length Distribution	pass
#Length	Count
76	2.2050816E7
>>END_MODULE
>>Sequence Duplication Levels	pass
#Total Deduplicated Percentage	80.05842111187994
#Duplication Level	Percentage of deduplicated	Percentage of total
1	88.09964057538845	70.53118124989713
2	8.207753463987698	13.141995664048366
3	2.0165949421820635	4.843362212798965
4	0.7245840810052098	2.3203622995231843
5	0.32354795245439566	1.2951369113740259
6	0.17829641303606797	0.8564477590547525
7	0.10409028326085	0.5833312611666397
8	0.07508006085899675	0.4808632903484109
9	0.04508330833732497	0.3248368635587661
>10	0.19903554721081998	2.7936926362721946
>50	0.015167804248566416	0.8452097388906982
>100	0.010523255830268669	1.6034701585230877
>500	5.245979468953395E-4	0.3036610576075128
>1k	7.771425237760958E-5	0.07644889693651599
>5k	0.0	0.0
>10k+	0.0	0.0
>>END_MODULE
>>Overrepresented sequences	pass
>>END_MODULE
>>Adapter Content	pass
#Position	Illumina Universal Adapter	Illumina Small RNA 3' Adapter	Illumina Small RNA 5' Adapter	Nextera Transposase Sequence	SOLID Small RNA Adapter
1	0.0	0.0	0.0	0.0	0.0
2	0.0	9.069959134392123E-6	0.0	2.267489783598031E-5	0.0
3	0.0	9.069959134392123E-6	0.0	2.267489783598031E-5	0.0
4	4.534979567196062E-6	9.069959134392123E-6	0.0	2.267489783598031E-5	0.0
5	4.534979567196062E-6	9.069959134392123E-6	0.0	2.267489783598031E-5	0.0
6	4.534979567196062E-6	9.069959134392123E-6	0.0	2.267489783598031E-5	0.0
7	4.534979567196062E-6	9.069959134392123E-6	0.0	2.267489783598031E-5	0.0
8	4.534979567196062E-6	9.069959134392123E-6	0.0	2.7209877403176372E-5	0.0
9	4.534979567196062E-6	9.069959134392123E-6	0.0	2.7209877403176372E-5	0.0
10	4.534979567196062E-6	9.069959134392123E-6	0.0	3.174485697037243E-5	4.534979567196062E-6
11	4.534979567196062E-6	1.3604938701588186E-5	0.0	3.6279836537568494E-5	4.534979567196062E-6
12	4.534979567196062E-6	1.8139918268784247E-5	0.0	3.6279836537568494E-5	4.534979567196062E-6
13	4.534979567196062E-6	5.4419754806352744E-5	0.0	3.6279836537568494E-5	4.534979567196062E-6
14	4.534979567196062E-6	5.4419754806352744E-5	0.0	3.6279836537568494E-5	4.534979567196062E-6
15	9.069959134392123E-6	5.4419754806352744E-5	0.0	3.6279836537568494E-5	4.534979567196062E-6
16	5.4419754806352744E-5	6.348971394074486E-5	0.0	3.6279836537568494E-5	4.534979567196062E-6
17	2.5395885576297945E-4	6.802469350794093E-5	0.0	3.6279836537568494E-5	4.534979567196062E-6
18	6.938518737809975E-4	6.802469350794093E-5	0.0	3.6279836537568494E-5	4.534979567196062E-6
19	0.0012289794627101328	6.802469350794093E-5	0.0	4.0814816104764557E-5	4.534979567196062E-6
20	0.0017051523172657193	6.802469350794093E-5	0.0	4.534979567196062E-5	4.534979567196062E-6
21	0.0022765597427324234	6.802469350794093E-5	0.0	4.534979567196062E-5	4.534979567196062E-6
22	0.0027481976177208137	6.802469350794093E-5	0.0	4.534979567196062E-5	4.534979567196062E-6
23	0.0032651852883811647	7.255967307513699E-5	0.0	4.534979567196062E-5	9.069959134392123E-6
24	0.0038275227547134765	7.255967307513699E-5	0.0	4.988477523915668E-5	9.069959134392123E-6
25	0.00424927585446271	7.255967307513699E-5	0.0	4.988477523915668E-5	9.069959134392123E-6
26	0.004603004260704003	7.709465264233306E-5	0.0	4.988477523915668E-5	1.8139918268784247E-5
27	0.005011152421751649	7.709465264233306E-5	0.0	4.988477523915668E-5	1.8139918268784247E-5
28	0.005460115398904059	7.709465264233306E-5	0.0	4.988477523915668E-5	1.8139918268784247E-5
29	0.005931753273892449	8.162963220952911E-5	0.0	4.988477523915668E-5	1.8139918268784247E-5
30	0.006407926128448036	8.162963220952911E-5	0.0	4.988477523915668E-5	1.8139918268784247E-5
31	0.006884098983003622	8.162963220952911E-5	0.0	4.988477523915668E-5	2.267489783598031E-5
32	0.007233292409677719	9.523457091111731E-5	0.0	5.4419754806352744E-5	2.7209877403176372E-5
33	0.007573415877217424	9.523457091111731E-5	0.0	6.348971394074486E-5	2.7209877403176372E-5
34	0.007958889140429089	9.976955047831336E-5	0.0	6.348971394074486E-5	2.7209877403176372E-5
35	0.008262732771431225	1.0883950961270549E-4	0.0	6.348971394074486E-5	2.7209877403176372E-5
36	0.008566576402433362	1.1790946874709761E-4	0.0	6.348971394074486E-5	2.7209877403176372E-5
37	0.008884024972137085	1.315144074486858E-4	0.0	6.802469350794093E-5	2.7209877403176372E-5
38	0.009215078480542397	1.3604938701588186E-4	0.0	6.802469350794093E-5	2.7209877403176372E-5
39	0.009423687540633417	1.4058436658307793E-4	0.0	7.255967307513699E-5	2.7209877403176372E-5
40	0.009741136110337141	1.4058436658307793E-4	0.0	7.709465264233306E-5	2.7209877403176372E-5
41	0.009967885088696945	1.4511934615027398E-4	0.0	8.162963220952911E-5	2.7209877403176372E-5
42	0.010267193740131884	1.4965432571747005E-4	0.0	8.162963220952911E-5	3.174485697037243E-5
43	0.010552897452865237	1.4965432571747005E-4	0.0	8.162963220952911E-5	3.174485697037243E-5
44	0.010811391288195412	1.5872428485186218E-4	0.0	8.162963220952911E-5	3.174485697037243E-5
45	0.011029070307420823	1.677942439862543E-4	0.0	8.162963220952911E-5	3.174485697037243E-5
46	0.011351053856691743	1.7232922355345037E-4	0.0	9.069959134392124E-5	3.174485697037243E-5
47	0.011614082671589115	1.768642031206464E-4	0.0	9.523457091111731E-5	3.174485697037243E-5
48	0.011904321363889662	1.768642031206464E-4	0.0	9.976955047831336E-5	3.174485697037243E-5
49	0.01223083989272778	1.768642031206464E-4	0.0	1.0430453004550943E-4	3.174485697037243E-5
50	0.012539218503297112	1.768642031206464E-4	0.0	1.0430453004550943E-4	3.174485697037243E-5
51	0.012892946909538404	1.768642031206464E-4	0.0	1.0430453004550943E-4	3.174485697037243E-5
52	0.01317411564270456	1.9500412138943066E-4	0.0	1.0430453004550943E-4	3.6279836537568494E-5
53	0.013641218538125754	1.9500412138943066E-4	0.0	1.0430453004550943E-4	3.6279836537568494E-5
54	0.013994946944367048	1.9953910095662673E-4	0.0	1.0430453004550943E-4	3.6279836537568494E-5
55	0.014362280289309928	1.9953910095662673E-4	0.0	1.0883950961270549E-4	3.6279836537568494E-5
56	0.014811243266462338	2.0860906009101887E-4	0.0	1.0883950961270549E-4	4.0814816104764557E-5
57	0.015337300896257082	2.3128395792699916E-4	0.0	1.0883950961270549E-4	4.0814816104764557E-5
58	0.015854288566917434	2.3581893749419523E-4	0.0	1.0883950961270549E-4	4.0814816104764557E-5
59	0.016561745379400018	2.403539170613913E-4	0.0	1.1337448917990154E-4	4.0814816104764557E-5
60	0.017396181619764094	2.403539170613913E-4	0.0	1.1337448917990154E-4	4.0814816104764557E-5
61	0.0183122474923377	2.4942387619578344E-4	0.0	1.315144074486858E-4	4.0814816104764557E-5
62	0.019509482098077457	2.584938353301755E-4	0.0	1.3604938701588186E-4	4.0814816104764557E-5
63	0.0207293916016532	2.857037127333519E-4	0.0	1.3604938701588186E-4	4.0814816104764557E-5
64	0.022062675594408842	2.857037127333519E-4	0.0	1.3604938701588186E-4	4.0814816104764557E-5
65	0.023151070690535895	2.9023869230054795E-4	0.0	1.4058436658307793E-4	4.534979567196062E-5
>>END_MODULE
