##FastQC	0.11.7
>>Basic Statistics	pass
#Measure	Value
Filename	SRR1099957_2_val_2.fq.gz
File type	Conventional base calls
Encoding	Sanger / Illumina 1.9
Total Sequences	28980443
Sequences flagged as poor quality	0
Sequence length	20-76
%GC	49
>>END_MODULE
>>Per base sequence quality	pass
#Base	Mean	Median	Lower Quartile	Upper Quartile	10th Percentile	90th Percentile
1	32.06936733161739	34.0	31.0	34.0	30.0	34.0
2	32.24932993605377	34.0	31.0	34.0	30.0	34.0
3	32.38109786658541	34.0	31.0	34.0	30.0	34.0
4	35.830116157989714	37.0	35.0	37.0	35.0	37.0
5	35.81645777464478	37.0	35.0	37.0	35.0	37.0
6	35.81219942013999	37.0	35.0	37.0	35.0	37.0
7	35.84280719932404	37.0	35.0	37.0	35.0	37.0
8	35.84817330087052	37.0	35.0	37.0	35.0	37.0
9	37.56457107988308	39.0	38.0	39.0	35.0	39.0
10-11	37.58086498194662	39.0	38.0	39.0	35.0	39.0
12-13	37.54230063011804	39.0	38.0	39.0	35.0	39.0
14-15	38.997122041923234	41.0	39.0	41.0	35.0	41.0
16-17	38.95643149761375	41.0	39.0	41.0	35.0	41.0
18-19	38.95473825227586	41.0	39.0	41.0	35.0	41.0
20-21	38.965108340690264	41.0	39.0	41.0	35.0	41.0
22-23	38.92866699707795	41.0	39.0	41.0	34.5	41.0
24-25	38.89358806819993	41.0	39.0	41.0	34.0	41.0
26-27	38.83416926220103	41.0	39.0	41.0	34.0	41.0
28-29	38.769357740193534	41.0	38.5	41.0	34.0	41.0
30-31	38.70374423577045	41.0	38.0	41.0	34.0	41.0
32-33	38.66383213385665	40.0	38.0	41.0	34.0	41.0
34-35	38.61448429243369	40.0	38.0	41.0	34.0	41.0
36-37	38.55351536756582	40.0	38.0	41.0	34.0	41.0
38-39	38.47899099240818	40.0	38.0	41.0	33.0	41.0
40-41	38.437437099272984	40.0	38.0	41.0	33.0	41.0
42-43	38.36855131999261	40.0	38.0	41.0	33.0	41.0
44-45	38.27062466514954	40.0	38.0	41.0	33.0	41.0
46-47	38.192111152186186	40.0	37.0	41.0	33.0	41.0
48-49	38.118454846839796	40.0	37.0	41.0	33.0	41.0
50-51	38.01642635870185	40.0	37.0	41.0	33.0	41.0
52-53	37.87472989591811	40.0	36.5	41.0	33.0	41.0
54-55	37.726224623665104	40.0	36.0	41.0	32.5	41.0
56-57	37.5538169110405	39.0	35.5	41.0	32.0	41.0
58-59	37.384792476466146	39.0	35.0	41.0	32.0	41.0
60-61	37.174526608077656	39.0	35.0	41.0	32.0	41.0
62-63	36.949966788777246	38.5	35.0	41.0	32.0	41.0
64-65	36.72147476245804	37.5	35.0	40.5	32.0	41.0
66-67	36.464486182113234	37.0	35.0	40.0	31.0	41.0
68-69	36.231732220875536	36.5	35.0	39.5	31.0	41.0
70-71	36.002029273612045	36.0	35.0	39.0	31.0	41.0
72-73	35.78094648272554	36.0	35.0	39.0	31.0	41.0
74-75	35.63352148645428	35.0	35.0	38.5	32.0	40.5
76	34.72382308604741	35.0	34.0	37.0	30.0	39.0
>>END_MODULE
>>Per sequence quality scores	pass
#Quality	Count
15	11.0
16	10.0
17	17.0
18	45.0
19	1092.0
20	14900.0
21	36576.0
22	64731.0
23	96899.0
24	130152.0
25	167219.0
26	204549.0
27	239877.0
28	280691.0
29	328645.0
30	389638.0
31	467196.0
32	568630.0
33	710045.0
34	931265.0
35	1298221.0
36	1998458.0
37	3386063.0
38	5705603.0
39	9089297.0
40	2870613.0
>>END_MODULE
>>Per base sequence content	fail
#Base	G	A	T	C
1	27.181160840719976	12.273453633133819	15.297877589710628	45.247507936435575
2	21.494377367219897	22.111969285267907	35.31913145256238	21.074521894949815
3	26.91473823290691	23.709819223188795	23.733404301481865	25.642038242422426
4	26.83882250922151	31.490520034294267	18.452574312327158	23.218083144157063
5	27.174335450550462	31.72376634573516	20.79153897559062	20.310359228123758
6	21.469181657479822	33.51193817173323	21.98094060314043	23.03793956764652
7	19.020567591939376	15.811404456221867	40.49078939540608	24.67723855643268
8	21.068307264296713	20.447800171194835	27.36432760891828	31.119564955590175
9	21.684431129604107	20.108747243473665	29.710701510956177	28.49612011596605
10-11	25.67444204342162	29.677356397093092	20.288082711357195	24.360118848128092
12-13	23.010400589383007	23.461783901535455	27.693265005842882	25.834550503238656
14-15	23.614468819313565	24.829548083694615	26.639006255554015	24.9169768414378
16-17	24.448201944924026	25.142402113880426	25.463693249383766	24.945702691811785
18-19	24.3948085562107	25.483808777675016	25.21917651851608	24.902206147598204
20-21	24.223171827517536	25.5197788475222	25.51815852230067	24.73889080265959
22-23	24.347891220460287	25.723897371873782	25.466029281029375	24.462182126636556
24-25	24.36490226510991	25.775482972474578	25.38920693723118	24.47040782518433
26-27	24.193857599208545	25.777726318099624	25.49623012034907	24.532185962342755
28-29	24.33681539730853	25.496925963897926	25.480359457708147	24.685899181085393
30-31	24.06203313829875	25.6643841186201	25.59258825290982	24.680994490171326
32-33	24.05411602684378	25.780864565058437	25.616220474895247	24.54879893320254
34-35	24.41722792573561	25.73481624546432	25.33081869002634	24.517137138773734
36-37	24.260759422737735	25.650031837496456	25.422745967871446	24.666462771894366
38-39	24.14648541155571	25.695414275370233	25.626043783069797	24.532056530004265
40-41	24.236655886305343	25.66007095644617	25.561856914771656	24.541416242476828
42-43	24.055615528205422	25.648616235396958	25.70061151186228	24.595156724535336
44-45	24.157623235947	25.69426166359403	25.672840198787146	24.475274901671828
46-47	24.224518634677988	25.68313427560454	25.550267366146358	24.542079723571117
48-49	24.184521664753518	25.621123893369784	25.63152505003861	24.562829391838086
50-51	24.079639168725368	25.751586631375435	25.65249874613011	24.51627545376909
52-53	24.228417034353818	25.71614679573636	25.55727694359201	24.49815922631781
54-55	24.111309861861212	25.70475141303764	25.64888551875898	24.535053206342166
56-57	24.067096264181593	25.667179262284773	25.76306081614132	24.502663657392315
58-59	24.18901220974234	25.69421594120278	25.605475195959144	24.511296653095737
60-61	24.048534596764963	25.741869911329413	25.73140424248182	24.47819124942381
62-63	23.940022676269614	25.77415899821627	25.894355105134586	24.391463220379535
64-65	24.11277061660842	25.73551846351489	25.750763318060987	24.4009476018157
66-67	24.11540707231498	25.71378332523681	25.720401026264234	24.450408576183975
68-69	23.99412920648206	25.807052502736166	25.788763080774586	24.410055210007187
70-71	24.08085919659569	25.733695589651322	25.814314565068088	24.371130648684904
72-73	24.027862093205542	25.632861939255985	25.936803898768364	24.40247206877011
74-75	24.2091404126822	22.24613402373372	27.546407038191223	25.998318525392854
76	25.330154676818267	0.0	37.73164335958507	36.93820196359667
>>END_MODULE
>>Per sequence GC content	pass
#GC Content	Count
0	903.0
1	879.0
2	966.0
3	1097.5
4	1157.5
5	1323.5
6	1608.5
7	1894.5
8	2156.5
9	2441.5
10	2803.0
11	3305.0
12	3794.5
13	4527.5
14	5831.0
15	7637.5
16	9665.5
17	11717.0
18	16157.5
19	24431.5
20	34282.5
21	43064.0
22	59387.0
23	88172.0
24	118867.5
25	144339.0
26	185175.5
27	246613.0
28	303891.5
29	345018.5
30	399545.5
31	475622.0
32	542261.0
33	585893.5
34	641709.0
35	718583.0
36	783649.5
37	825901.0
38	871464.0
39	939643.5
40	1000046.5
41	1054261.5
42	1089553.5
43	1113124.0
44	1144823.0
45	1158770.0
46	1154501.5
47	1162623.0
48	1181912.0
49	1196210.0
50	1202004.5
51	1203158.0
52	1199497.0
53	1184863.0
54	1168622.0
55	1143238.5
56	1118514.0
57	1089268.5
58	1060392.0
59	1027636.5
60	977637.0
61	911784.0
62	857655.0
63	798706.0
64	711558.5
65	630353.5
66	543231.5
67	481647.0
68	429113.5
69	359619.5
70	290430.0
71	242559.0
72	208439.0
73	165149.5
74	125818.0
75	101495.5
76	85928.0
77	68069.0
78	51611.0
79	39952.0
80	32087.0
81	23416.0
82	16682.5
83	12380.5
84	9284.5
85	6254.0
86	4372.0
87	3451.0
88	2647.5
89	1925.0
90	1467.0
91	1144.0
92	936.0
93	647.0
94	336.0
95	205.5
96	178.5
97	175.0
98	100.5
99	102.0
100	177.0
>>END_MODULE
>>Per base N content	pass
#Base	N-Count
1	0.08322509079657615
2	0.05915368512482711
3	0.059402128531989666
4	0.0546368459584969
5	0.05523380025626247
6	0.020234335272238592
7	0.005020627186409814
8	0.00206000991772279
9	0.0020082508745639257
10-11	0.001492385744413914
12-13	0.0010576097818794559
14-15	9.523663941230989E-4
16-17	6.383615322926568E-4
18-19	0.0020876147407408504
20-21	0.0013407623184565544
22-23	0.0018526970477557442
24-25	0.0018919834673473892
26-27	0.0014472825014519512
28-29	0.0012148277514420888
30-31	0.001468734920244836
32-33	0.0010366641949102042
34-35	0.001022056499838588
36-37	0.0011499129931014079
38-39	0.0017162785648440384
40-41	0.001272596841442494
42-43	8.436306236521956E-4
44-45	0.0018063235775803933
46-47	0.002042989068820088
48-49	0.0012233416741667079
50-51	0.0016686436237498888
52-53	0.0016783661309366451
54-55	0.0016143816858351337
56-57	0.0012190946513367276
58-59	5.96590678429505E-4
60-61	6.367444304362635E-4
62-63	3.4038221767418E-4
64-65	2.595013393823925E-4
66-67	6.489298335881839E-4
68-69	1.6281888951756064E-4
70-71	2.5165337163929057E-5
72-73	3.810181960138312E-5
74-75	3.89898098962142E-6
76	0.0
>>END_MODULE
>>Sequence Length Distribution	warn
#Length	Count
20-21	17891.0
22-23	19508.0
24-25	21235.0
26-27	22794.0
28-29	24372.0
30-31	25387.0
32-33	27561.0
34-35	29432.0
36-37	30316.0
38-39	32589.0
40-41	34895.0
42-43	35658.0
44-45	38781.0
46-47	40308.0
48-49	42391.0
50-51	45352.0
52-53	47948.0
54-55	49372.0
56-57	52972.0
58-59	57707.0
60-61	63131.0
62-63	70476.0
64-65	80945.0
66-67	96262.0
68-69	119822.0
70-71	184483.0
72-73	926320.0
74-75	8913619.0
76-77	1.7828916E7
>>END_MODULE
>>Sequence Duplication Levels	pass
#Total Deduplicated Percentage	82.72405230721621
#Duplication Level	Percentage of deduplicated	Percentage of total
1	90.1344285541592	74.56285182395308
2	6.811244313779409	11.269074617806336
3	1.6286408962183234	4.041833240653083
4	0.618820103851621	2.0476522655911387
5	0.2746455332318899	1.1359895728509075
6	0.1520775527486901	0.7548282857001642
7	0.08970756706552085	0.5194681429196877
8	0.05578642340791453	0.36919032064230667
9	0.040903476585872185	0.30453312029730156
>10	0.17184577923284214	2.551716554974406
>50	0.012537687463224511	0.7214420911985683
>100	0.008773385958554557	1.3265434033519332
>500	4.7392605667965023E-4	0.2616491808758833
>1k	1.1480024036719746E-4	0.1332273791851224
>5k	0.0	0.0
>10k+	0.0	0.0
>>END_MODULE
>>Overrepresented sequences	pass
>>END_MODULE
>>Adapter Content	pass
#Position	Illumina Universal Adapter	Illumina Small RNA 3' Adapter	Illumina Small RNA 5' Adapter	Nextera Transposase Sequence	SOLID Small RNA Adapter
1	0.0	3.4506028772576045E-6	0.0	0.0	0.0
2	0.0	6.901205754515209E-6	0.0	3.4506028772576045E-6	3.4506028772576045E-6
3	0.0	6.901205754515209E-6	0.0	3.4506028772576045E-6	3.4506028772576045E-6
4	0.0	6.901205754515209E-6	0.0	1.0351808631772814E-5	3.4506028772576045E-6
5	0.0	6.901205754515209E-6	0.0	1.0351808631772814E-5	6.901205754515209E-6
6	0.0	6.901205754515209E-6	0.0	1.725301438628802E-5	6.901205754515209E-6
7	0.0	1.0351808631772814E-5	0.0	1.725301438628802E-5	1.0351808631772814E-5
8	0.0	1.3802411509030418E-5	0.0	2.7604823018060836E-5	1.0351808631772814E-5
9	0.0	1.3802411509030418E-5	0.0	3.105542589531844E-5	1.0351808631772814E-5
10	0.0	1.725301438628802E-5	0.0	3.105542589531844E-5	1.0351808631772814E-5
11	0.0	2.415422014080323E-5	0.0	3.795663164983365E-5	1.3802411509030418E-5
12	0.0	2.415422014080323E-5	0.0	4.4857837404348854E-5	1.3802411509030418E-5
13	0.0	2.415422014080323E-5	0.0	4.830844028160646E-5	1.3802411509030418E-5
14	0.0	2.415422014080323E-5	0.0	4.830844028160646E-5	1.725301438628802E-5
15	0.0	3.450602877257604E-5	0.0	5.1759043158864066E-5	1.725301438628802E-5
16	0.0	3.795663164983365E-5	0.0	5.1759043158864066E-5	1.725301438628802E-5
17	0.0	3.795663164983365E-5	0.0	5.520964603612167E-5	1.725301438628802E-5
18	0.0	4.1407234527091254E-5	0.0	6.211085179063688E-5	2.415422014080323E-5
19	0.0	4.4857837404348854E-5	0.0	6.211085179063688E-5	2.415422014080323E-5
20	0.0	4.4857837404348854E-5	0.0	6.211085179063688E-5	2.7604823018060836E-5
21	0.0	4.4857837404348854E-5	0.0	6.556145466789448E-5	3.105542589531844E-5
22	0.0	4.830844028160646E-5	0.0	6.901205754515208E-5	3.450602877257604E-5
23	0.0	5.520964603612167E-5	0.0	6.901205754515208E-5	3.450602877257604E-5
24	0.0	5.520964603612167E-5	0.0	7.93638661769249E-5	3.450602877257604E-5
25	0.0	5.520964603612167E-5	0.0	7.93638661769249E-5	3.450602877257604E-5
26	0.0	5.520964603612167E-5	0.0	8.626507193144011E-5	3.795663164983365E-5
27	0.0	5.520964603612167E-5	0.0	8.626507193144011E-5	3.795663164983365E-5
28	0.0	6.211085179063688E-5	0.0	8.971567480869771E-5	4.1407234527091254E-5
29	0.0	6.901205754515208E-5	0.0	9.316627768595532E-5	4.1407234527091254E-5
30	0.0	6.901205754515208E-5	0.0	9.316627768595532E-5	4.4857837404348854E-5
31	0.0	7.24626604224097E-5	0.0	1.0006748344047053E-4	4.4857837404348854E-5
32	0.0	7.59132632996673E-5	0.0	1.1386989494950094E-4	4.830844028160646E-5
33	0.0	7.59132632996673E-5	0.0	1.1386989494950094E-4	4.830844028160646E-5
34	0.0	7.93638661769249E-5	0.0	1.1386989494950094E-4	4.830844028160646E-5
35	0.0	9.316627768595532E-5	0.0	1.1732049782675854E-4	5.1759043158864066E-5
36	0.0	9.661688056321292E-5	0.0	1.1732049782675854E-4	5.1759043158864066E-5
37	0.0	1.1041929207224335E-4	0.0	1.2077110070401616E-4	5.1759043158864066E-5
38	0.0	1.1386989494950094E-4	0.0	1.2767230645853136E-4	5.1759043158864066E-5
39	0.0	1.1386989494950094E-4	0.0	1.3457351221304658E-4	5.1759043158864066E-5
40	0.0	1.1386989494950094E-4	0.0	1.3802411509030417E-4	5.1759043158864066E-5
41	0.0	1.1386989494950094E-4	0.0	1.4147471796756178E-4	5.1759043158864066E-5
42	0.0	1.2077110070401616E-4	0.0	1.449253208448194E-4	5.520964603612167E-5
43	0.0	1.2077110070401616E-4	0.0	1.449253208448194E-4	5.520964603612167E-5
44	0.0	1.3112290933578897E-4	0.0	1.449253208448194E-4	5.520964603612167E-5
45	0.0	1.3112290933578897E-4	0.0	1.4837592372207698E-4	5.520964603612167E-5
46	0.0	1.3112290933578897E-4	0.0	1.690795409856226E-4	5.520964603612167E-5
47	0.0	1.3112290933578897E-4	0.0	1.690795409856226E-4	5.520964603612167E-5
48	0.0	1.4147471796756178E-4	0.0	1.690795409856226E-4	5.866024891337927E-5
49	0.0	1.4147471796756178E-4	0.0	1.7253014386288022E-4	6.211085179063688E-5
50	0.0	1.4147471796756178E-4	0.0	1.8288195249465303E-4	6.211085179063688E-5
51	0.0	1.4147471796756178E-4	0.0	1.8288195249465303E-4	6.211085179063688E-5
52	0.0	1.4837592372207698E-4	0.0	1.8288195249465303E-4	6.211085179063688E-5
53	0.0	1.4837592372207698E-4	0.0	1.8633255537191064E-4	6.211085179063688E-5
54	0.0	1.4837592372207698E-4	0.0	1.8978315824916823E-4	6.211085179063688E-5
55	0.0	1.518265265993346E-4	0.0	1.8978315824916823E-4	6.211085179063688E-5
56	0.0	1.621783352311074E-4	0.0	1.8978315824916823E-4	6.556145466789448E-5
57	0.0	1.7943134961739542E-4	0.0	1.9323376112642584E-4	6.556145466789448E-5
58	0.0	1.8288195249465303E-4	0.0	1.9323376112642584E-4	6.556145466789448E-5
59	0.0	1.8978315824916823E-4	0.0	2.0013496688094107E-4	6.556145466789448E-5
60	0.0	1.8978315824916823E-4	0.0	2.0013496688094107E-4	6.556145466789448E-5
61	0.0	1.9323376112642584E-4	0.0	2.0358556975819865E-4	6.556145466789448E-5
62	0.0	1.9323376112642584E-4	0.0	2.1048677551271388E-4	6.556145466789448E-5
63	0.0	1.9668436400368345E-4	0.0	2.1393737838997146E-4	6.556145466789448E-5
64	0.0	2.0013496688094107E-4	0.0	2.1738798126722908E-4	6.556145466789448E-5
65	0.0	2.0358556975819865E-4	0.0	2.208385841444867E-4	6.901205754515208E-5
>>END_MODULE
