##FastQC	0.11.7
>>Basic Statistics	pass
#Measure	Value
Filename	SRR627449_1.fastq.gz
File type	Conventional base calls
Encoding	Sanger / Illumina 1.9
Total Sequences	32181002
Sequences flagged as poor quality	0
Sequence length	101
%GC	43
>>END_MODULE
>>Per base sequence quality	fail
#Base	Mean	Median	Lower Quartile	Upper Quartile	10th Percentile	90th Percentile
1	28.536892014735898	31.0	28.0	31.0	23.0	34.0
2	28.169698662583595	31.0	28.0	33.0	16.0	34.0
3	27.096062018205647	31.0	26.0	31.0	10.0	34.0
4	30.739071984147667	35.0	30.0	37.0	17.0	37.0
5	31.210599502153475	35.0	32.0	37.0	19.0	37.0
6	31.434388525254747	35.0	32.0	37.0	17.0	37.0
7	31.556536679622344	35.0	32.0	37.0	17.0	37.0
8	31.47706333071916	35.0	32.0	37.0	17.0	37.0
9	32.6147035757308	37.0	32.0	39.0	17.0	39.0
10-11	32.62542218231738	37.0	32.0	39.0	17.0	39.0
12-13	32.46015315185028	37.0	32.0	39.0	17.0	39.0
14-15	33.26680067326679	38.0	32.0	40.0	16.0	41.0
16-17	33.15550449609991	38.0	32.0	40.0	13.0	41.0
18-19	33.09062334354909	38.0	32.0	40.0	11.0	41.0
20-21	32.98797462863338	38.0	32.0	40.0	10.0	41.0
22-23	32.83430528359558	38.0	32.0	40.0	10.0	41.0
24-25	32.69143891169082	38.0	31.0	40.0	10.0	41.0
26-27	32.47692647979078	38.0	31.0	40.0	9.5	41.0
28-29	32.24415874309942	37.0	31.0	40.0	8.5	41.0
30-31	32.04709994735403	37.0	30.0	40.0	8.0	41.0
32-33	31.832977683541365	37.0	30.0	40.0	7.0	41.0
34-35	31.598362894356114	37.0	30.0	40.0	2.0	41.0
36-37	31.43372258887402	37.0	30.0	40.0	2.0	41.0
38-39	31.522765030747024	37.0	30.0	40.0	2.0	41.0
40-41	31.470339161596023	37.0	30.0	40.0	2.0	41.0
42-43	31.31256275053213	37.0	30.0	40.0	2.0	41.0
44-45	31.159204443043755	37.0	30.0	40.0	2.0	41.0
46-47	30.950315965923	36.0	29.0	40.0	2.0	41.0
48-49	30.76804633056485	36.0	29.0	40.0	2.0	41.0
50-51	30.765203411006283	36.0	29.0	40.0	2.0	41.0
52-53	30.625040015845375	36.0	28.0	40.0	2.0	41.0
54-55	30.40289666866184	36.0	28.0	40.0	2.0	41.0
56-57	30.206409157179134	36.0	28.0	39.5	2.0	41.0
58-59	29.971587211610128	35.0	28.0	39.0	2.0	41.0
60-61	29.628592997197536	35.0	27.0	39.0	2.0	41.0
62-63	29.360376379828075	35.0	26.5	39.0	2.0	40.0
64-65	29.039342140434286	34.5	26.0	39.0	2.0	40.0
66-67	28.698414315999237	34.0	26.0	38.0	2.0	40.0
68-69	28.324620237120023	34.0	26.0	38.0	2.0	40.0
70-71	27.960740610251975	34.0	25.0	37.0	2.0	40.0
72-73	27.55172747573242	34.0	24.0	37.0	2.0	39.5
74-75	27.164237459107085	33.0	23.5	36.0	2.0	39.0
76-77	26.29389423610862	32.0	22.0	35.0	2.0	38.0
78-79	26.46412860295649	33.0	22.0	35.0	2.0	38.0
80-81	26.22742197399571	32.5	21.5	35.0	2.0	37.0
82-83	25.870617950304965	32.0	20.0	35.0	2.0	37.0
84-85	25.510025495787858	32.0	19.5	35.0	2.0	36.5
86-87	25.166908693520483	32.0	18.0	35.0	2.0	36.0
88-89	24.8434798425481	32.0	16.5	35.0	2.0	36.0
90-91	24.49525075384539	32.0	9.0	35.0	2.0	35.0
92-93	24.130163178262755	31.0	4.5	34.0	2.0	35.0
94-95	23.691691995793043	31.0	2.0	34.0	2.0	35.0
96-97	23.253610592982778	31.0	2.0	34.0	2.0	35.0
98-99	22.709809035778314	31.0	2.0	34.0	2.0	35.0
100-101	21.133856242263683	29.0	2.0	33.5	2.0	34.5
>>END_MODULE
>>Per sequence quality scores	pass
#Quality	Count
2	1821453.0
3	422796.0
4	229263.0
5	173082.0
6	159552.0
7	158783.0
8	169605.0
9	184177.0
10	199387.0
11	209932.0
12	218967.0
13	229107.0
14	237701.0
15	247916.0
16	256443.0
17	262888.0
18	268276.0
19	271668.0
20	278955.0
21	292470.0
22	318589.0
23	361191.0
24	419138.0
25	494208.0
26	584902.0
27	687768.0
28	806779.0
29	941872.0
30	1098395.0
31	1286173.0
32	1509285.0
33	1799094.0
34	2171707.0
35	2656806.0
36	3257048.0
37	3810829.0
38	3101523.0
39	582929.0
40	345.0
>>END_MODULE
>>Per base sequence content	fail
#Base	G	A	T	C
1	32.41542116807371	14.982046592694577	18.766821799921246	33.835710439310475
2	21.13733680997655	21.491478447411065	38.69922023714128	18.6719645054711
3	24.12895655911968	24.606802388909042	27.646520947955626	23.617720104015653
4	24.620825107785414	32.22998237309339	25.21896899035508	17.930223528766113
5	24.639651225773232	32.940530533346646	25.761010489507445	16.658807751372677
6	21.07273751016911	36.54700177836496	23.065508759768896	19.314751951697037
7	15.96762093144624	18.40061917338017	45.221030490112426	20.410729405061172
8	19.612509012009102	23.372191338086147	31.273943914966846	25.74135573493791
9	21.255586700201913	22.01654664171214	31.41066458251691	25.317202075569035
10-11	22.961612867655518	34.03544112913451	22.534950548105382	20.467995455104585
12-13	20.65816666534597	26.335616273402156	30.511626866318654	22.49459019493322
14-15	21.000791386684924	27.519832600289934	30.064066056969214	21.41530995605593
16-17	21.72775659396999	27.744956535580833	28.84051144737444	21.686775423074735
18-19	21.7626226234463	28.126439530460434	28.406070458777815	21.704867387315453
20-21	21.63251814510437	28.193010638688126	28.36524523367005	21.80922598253745
22-23	21.784081624694178	28.85833520881031	28.079298455339814	21.2782847111557
24-25	21.754358907435133	29.054956198408195	27.938718651266882	21.251966242889793
26-27	21.726905168730816	28.64582063562689	28.089316337227466	21.53795785841483
28-29	21.855891712446564	28.40494843964053	28.16760251514555	21.571557332767355
30-31	21.565769234755177	28.680014983672574	28.09171985218376	21.662495929388488
32-33	21.741624021944258	28.62242524729568	28.12746255073948	21.50848818002058
34-35	21.894349020367603	28.744024880419143	27.961189377708134	21.40043672150512
36-37	21.755282766282992	28.512137974257882	27.98731176825741	21.745267491201716
38-39	21.81319448456113	28.489876347523126	28.034445840703626	21.66248332721212
40-41	21.95295982433825	28.515332142970284	28.020456892517288	21.511251140174174
42-43	21.74018171125318	28.506555112429588	28.103130232571655	21.650132943745575
44-45	21.93158268768508	28.496639819936465	28.121249540659406	21.45052795171905
46-47	21.94765898509165	28.56928418871312	27.93915263326402	21.543904192931212
48-49	21.867034054162094	28.46120890460678	27.94926909067586	21.722487950555262
50-51	21.96041621582854	28.201807823073654	28.05792546388835	21.779850497209456
52-53	22.105497036207744	28.57447966705901	27.81854309029442	21.501480206438824
54-55	22.03495960312822	28.404273962170233	27.850348460415255	21.71041797428629
56-57	21.936626835381315	28.27702434526681	27.917623123875984	21.868725695475895
58-59	22.066593577312066	28.35931230957337	27.847328434517323	21.726765678597243
60-61	22.17374145493265	28.155525547376076	27.90157990423589	21.769153093455383
62-63	21.942537717700606	28.277989261089576	28.063571846234396	21.715901174975425
64-65	22.065422133281277	28.510454539430036	27.944718748134957	21.479404579153734
66-67	22.169129600302053	28.442267600332354	27.814627972912977	21.57397482645262
68-69	22.15346038915373	28.41742722917627	27.793547462466016	21.635564919203986
70-71	21.990345409234212	28.465810100486294	27.87237033296488	21.671474157314613
72-73	22.162428130221855	28.432125964461868	27.87246594192196	21.532979963394318
74-75	22.195490983489645	28.325897650154243	27.787593445826204	21.691017920529912
76-77	21.988804594993997	28.352134849404244	28.057287578196227	21.60177297740554
78-79	21.945567429094254	28.393408029044977	28.106510029620857	21.554514512239916
80-81	21.83989006270438	28.4955084326465	28.01390039429436	21.650701110354753
82-83	21.943061459235977	28.347936445193778	27.996071135963152	21.712930959607096
84-85	21.916512729904333	28.355228532718375	28.02467695032449	21.703581787052805
86-87	21.833851811824513	28.386059940680752	28.04972806663043	21.73036018086431
88-89	21.923016856731955	28.412087431178097	27.918187054066028	21.74670865802392
90-91	21.97102628958294	28.33939611163774	27.99469554223155	21.69488205654777
92-93	21.95885727333501	28.209427298283885	28.14378528386458	21.687930144516532
94-95	22.098639445741206	28.28079060590321	27.89342721173774	21.727142736617843
96-97	21.93875239445832	28.40486192966958	27.85599322771179	21.80039244816031
98-99	22.04310390059535	28.13049069416847	27.97405458544245	21.852350819793728
100-101	22.164656577757093	28.265813514781772	27.734012654584266	21.83551725287687
>>END_MODULE
>>Per sequence GC content	pass
#GC Content	Count
0	6588.0
1	3984.5
2	1299.0
3	1254.5
4	1317.0
5	1273.5
6	1203.5
7	1239.0
8	1301.5
9	1385.5
10	1479.0
11	1585.0
12	1771.5
13	2114.0
14	2663.0
15	3660.5
16	5312.5
17	7810.5
18	11753.5
19	18221.5
20	27728.5
21	41508.0
22	61388.0
23	88089.5
24	122410.5
25	164759.0
26	217778.0
27	280262.0
28	349478.0
29	424009.0
30	500853.5
31	584018.5
32	672449.0
33	766667.5
34	852508.5
35	922048.0
36	1004937.5
37	1092013.5
38	1145081.5
39	1176946.0
40	1206540.5
41	1229161.5
42	1251394.0
43	1265535.0
44	1275970.5
45	1279076.5
46	1251056.5
47	1209674.5
48	1167614.5
49	1107893.0
50	1030284.0
51	963756.0
52	914002.0
53	848980.5
54	772556.0
55	705717.5
56	641656.5
57	575458.0
58	519875.5
59	469328.0
60	408478.0
61	348134.5
62	288363.0
63	230623.0
64	181214.5
65	134282.0
66	93957.0
67	64555.0
68	43518.5
69	29134.0
70	19267.0
71	13307.0
72	10733.0
73	9420.0
74	8217.5
75	6654.5
76	5320.5
77	4744.0
78	4312.0
79	3690.0
80	2977.0
81	2479.5
82	2130.5
83	1877.0
84	1602.5
85	1331.5
86	1112.0
87	920.0
88	786.0
89	655.5
90	529.0
91	435.5
92	376.5
93	336.0
94	282.5
95	226.0
96	178.5
97	139.5
98	121.5
99	105.5
100	66.5
>>END_MODULE
>>Per base N content	pass
#Base	N-Count
1	0.030918863247328343
2	0.08627761186553483
3	0.013380565341004609
4	0.0055560731141932745
5	0.016251824601359523
6	0.004484012026723096
7	0.0041142286371319324
8	0.0010285571592829831
9	0.0010347720061668682
10-11	8.809545457907122E-4
12-13	0.003129175406036145
14-15	0.002420682861273244
16-17	0.0011481929617977711
18-19	0.0011497466735187426
20-21	0.00237873264480702
22-23	9.306733208617929E-4
24-25	0.004016344798710742
26-27	0.007627170838247982
28-29	0.0023523195455505083
30-31	0.0019903047145642017
32-33	5.997327242949117E-4
34-35	0.003099654883337691
36-37	4.925266155478938E-4
38-39	0.0017743387853491944
40-41	1.9732138856335175E-4
42-43	0.0020555606068449954
44-45	0.0011202261508202883
46-47	0.0017991981728847349
48-49	8.265746355567176E-4
50-51	6.152698415046244E-4
52-53	0.001629843595298866
54-55	7.162611033677572E-4
56-57	0.0012227711244043925
58-59	9.353344560247067E-4
60-61	0.0027562845930030394
62-63	0.006047046018020197
64-65	0.005737857385546914
66-67	0.0043177648725791695
68-69	0.0023709640862021636
70-71	4.521301108026407E-4
72-73	0.002333675004898853
74-75	0.0018395946776299879
76-77	0.004538391936957091
78-79	0.0077452529290417986
80-81	0.0014791335583646526
82-83	0.0037817343288440797
84-85	0.0026428636373721365
86-87	0.006437027659983987
88-89	0.005719212844895258
90-91	0.0027920199625853788
92-93	0.001221217412683421
94-95	0.001140424403192915
96-97	0.001385910855106376
98-99	4.1173360605738755E-4
100-101	7.861781308114644E-4
>>END_MODULE
>>Sequence Length Distribution	pass
#Length	Count
101	3.2181002E7
>>END_MODULE
>>Sequence Duplication Levels	pass
#Total Deduplicated Percentage	85.63750877265512
#Duplication Level	Percentage of deduplicated	Percentage of total
1	93.7315690724741	80.2693806871873
2	4.228195404987376	7.241842421742128
3	0.9539949064965976	2.4509324152251204
4	0.3749462803656386	1.2843786149634713
5	0.19132830292206113	0.8192439609972612
6	0.11754673601886442	0.6039845782207487
7	0.07714491960647833	0.46245491106958936
8	0.05168868507642883	0.3541192177343745
9	0.04033838208194564	0.31090306944756
>10	0.20522816319048864	3.285623776117308
>50	0.017793029463152768	1.052288469540861
>100	0.009758684366743466	1.4689676783864476
>500	3.6071547243729795E-4	0.20605706940090826
>1k	9.701617401472283E-5	0.12183913460833513
>5k	9.701303867194003E-6	0.06798399535855199
>10k+	0.0	0.0
>>END_MODULE
>>Overrepresented sequences	pass
>>END_MODULE
>>Adapter Content	pass
#Position	Illumina Universal Adapter	Illumina Small RNA 3' Adapter	Illumina Small RNA 5' Adapter	Nextera Transposase Sequence	SOLID Small RNA Adapter
1	0.0	9.322270325827642E-6	0.0	6.2148468838850945E-6	0.0
2	0.0	2.4859387535540378E-5	0.0	3.418165786136802E-5	0.0
3	3.1074234419425472E-6	2.4859387535540378E-5	0.0	3.728908130331057E-5	0.0
4	9.322270325827642E-6	2.4859387535540378E-5	0.0	5.2826198513023306E-5	0.0
5	9.322270325827642E-6	2.4859387535540378E-5	0.0	5.2826198513023306E-5	0.0
6	9.322270325827642E-6	2.4859387535540378E-5	0.0	5.90410453969084E-5	0.0
7	1.2429693767770189E-5	3.1074234419425475E-5	0.0	6.52558922807935E-5	0.0
8	1.5537117209712737E-5	3.418165786136802E-5	0.0	8.390043293244878E-5	0.0
9	2.175196409359783E-5	3.418165786136802E-5	0.0	9.633012670021897E-5	0.0
10-11	5.2826198513023306E-5	3.728908130331057E-5	0.0	9.943755014216153E-5	1.5537117209712736E-6
12-13	6.680960400176477E-5	4.505763990816694E-5	0.0	1.2274322595673062E-4	7.768558604856369E-6
14-15	9.166899153730515E-5	4.661135162913821E-5	0.0	1.3983405488741463E-4	9.322270325827642E-6
16-17	1.2740436111964443E-4	5.593362195496585E-5	0.0	1.5692488381809864E-4	9.322270325827642E-6
18-19	1.4449519005032847E-4	5.593362195496585E-5	0.0	1.709082893068401E-4	9.322270325827642E-6
20-21	1.6935457758586881E-4	5.748733367593713E-5	0.0	1.7867684791169648E-4	9.322270325827642E-6
22-23	2.050899471682081E-4	6.370218055982221E-5	0.0	1.8178427135363901E-4	9.322270325827642E-6
24-25	2.3305675814569104E-4	7.14707391646786E-5	0.0	1.957676768423805E-4	1.0875982046798916E-5
26-27	2.6568470428608775E-4	7.14707391646786E-5	0.0	2.0975108233112195E-4	1.2429693767770189E-5
28-29	2.983126504264845E-4	7.923929776953496E-5	0.0	2.2839562298277723E-4	1.3983405488741462E-5
30-31	3.2783317312493873E-4	8.545414465342005E-5	3.1074234419425472E-6	2.485938753554038E-4	1.5537117209712737E-5
32-33	3.775519481960195E-4	9.788383842119025E-5	3.1074234419425472E-6	2.7189955116997287E-4	1.5537117209712737E-5
34-35	4.2105587638321517E-4	1.0875982046798916E-4	3.1074234419425472E-6	2.7966810977482926E-4	1.5537117209712737E-5
36-37	4.5213011080264063E-4	1.1342095563090298E-4	3.1074234419425472E-6	2.95205226984542E-4	1.5537117209712737E-5
38-39	4.8786548038497993E-4	1.180820907938168E-4	3.1074234419425472E-6	3.1540347935716856E-4	1.5537117209712737E-5
40-41	5.22047138246348E-4	1.180820907938168E-4	4.661135162913821E-6	3.3560173172979507E-4	1.5537117209712737E-5
42-43	5.624436429916011E-4	1.242969376777019E-4	6.2148468838850945E-6	3.5113884893950786E-4	1.5537117209712737E-5
44-45	6.152698415046243E-4	1.242969376777019E-4	6.2148468838850945E-6	3.6978338959116314E-4	1.5537117209712737E-5
46-47	6.805257337854178E-4	1.2895807284061574E-4	9.322270325827642E-6	3.822130833589333E-4	1.5537117209712737E-5
48-49	7.675335901598092E-4	1.4449519005032847E-4	9.322270325827642E-6	3.899816419637897E-4	1.5537117209712737E-5
50-51	8.560951582551718E-4	1.5071003693421355E-4	9.322270325827642E-6	4.0862618261544494E-4	1.709082893068401E-5
52-53	9.53978996676362E-4	1.5226374865518483E-4	9.322270325827642E-6	4.2416329982515773E-4	1.8644540651655284E-5
54-55	0.001112457592215432	1.5692488381809864E-4	9.322270325827642E-6	4.3970041703487046E-4	2.175196409359783E-5
56-57	0.001249184223660904	1.6158601898101248E-4	9.322270325827642E-6	4.5834495768652575E-4	2.175196409359783E-5
58-59	0.0014542741708291123	1.7246200102781137E-4	9.322270325827642E-6	4.7854321005915226E-4	2.4859387535540378E-5
60-61	0.0017013143344635447	1.8023055963266776E-4	1.2429693767770189E-5	4.971877507108076E-4	2.4859387535540378E-5
62-63	0.0019934121380061442	1.8644540651655282E-4	1.2429693767770189E-5	5.22047138246348E-4	2.4859387535540378E-5
64-65	0.0023336750048988534	1.9421396512140922E-4	1.2429693767770189E-5	5.313694085721756E-4	2.7966810977482925E-5
66-67	0.0027951273860273213	1.9887510028432302E-4	1.2429693767770189E-5	5.360305437350895E-4	2.7966810977482925E-5
68-69	0.0033358190649253245	2.050899471682081E-4	1.2429693767770189E-5	5.515676609448021E-4	2.95205226984542E-5
70-71	0.0041484102949933006	2.0975108233112195E-4	1.2429693767770189E-5	5.593362195496585E-4	3.418165786136802E-5
72-73	0.005354090590467009	2.128585057730645E-4	1.2429693767770189E-5	5.857493188061701E-4	3.728908130331057E-5
74-75	0.007032099249115985	2.175196409359783E-4	1.2429693767770189E-5	5.919641656900553E-4	3.728908130331057E-5
76-77	0.0093191629023857	2.2218077609889212E-4	1.2429693767770189E-5	6.090549946207392E-4	3.884279302428184E-5
78-79	0.012712469300986962	2.2839562298277723E-4	1.2429693767770189E-5	6.261458235514233E-4	4.039650474525312E-5
80-81	0.017763586105864572	2.315030464247198E-4	1.2429693767770189E-5	6.339143821562797E-4	4.039650474525312E-5
82-83	0.02510487398745384	2.361641815876336E-4	1.2429693767770189E-5	6.401292290401648E-4	4.039650474525312E-5
84-85	0.03579907176289912	2.3927160502957616E-4	1.2429693767770189E-5	6.618811931337626E-4	4.039650474525312E-5
86-87	0.05165625358713194	2.4548645191346124E-4	1.2429693767770189E-5	6.836331572273604E-4	4.039650474525312E-5
88-89	0.07164786230086931	2.501475870763751E-4	1.2429693767770189E-5	6.991702744370732E-4	4.350392818719566E-5
90	0.08917994536030917	2.61023569123174E-4	1.5537117209712737E-5	7.240296619726135E-4	4.9718775071080756E-5
>>END_MODULE
