##FastQC	0.11.7
>>Basic Statistics	pass
#Measure	Value
Filename	SRR1095383_1_val_1.fq.gz
File type	Conventional base calls
Encoding	Sanger / Illumina 1.9
Total Sequences	34516612
Sequences flagged as poor quality	0
Sequence length	20-76
%GC	50
>>END_MODULE
>>Per base sequence quality	pass
#Base	Mean	Median	Lower Quartile	Upper Quartile	10th Percentile	90th Percentile
1	32.73055912903619	34.0	31.0	34.0	31.0	34.0
2	32.88603093490172	34.0	31.0	34.0	31.0	34.0
3	32.91242631229276	34.0	33.0	34.0	31.0	34.0
4	36.25233736729433	37.0	37.0	37.0	35.0	37.0
5	36.12058952947062	37.0	37.0	37.0	35.0	37.0
6	36.1163264227671	37.0	37.0	37.0	35.0	37.0
7	36.10900241309894	37.0	37.0	37.0	35.0	37.0
8	36.11219365909957	37.0	37.0	37.0	35.0	37.0
9	37.917470579093916	39.0	39.0	39.0	35.0	39.0
10-11	37.922413242643856	39.0	39.0	39.0	35.0	39.0
12-13	37.881606210366186	39.0	39.0	39.0	35.0	39.0
14-15	39.40589335650903	41.0	40.0	41.0	36.0	41.0
16-17	39.38135479519253	41.0	40.0	41.0	36.0	41.0
18-19	39.365187014878515	41.0	40.0	41.0	36.0	41.0
20-21	39.35172643110509	41.0	40.0	41.0	36.0	41.0
22-23	39.30171994544716	41.0	39.0	41.0	36.0	41.0
24-25	39.257197473606205	41.0	39.0	41.0	36.0	41.0
26-27	39.19496259566401	41.0	39.0	41.0	36.0	41.0
28-29	39.17651800828388	41.0	39.0	41.0	36.0	41.0
30-31	39.215805311437904	41.0	39.0	41.0	36.0	41.0
32-33	39.26314536492683	41.0	39.0	41.0	35.5	41.0
34-35	39.25294001371701	41.0	39.0	41.0	35.0	41.0
36-37	39.20373952806487	41.0	39.0	41.0	35.0	41.0
38-39	39.153138492005425	41.0	39.0	41.0	35.0	41.0
40-41	39.09075566653134	41.0	39.0	41.0	35.0	41.0
42-43	39.017651825268715	41.0	39.0	41.0	35.0	41.0
44-45	38.92622474192548	41.0	39.0	41.0	35.0	41.0
46-47	38.837520268222605	41.0	38.0	41.0	35.0	41.0
48-49	38.72245936773139	41.0	38.0	41.0	35.0	41.0
50-51	38.59360181286702	40.0	38.0	41.0	34.0	41.0
52-53	38.44287899285614	40.0	37.0	41.0	34.0	41.0
54-55	38.25988172581806	40.0	37.0	41.0	34.0	41.0
56-57	38.05472184609093	40.0	36.0	41.0	34.0	41.0
58-59	37.830772175724306	39.0	36.0	41.0	33.5	41.0
60-61	37.567151669422195	39.0	35.0	41.0	33.0	41.0
62-63	37.29236744120537	38.5	35.0	41.0	33.0	41.0
64-65	37.002967517998925	37.5	35.0	40.5	33.0	41.0
66-67	36.69262624775279	37.0	35.0	40.0	33.0	41.0
68-69	36.37401792403789	36.5	35.0	39.0	33.0	41.0
70-71	36.07872970936363	36.0	35.0	39.0	33.0	41.0
72-73	35.81657927129167	35.5	35.0	38.5	33.0	40.5
74-75	35.623433619052975	35.0	35.0	37.0	33.0	39.5
76	33.87933951039015	35.0	33.0	36.0	29.0	38.0
>>END_MODULE
>>Per sequence quality scores	pass
#Quality	Count
8	1.0
9	0.0
10	0.0
11	0.0
12	0.0
13	1.0
14	22.0
15	23.0
16	71.0
17	112.0
18	138.0
19	473.0
20	6214.0
21	22053.0
22	45476.0
23	71301.0
24	99142.0
25	128394.0
26	161397.0
27	196772.0
28	234216.0
29	277800.0
30	334157.0
31	406028.0
32	503427.0
33	638643.0
34	860467.0
35	1254345.0
36	2012778.0
37	3900717.0
38	7726086.0
39	1.2182326E7
40	3454032.0
>>END_MODULE
>>Per base sequence content	fail
#Base	G	A	T	C
1	28.932832927047215	12.359602630835091	15.695042525387985	43.01252191672971
2	23.12389782207643	21.70712421038529	33.08913342167079	22.079844545867495
3	27.375993005942316	23.783756581482795	23.36197151490615	25.478278897668737
4	27.525322013368285	31.02610107083762	18.29675634281451	23.151820572979585
5	28.029453961207523	30.79542002340788	20.48332783628781	20.691798179096786
6	21.939308957118644	32.81187671816787	21.465884977254333	23.78292934745915
7	19.579282329488706	14.765485445795063	40.187928390279254	25.467303834436976
8	21.98476124472434	20.0502714356202	26.140274428553923	31.82469289110154
9	21.914286745731424	19.64651718159662	29.220645417301206	29.218550655370752
10-11	26.51455417103713	28.603264205021713	19.93822863064449	24.94395299329667
12-13	23.700607990911955	22.358239481950477	27.507386476132144	26.43376605100542
14-15	24.426123746833166	24.01812436291745	26.414442772567025	25.141309117682354
16-17	25.183572756154955	24.370543743674276	25.02658933652	25.419294163650775
18-19	25.11452541636907	24.649800426726348	24.91290661915489	25.32276753774969
20-21	25.020479614890807	24.900024331268966	25.127695697856694	24.951800355983533
22-23	25.108168988386765	25.033585779698186	25.009070157105366	24.849175074809683
24-25	25.112898926881805	25.078516838095453	24.893183299570655	24.915400935452084
26-27	25.12892184310494	25.1753763098292	24.825271369152606	24.870430477913256
28-29	25.183445459168524	24.83876115370015	24.87213782925672	25.105655557874613
30-31	24.63146027277904	24.989787560494356	25.147708110481105	25.2310440562455
32-33	24.855107388294183	25.055487109267315	25.172356515376414	24.91704898706208
34-35	25.22113961535442	24.98227160575871	24.788524207312538	25.008064571574334
36-37	25.126354911059146	24.905772934919636	25.021208043368148	24.946664110653067
38-39	24.793690017493077	24.940905692276846	25.1226240630458	25.142780227184275
40-41	25.084852312644944	24.819026200001083	25.03769887005916	25.058422617294806
42-43	25.029304210223895	24.908538611945012	25.147382371699994	24.914774806131092
44-45	24.82851881909388	25.058064680236818	25.273753078476002	24.8396634221933
46-47	25.17342121076527	24.744738172063116	25.03849936427769	25.04334125289393
48-49	24.96022972501278	24.834169316447728	25.088937516117877	25.116663442421615
50-51	25.07799485197709	24.940572286714527	25.14731889698327	24.834113964325123
52-53	25.039261958766556	24.844394518648905	25.128148424660612	24.988195097923924
54-55	24.891500146731936	24.762390113726333	25.23986831527	25.106241424271726
56-57	24.941254193367225	24.84217819346619	25.17078023534831	25.045787377818275
58-59	25.132677070272365	24.84034444943499	25.022657647794176	25.00432083249847
60-61	24.832568100773383	24.920137042627676	25.150900156691787	25.096394699907158
62-63	24.71399343131314	24.941650525725613	25.347489165248234	24.996866877713018
64-65	24.95980908243561	24.91719935592936	25.10037466434965	25.02261689728538
66-67	24.935267456192044	25.044816204274863	25.099714907427504	24.92020143210559
68-69	24.82021729069139	24.988687786163684	25.25295214492696	24.93814277821797
70-71	24.98590714870238	24.953862227999625	25.02448293927587	25.03574768402212
72-73	24.807062652368312	24.978282549332686	25.23764563380693	24.977009164492063
74-75	25.320600188403525	21.400297334942824	26.808388134201362	26.470714342452297
76	26.299544160001776	0.0	36.058404787014005	37.64205105298422
>>END_MODULE
>>Per sequence GC content	pass
#GC Content	Count
0	1264.0
1	1105.5
2	950.5
3	955.0
4	991.5
5	1098.5
6	1240.5
7	1383.0
8	1553.0
9	1785.0
10	2064.0
11	2379.0
12	2705.0
13	3179.5
14	4095.5
15	5412.5
16	6833.5
17	8283.5
18	11457.5
19	17201.5
20	24721.0
21	32136.0
22	43936.0
23	65570.0
24	89961.5
25	109702.5
26	140327.0
27	181582.5
28	217783.0
29	248089.0
30	293819.0
31	357559.0
32	419665.0
33	461971.5
34	512207.0
35	586200.5
36	651778.0
37	700311.5
38	762115.0
39	884668.0
40	1004118.0
41	1136373.5
42	1250354.5
43	1357254.0
44	1430162.0
45	1442209.0
46	1462914.5
47	1508784.0
48	1582031.0
49	1650580.0
50	1710510.5
51	1771352.5
52	1792240.5
53	1790247.5
54	1808701.5
55	1788066.5
56	1713497.0
57	1579514.5
58	1480959.5
59	1379824.0
60	1282436.0
61	1147465.0
62	1009885.0
63	918580.0
64	777202.0
65	662891.5
66	557092.0
67	478420.5
68	424766.5
69	345904.0
70	267138.5
71	218701.0
72	185048.5
73	142006.5
74	105493.0
75	85152.0
76	71887.0
77	54797.0
78	39777.5
79	30900.5
80	25257.0
81	18271.0
82	12573.0
83	9083.5
84	6563.5
85	4011.5
86	2524.0
87	1809.5
88	1310.5
89	870.5
90	632.5
91	499.0
92	455.5
93	359.5
94	222.0
95	147.0
96	112.0
97	102.5
98	61.5
99	21.5
100	21.0
>>END_MODULE
>>Per base N content	pass
#Base	N-Count
1	0.22191343692712368
2	0.005776928511987214
3	0.0013153086983160455
4	0.07409475761989619
5	0.04711064921435511
6	0.019532623885565592
7	0.009424447567449552
8	0.005742162643309257
9	0.005649453660168037
10-11	0.007897646501342599
12-13	0.007797694628893473
14-15	0.00537132671074438
16-17	0.008042504287500755
18-19	0.006434582861145237
20-21	0.006352616210900137
22-23	0.010571009130647542
24-25	0.012773291346466277
26-27	0.0057395714076222725
28-29	0.004962936010253948
30-31	0.009864069950978011
32-33	0.0065296051936319915
34-35	0.005120539059189972
36-37	0.0031937030182253258
38-39	0.004405055682552391
40-41	0.006092963832551141
42-43	0.0040091335377821415
44-45	0.003987453202846674
46-47	0.0028784834210886395
48-49	0.002493912413854465
50-51	0.0036808260797393283
52-53	0.0038149001656290287
54-55	0.0031992165949505285
56-57	0.0057268543999871345
58-59	0.00411973652786284
60-61	0.0023424937788544616
62-63	0.002902005764984048
64-65	0.0018192420045495226
66-67	0.0021327908121325516
68-69	0.002619805058301795
70-71	0.00123970257151266
72-73	2.6309534925749757E-4
74-75	0.0
76	0.0
>>END_MODULE
>>Sequence Length Distribution	warn
#Length	Count
20-21	13177.0
22-23	13788.0
24-25	14572.0
26-27	15553.0
28-29	16982.0
30-31	17808.0
32-33	18997.0
34-35	20298.0
36-37	21496.0
38-39	23049.0
40-41	25192.0
42-43	26462.0
44-45	27581.0
46-47	30543.0
48-49	31790.0
50-51	34690.0
52-53	37118.0
54-55	40497.0
56-57	43777.0
58-59	49135.0
60-61	54479.0
62-63	61840.0
64-65	73567.0
66-67	91444.0
68-69	117197.0
70-71	207043.0
72-73	1140468.0
74-75	1.0706958E7
76-77	2.1541111E7
>>END_MODULE
>>Sequence Duplication Levels	pass
#Total Deduplicated Percentage	81.20964290540286
#Duplication Level	Percentage of deduplicated	Percentage of total
1	90.30402279234161	73.33557443887423
2	6.951318633467983	11.290282078912158
3	1.4956070260087881	3.643731375269558
4	0.5295601430897648	1.7202156046901538
5	0.23500797831689618	0.9542456999517899
6	0.1317115176999366	0.64177471913643
7	0.07669995549203783	0.4360143197458079
8	0.043781779111125206	0.28444021179021634
9	0.034824907433637906	0.25453064672094994
>10	0.16205814816381642	2.442757849743618
>50	0.01770887265954619	1.0124155602251816
>100	0.01553563507016937	2.5212375604673958
>500	0.001613283395009632	0.8611010572147465
>1k	5.493277498168799E-4	0.6016788772577281
>5k	0.0	0.0
>10k+	0.0	0.0
>>END_MODULE
>>Overrepresented sequences	pass
>>END_MODULE
>>Adapter Content	pass
#Position	Illumina Universal Adapter	Illumina Small RNA 3' Adapter	Illumina Small RNA 5' Adapter	Nextera Transposase Sequence	SOLID Small RNA Adapter
1	0.0	8.691467169489288E-6	0.0	0.0	0.0
2	0.0	4.0560180124283346E-5	0.0	5.214880301693573E-5	2.897155723163096E-6
3	0.0	4.635449157060954E-5	0.0	5.5045958740098825E-5	8.691467169489288E-6
4	0.0	4.635449157060954E-5	0.0	6.084027018642502E-5	8.691467169489288E-6
5	0.0	4.635449157060954E-5	0.0	6.663458163275121E-5	8.691467169489288E-6
6	0.0	4.925164729377263E-5	0.0	6.663458163275121E-5	1.1588622892652385E-5
7	0.0	8.112036024856669E-5	0.0	7.24288930790774E-5	1.1588622892652385E-5
8	0.0	8.401751597172978E-5	0.0	8.112036024856669E-5	1.1588622892652385E-5
9	0.0	8.691467169489288E-5	0.0	9.270898314121908E-5	1.1588622892652385E-5
10	0.0	9.270898314121908E-5	0.0	9.560613886438217E-5	1.1588622892652385E-5
11	0.0	9.560613886438217E-5	0.0	9.560613886438217E-5	1.1588622892652385E-5
12	0.0	9.560613886438217E-5	0.0	9.560613886438217E-5	1.1588622892652385E-5
13	0.0	1.0140045031070836E-4	0.0	9.850329458754526E-5	1.1588622892652385E-5
14	0.0	1.0429760603387146E-4	0.0	9.850329458754526E-5	1.1588622892652385E-5
15	0.0	1.1588622892652384E-4	0.0	1.3616631898866552E-4	1.1588622892652385E-5
16	0.0	1.2457769609601314E-4	0.0	1.3616631898866552E-4	1.448577861581548E-5
17	0.0	1.2457769609601314E-4	0.0	1.477549418813179E-4	1.448577861581548E-5
18	0.0	1.2457769609601314E-4	0.0	1.50652097604481E-4	1.448577861581548E-5
19	0.0	1.2457769609601314E-4	0.0	1.6224072049713338E-4	1.448577861581548E-5
20	0.0	1.3037200754233933E-4	0.0	1.7672649911294885E-4	1.448577861581548E-5
21	0.0	1.419606304349917E-4	0.0	1.8252081055927506E-4	1.7382934338978576E-5
22	0.0	1.477549418813179E-4	0.0	1.8541796628243816E-4	2.0280090062141673E-5
23	0.0	1.535492533276441E-4	0.0	1.8541796628243816E-4	2.0280090062141673E-5
24	0.0	1.535492533276441E-4	0.0	1.9121227772876434E-4	2.0280090062141673E-5
25	0.0	1.564464090508072E-4	0.0	1.9410943345192743E-4	2.0280090062141673E-5
26	0.0	1.6803503194345957E-4	0.0	1.9990374489825362E-4	2.317724578530477E-5
27	0.0	1.7093218766662266E-4	0.0	1.9990374489825362E-4	2.317724578530477E-5
28	0.0	1.7382934338978576E-4	0.0	2.0569805634457983E-4	2.317724578530477E-5
29	0.0	1.7382934338978576E-4	0.0	2.1149236779090602E-4	2.317724578530477E-5
30	0.0	1.7672649911294885E-4	0.0	2.1149236779090602E-4	2.317724578530477E-5
31	0.0	1.8541796628243816E-4	0.0	2.1149236779090602E-4	2.897155723163096E-5
32	0.0	1.9121227772876434E-4	0.0	2.1149236779090602E-4	2.897155723163096E-5
33	0.0	1.9121227772876434E-4	0.0	2.1149236779090602E-4	2.897155723163096E-5
34	0.0	1.9410943345192743E-4	0.0	2.1438952351406911E-4	2.897155723163096E-5
35	0.0	1.9990374489825362E-4	0.0	2.1438952351406911E-4	2.897155723163096E-5
36	0.0	2.0859521206774293E-4	0.0	2.1438952351406911E-4	3.186871295479406E-5
37	0.0	2.172866792372322E-4	0.0	2.1438952351406911E-4	3.476586867795715E-5
38	0.0	2.201838349603953E-4	0.0	2.172866792372322E-4	3.476586867795715E-5
39	0.0	2.259781464067215E-4	0.0	2.201838349603953E-4	3.766302440112025E-5
40	0.0	2.2887530212988458E-4	0.0	2.201838349603953E-4	4.0560180124283346E-5
41	0.0	2.346696135762108E-4	0.0	2.230809906835584E-4	5.214880301693573E-5
42	0.0	2.375667692993739E-4	0.0	2.491553921920263E-4	5.5045958740098825E-5
43	0.0	2.4046392502253698E-4	0.0	2.5205254791518935E-4	5.5045958740098825E-5
44	0.0	2.4625823646886317E-4	0.0	2.5205254791518935E-4	5.5045958740098825E-5
45	0.0	2.5784685936151554E-4	0.0	2.549497036383525E-4	5.5045958740098825E-5
46	0.0	2.636411708078417E-4	0.0	2.5784685936151554E-4	6.084027018642502E-5
47	0.0	2.636411708078417E-4	0.0	2.6074401508467866E-4	6.084027018642502E-5
48	0.0	2.781269494236572E-4	0.0	2.6653832653100485E-4	6.084027018642502E-5
49	0.0	2.897155723163096E-4	0.0	2.6653832653100485E-4	6.084027018642502E-5
50	0.0	2.984070394857989E-4	0.0	2.694354822541679E-4	6.663458163275121E-5
51	0.0	2.984070394857989E-4	0.0	2.7233263797733103E-4	6.663458163275121E-5
52	0.0	3.3027575244059295E-4	0.0	2.781269494236572E-4	6.95317373559143E-5
53	0.0	3.3896721961008226E-4	0.0	2.868184165931465E-4	6.95317373559143E-5
54	0.0	3.3896721961008226E-4	0.0	2.868184165931465E-4	6.95317373559143E-5
55	0.0	3.4476153105640844E-4	0.0	2.926127280394727E-4	6.95317373559143E-5
56	0.0	3.5055584250273463E-4	0.0	3.01304195208962E-4	7.82232045254036E-5
57	0.0	3.5924730967222394E-4	0.0	3.186871295479406E-4	7.82232045254036E-5
58	0.0	3.679387768417132E-4	0.0	3.2448144099426676E-4	8.112036024856669E-5
59	0.0	3.679387768417132E-4	0.0	3.2737859671742983E-4	8.112036024856669E-5
60	0.0	3.679387768417132E-4	0.0	3.5055584250273463E-4	8.401751597172978E-5
61	0.0	3.679387768417132E-4	0.0	3.563501539490608E-4	8.691467169489288E-5
62	0.0	3.737330882880394E-4	0.0	3.650416211185501E-4	8.691467169489288E-5
63	0.0	3.91116022627018E-4	0.0	3.737330882880394E-4	8.981182741805598E-5
64	0.0	3.9401317835018106E-4	0.0	3.7952739973436556E-4	8.981182741805598E-5
65	0.0	3.969103340733442E-4	0.0	3.824245554575287E-4	9.270898314121908E-5
>>END_MODULE
