##FastQC	0.11.7
>>Basic Statistics	pass
#Measure	Value
Filename	SRR1071717_2_val_2.fq.gz
File type	Conventional base calls
Encoding	Sanger / Illumina 1.9
Total Sequences	21220768
Sequences flagged as poor quality	0
Sequence length	20-76
%GC	49
>>END_MODULE
>>Per base sequence quality	pass
#Base	Mean	Median	Lower Quartile	Upper Quartile	10th Percentile	90th Percentile
1	31.771196829445568	33.0	31.0	34.0	30.0	34.0
2	31.897172477452276	34.0	31.0	34.0	30.0	34.0
3	32.003783086455684	34.0	31.0	34.0	30.0	34.0
4	35.456476881515314	37.0	35.0	37.0	33.0	37.0
5	35.48995493471301	37.0	35.0	37.0	33.0	37.0
6	35.482232971021595	37.0	35.0	37.0	32.0	37.0
7	35.448465531501974	37.0	35.0	37.0	32.0	37.0
8	35.49854444476279	37.0	35.0	37.0	33.0	37.0
9	37.134065176151964	39.0	37.0	39.0	33.0	39.0
10-11	37.1692610276876	39.0	37.0	39.0	33.0	39.0
12-13	37.134925936705024	39.0	37.0	39.0	33.0	39.0
14-15	38.503910320305096	40.0	38.0	41.0	33.0	41.0
16-17	38.47934318399786	40.0	38.0	41.0	33.0	41.0
18-19	38.47871285808317	40.0	38.0	41.0	33.0	41.0
20-21	38.479196907256394	40.0	38.0	41.0	33.0	41.0
22-23	38.44868319815622	40.0	38.0	41.0	33.0	41.0
24-25	38.42499382280859	40.0	38.0	41.0	33.0	41.0
26-27	38.364070961022094	40.0	38.0	41.0	33.0	41.0
28-29	38.30826523693773	40.0	38.0	41.0	33.0	41.0
30-31	38.24243244566952	40.0	38.0	41.0	33.0	41.0
32-33	38.19815820528786	40.0	38.0	41.0	33.0	41.0
34-35	38.140767212843016	40.0	38.0	41.0	33.0	41.0
36-37	38.07121739008025	40.0	38.0	41.0	32.0	41.0
38-39	38.00052950102448	40.0	37.0	41.0	32.0	41.0
40-41	37.93739893572361	40.0	37.0	41.0	32.0	41.0
42-43	37.85289275302227	40.0	37.0	41.0	32.0	41.0
44-45	37.72725749983242	40.0	37.0	41.0	32.0	41.0
46-47	37.59986299767985	40.0	36.0	41.0	31.5	41.0
48-49	37.4969161000778	40.0	36.0	41.0	31.0	41.0
50-51	37.37026630566633	39.5	35.5	41.0	31.0	41.0
52-53	37.25409064264333	39.0	35.0	41.0	31.0	41.0
54-55	37.104521420048684	39.0	35.0	41.0	31.0	41.0
56-57	36.92998350352731	39.0	35.0	41.0	31.0	41.0
58-59	36.742510328292695	38.5	35.0	41.0	31.0	41.0
60-61	36.57107018622041	38.0	35.0	40.5	31.0	41.0
62-63	36.39342415975167	37.5	35.0	40.0	31.0	41.0
64-65	36.20983531618065	37.0	35.0	40.0	30.5	41.0
66-67	35.986109925516686	36.5	34.5	40.0	30.0	41.0
68-69	35.747134194132066	36.0	34.0	39.0	30.0	41.0
70-71	35.54150161383703	36.0	34.0	39.0	30.0	41.0
72-73	35.363941365348964	35.0	34.0	39.0	30.0	40.5
74-75	35.238588146129146	35.0	34.0	37.5	31.0	40.0
76	34.6752817434462	35.0	33.0	37.0	30.0	39.0
>>END_MODULE
>>Per sequence quality scores	pass
#Quality	Count
16	2.0
17	5.0
18	18.0
19	1174.0
20	15749.0
21	38921.0
22	67710.0
23	99328.0
24	132674.0
25	169562.0
26	205348.0
27	241410.0
28	279393.0
29	322657.0
30	374436.0
31	439790.0
32	528129.0
33	649246.0
34	834107.0
35	1131365.0
36	1656045.0
37	2597866.0
38	4005612.0
39	5773183.0
40	1657038.0
>>END_MODULE
>>Per base sequence content	fail
#Base	G	A	T	C
1	26.204668200826024	13.027102827138862	16.719911769883076	44.048317202152035
2	23.25426449346982	20.507485530372605	34.13846311302779	22.099786863129793
3	27.62920712527538	22.759932354395797	24.32301949853003	25.287841021798798
4	27.131786088524418	29.80689107807119	19.05854674592275	24.00277608748164
5	28.023365132333556	31.338664773881757	20.68376823479861	19.954201858986078
6	22.131164500144433	33.28733107519776	21.234554064726506	23.346950359931302
7	19.90166932453058	16.42731910545533	39.68242583056343	23.988585739450667
8	21.173557544382316	21.037849186765417	27.101963268308904	30.686630000543364
9	21.51090456527897	20.789481732668325	29.566474768862367	28.133138933190338
10-11	25.742828404800623	29.55985331742651	20.436701858847616	24.26061641892525
12-13	23.391098248108346	23.587929522829775	27.386627509017934	25.634344720043938
14-15	23.776729662742007	24.952567388332906	26.451549132296943	24.819153816628145
16-17	24.672243489567503	25.06326717129605	25.40375440038009	24.86073493875636
18-19	24.506005062743306	25.567989385363997	25.08391527423633	24.842090277656368
20-21	24.409993411718393	25.45764943422696	25.417550846611626	24.714806307443023
22-23	24.491718200825467	25.552468423645447	25.48102734674326	24.474786028785825
24-25	24.418728940857072	25.614562965066895	25.408763606175093	24.557944487900944
26-27	24.329495230061372	25.68335032487688	25.436684480634476	24.550469964427275
28-29	24.49691681871294	25.44277438939226	25.409431001242787	24.65087779065201
30-31	24.234641003874902	25.63266381645388	25.431217007203642	24.701478172467574
32-33	24.246481876737015	25.67028845066496	25.482101246370686	24.60112842622734
34-35	24.597437250220864	25.562967830348654	25.239596410135483	24.599998509294995
36-37	24.424024944237708	25.51500495347913	25.323354750871374	24.73761535141179
38-39	24.374995983272324	25.626570242986435	25.422294350088702	24.576139423652542
40-41	24.420121107424812	25.563775449876076	25.442860169766284	24.573243272932828
42-43	24.191632228444895	25.517588135040874	25.65101037673893	24.639769259775303
44-45	24.299809817225672	25.54636795533988	25.57487946531925	24.578942762115197
46-47	24.464110990679018	25.54450605992406	25.38794939500445	24.603433554392474
48-49	24.33646410984624	25.52035297636724	25.52469370774254	24.61848920604398
50-51	24.249898614630084	25.616711484396802	25.5361853514607	24.597204549512412
52-53	24.375218766000653	25.601614939054084	25.426686511093305	24.59647978385196
54-55	24.30307946978587	25.53759845405593	25.52297186408472	24.636350212073474
56-57	24.299083843504537	25.562207854986152	25.57400874631791	24.5646995551914
58-59	24.418916140102905	25.472742055658642	25.46530093097817	24.64304087326029
60-61	24.195989011767466	25.659547367119835	25.608798629095155	24.535664992017548
62-63	24.141852065079764	25.68500361592217	25.72589210244511	24.447252216552965
64-65	24.301944391402884	25.576084239282537	25.63450086147799	24.48747050783659
66-67	24.25503453842524	25.565573798913967	25.596429661654536	24.582962001006265
68-69	24.196280447301024	25.667809350903546	25.612958530927028	24.522951670868395
70-71	24.30064498721717	25.543441844577146	25.644467771715206	24.511445396490476
72-73	24.158220662710818	25.464260927119703	25.80741653545563	24.570101874713853
74-75	24.339592817220687	22.137056804561567	27.417300988725447	26.1060493894923
76	25.363631848463413	0.0	37.575142497907365	37.06122565362922
>>END_MODULE
>>Per sequence GC content	pass
#GC Content	Count
0	981.0
1	779.5
2	624.0
3	676.5
4	701.5
5	817.0
6	1012.0
7	1231.0
8	1458.0
9	1680.0
10	2027.0
11	2571.5
12	3051.5
13	3576.5
14	4484.5
15	5846.5
16	7735.5
17	9862.0
18	13725.0
19	20735.5
20	29141.0
21	36290.0
22	48571.5
23	70237.0
24	93327.0
25	111737.5
26	141647.5
27	188577.5
28	232198.0
29	262442.5
30	303953.5
31	361187.5
32	410369.5
33	442636.0
34	482249.0
35	537860.0
36	586380.5
37	617990.0
38	647259.0
39	688659.0
40	725097.0
41	753180.5
42	770342.0
43	780965.0
44	794591.0
45	795695.5
46	788615.0
47	801670.5
48	820570.5
49	831258.5
50	837740.0
51	847527.5
52	858154.5
53	857028.0
54	850488.5
55	837097.0
56	820563.0
57	802094.5
58	787039.0
59	767969.0
60	739067.5
61	695506.0
62	657365.5
63	610324.0
64	541336.0
65	483022.0
66	424831.0
67	382876.0
68	341692.0
69	287049.5
70	232069.5
71	193398.0
72	166394.5
73	135117.5
74	108380.0
75	90958.0
76	78904.5
77	65759.5
78	53158.5
79	43439.5
80	37191.0
81	30488.0
82	24686.0
83	20183.5
84	15663.5
85	10429.0
86	6891.0
87	5160.0
88	3888.0
89	2615.0
90	1849.0
91	1367.0
92	1082.0
93	750.0
94	414.0
95	259.5
96	212.5
97	203.0
98	125.0
99	90.5
100	134.0
>>END_MODULE
>>Per base N content	pass
#Base	N-Count
1	0.06360278760881792
2	0.04041795282809746
3	0.03982419486420096
4	0.0385471440053442
5	0.04236415948753598
6	0.01399101106991038
7	0.006347555375941154
8	0.004707652428036535
9	0.0029169538067613764
10-11	0.0024692791514425868
12-13	0.002653061378362932
14-15	0.0031242978576458687
16-17	0.002082865238430579
18-19	0.0012110777517571466
20-21	7.588390968419614E-4
22-23	5.471851815460194E-4
24-25	5.382197898884365E-4
26-27	4.134944944271339E-4
28-29	3.4769532636457287E-4
30-31	2.3442440449926262E-4
32-33	7.681148143886111E-4
34-35	3.774222945058447E-4
36-37	8.55686641467012E-5
38-39	1.332956741316846E-4
40-41	3.099098538984824E-4
42-43	4.5367702121589545E-4
44-45	2.367980540270786E-4
46-47	5.439543511591488E-4
48-49	2.448857942687073E-4
50-51	2.4296826389432662E-4
52-53	2.314213494294596E-4
54-55	4.300498543749721E-4
56-57	1.816263579657906E-4
58-59	1.7722712527673225E-4
60-61	1.5823201189885255E-4
62-63	8.301232386310838E-5
64-65	2.3026585491257135E-4
66-67	1.3033861430969447E-4
68-69	3.5331709655968475E-4
70-71	4.225152616861943E-5
72-73	3.0153820670001815E-5
74-75	0.0
76	0.0
>>END_MODULE
>>Sequence Length Distribution	warn
#Length	Count
20-21	16952.0
22-23	18083.0
24-25	19449.0
26-27	21476.0
28-29	23196.0
30-31	24572.0
32-33	26282.0
34-35	27810.0
36-37	29257.0
38-39	31609.0
40-41	33356.0
42-43	35450.0
44-45	37842.0
46-47	39323.0
48-49	41002.0
50-51	42561.0
52-53	45543.0
54-55	47669.0
56-57	51049.0
58-59	54437.0
60-61	59291.0
62-63	65321.0
64-65	75822.0
66-67	90661.0
68-69	110878.0
70-71	165586.0
72-73	691066.0
74-75	6389246.0
76-77	1.2905979E7
>>END_MODULE
>>Sequence Duplication Levels	pass
#Total Deduplicated Percentage	82.24276408846879
#Duplication Level	Percentage of deduplicated	Percentage of total
1	89.66201555685755	73.74051993139254
2	7.235210629688176	11.900874418956528
3	1.6861101726145504	4.160110834605176
4	0.6106394893192275	2.0088271785273717
5	0.2702987922860158	1.1115059903688411
6	0.14900149532938084	0.7352576897522012
7	0.08941883941050333	0.5147836760291891
8	0.05925264331407355	0.38984809325580316
9	0.04001715060681675	0.296200896916424
>10	0.1736490892819696	2.5414819034782656
>50	0.014506426957079745	0.8269094665866634
>100	0.009323901869161662	1.4303003149715225
>500	5.002347404060893E-4	0.2869294132970809
>1k	5.557772517581127E-5	0.05645019186243736
>5k	0.0	0.0
>10k+	0.0	0.0
>>END_MODULE
>>Overrepresented sequences	pass
>>END_MODULE
>>Adapter Content	pass
#Position	Illumina Universal Adapter	Illumina Small RNA 3' Adapter	Illumina Small RNA 5' Adapter	Nextera Transposase Sequence	SOLID Small RNA Adapter
1	0.0	0.0	0.0	0.0	0.0
2	0.0	0.0	0.0	4.712364792829364E-6	0.0
3	0.0	0.0	0.0	4.712364792829364E-6	0.0
4	0.0	0.0	0.0	1.4137094378488093E-5	0.0
5	0.0	0.0	0.0	1.4137094378488093E-5	0.0
6	0.0	0.0	0.0	1.4137094378488093E-5	0.0
7	0.0	0.0	0.0	1.4137094378488093E-5	0.0
8	0.0	0.0	0.0	1.8849459171317456E-5	0.0
9	0.0	0.0	0.0	1.8849459171317456E-5	0.0
10	0.0	0.0	0.0	1.8849459171317456E-5	0.0
11	0.0	4.712364792829364E-6	0.0	1.8849459171317456E-5	0.0
12	0.0	9.424729585658728E-6	0.0	1.8849459171317456E-5	0.0
13	0.0	2.8274188756976186E-5	0.0	2.356182396414682E-5	0.0
14	0.0	2.8274188756976186E-5	0.0	2.356182396414682E-5	0.0
15	0.0	3.769891834263491E-5	0.0	2.356182396414682E-5	0.0
16	0.0	3.769891834263491E-5	0.0	2.356182396414682E-5	0.0
17	0.0	3.769891834263491E-5	0.0	2.356182396414682E-5	0.0
18	0.0	4.241128313546428E-5	0.0	3.298655354980555E-5	0.0
19	0.0	4.241128313546428E-5	0.0	3.298655354980555E-5	0.0
20	0.0	5.1836012721123007E-5	0.0	3.769891834263491E-5	0.0
21	0.0	5.654837751395237E-5	0.0	3.769891834263491E-5	0.0
22	0.0	6.59731070996111E-5	0.0	4.241128313546428E-5	0.0
23	0.0	7.068547189244047E-5	0.0	4.241128313546428E-5	0.0
24	0.0	7.539783668526982E-5	0.0	4.712364792829364E-5	4.712364792829364E-6
25	0.0	7.539783668526982E-5	0.0	4.712364792829364E-5	4.712364792829364E-6
26	0.0	7.539783668526982E-5	0.0	4.712364792829364E-5	4.712364792829364E-6
27	0.0	8.482256627092855E-5	0.0	5.654837751395237E-5	4.712364792829364E-6
28	0.0	8.953493106375793E-5	0.0	6.59731070996111E-5	4.712364792829364E-6
29	0.0	9.424729585658728E-5	0.0	6.59731070996111E-5	4.712364792829364E-6
30	0.0	9.424729585658728E-5	0.0	7.068547189244047E-5	4.712364792829364E-6
31	0.0	1.0367202544224601E-4	0.0	7.539783668526982E-5	4.712364792829364E-6
32	0.0	1.2252148461356347E-4	0.0	8.01102014780992E-5	4.712364792829364E-6
33	0.0	1.2723384940639283E-4	0.0	8.01102014780992E-5	4.712364792829364E-6
34	0.0	1.2723384940639283E-4	0.0	8.01102014780992E-5	4.712364792829364E-6
35	0.0	1.460833085777103E-4	0.0	8.01102014780992E-5	4.712364792829364E-6
36	0.0	1.5079567337053965E-4	0.0	8.953493106375793E-5	4.712364792829364E-6
37	0.0	1.55508038163369E-4	0.0	9.424729585658728E-5	4.712364792829364E-6
38	0.0	1.55508038163369E-4	0.0	9.424729585658728E-5	4.712364792829364E-6
39	0.0	1.55508038163369E-4	0.0	9.424729585658728E-5	4.712364792829364E-6
40	0.0	1.55508038163369E-4	0.0	9.895966064941664E-5	4.712364792829364E-6
41	0.0	1.55508038163369E-4	0.0	9.895966064941664E-5	4.712364792829364E-6
42	0.0	1.55508038163369E-4	0.0	9.895966064941664E-5	4.712364792829364E-6
43	0.0	1.696451325418571E-4	0.0	9.895966064941664E-5	4.712364792829364E-6
44	0.0	1.696451325418571E-4	0.0	9.895966064941664E-5	4.712364792829364E-6
45	0.0	1.696451325418571E-4	0.0	1.0367202544224601E-4	4.712364792829364E-6
46	0.0	1.696451325418571E-4	0.0	1.1309675502790474E-4	4.712364792829364E-6
47	0.0	1.7435749733468647E-4	0.0	1.1309675502790474E-4	4.712364792829364E-6
48	0.0	1.7906986212751585E-4	0.0	1.1309675502790474E-4	4.712364792829364E-6
49	0.0	1.7906986212751585E-4	0.0	1.178091198207341E-4	4.712364792829364E-6
50	0.0	1.837822269203452E-4	0.0	1.178091198207341E-4	4.712364792829364E-6
51	0.0	2.0263168609166267E-4	0.0	1.178091198207341E-4	4.712364792829364E-6
52	0.0	2.0734405088449203E-4	0.0	1.178091198207341E-4	4.712364792829364E-6
53	0.0	2.0734405088449203E-4	0.0	1.178091198207341E-4	4.712364792829364E-6
54	0.0	2.0734405088449203E-4	0.0	1.178091198207341E-4	4.712364792829364E-6
55	0.0	2.1205641567732138E-4	0.0	1.178091198207341E-4	4.712364792829364E-6
56	0.0	2.1205641567732138E-4	4.712364792829364E-6	1.178091198207341E-4	4.712364792829364E-6
57	0.0	2.1205641567732138E-4	4.712364792829364E-6	1.2252148461356347E-4	4.712364792829364E-6
58	0.0	2.1676878047015074E-4	4.712364792829364E-6	1.2252148461356347E-4	4.712364792829364E-6
59	0.0	2.1676878047015074E-4	4.712364792829364E-6	1.2723384940639283E-4	4.712364792829364E-6
60	0.0	2.2148114526298013E-4	4.712364792829364E-6	1.2723384940639283E-4	4.712364792829364E-6
61	0.0	2.2619351005580949E-4	4.712364792829364E-6	1.4137094378488093E-4	4.712364792829364E-6
62	0.0	2.4504296922712695E-4	4.712364792829364E-6	1.4137094378488093E-4	4.712364792829364E-6
63	0.0	2.733171579841031E-4	4.712364792829364E-6	1.460833085777103E-4	4.712364792829364E-6
64	0.0	2.780295227769325E-4	4.712364792829364E-6	1.460833085777103E-4	4.712364792829364E-6
65	0.0	2.8274188756976186E-4	9.424729585658728E-6	1.5079567337053965E-4	9.424729585658728E-6
>>END_MODULE
